#####################################################################
# Alchemist log file - simulation started at: 2020-03-21T17:46+0000 #
#####################################################################
# seed = 17.0, diameter = 50
#
# The columns have the following meaning: 
# time error-central[Sum] error-extreme[Sum] error-random[Sum] error-pageRank[Sum] error-harmonic[Sum] error-closeness[Sum] error-degree[Sum] 
0.0 NaN NaN NaN NaN NaN NaN NaN 
1.0003034458253823 0.9579382339955265 0.9579382339955265 0.0 0.7537782198960101 0.7537782198960101 0.9579382339955265 0.7537782198960101 
2.0003034458253826 20.192120244649455 22.206505737146575 15.076479542125739 26.03743829352337 51.40398752617377 15.097968692141935 30.99243375914365 
3.0003034458253826 12.586683763388947 12.865269726961074 10.30420220574189 14.008364371709796 71.20153389712719 7.711344553289614 17.801798402043644 
4.0003034458253826 7.865840116184044 7.044823571590642 7.320375756504323 4.367716130468008 60.38178198126971 6.2536764027843805 5.085069278016742 
5.0003034458253826 2.901675665097899 3.004735902556156 5.8939696124378615 3.1921792064865264 45.510879402197006 4.234360433928789 7.650818881006854 
6.0003034458253826 7.199988380944184 3.7823022599468707 4.377574664725472 6.925522115831011 31.288917934732186 4.234360433928789 5.532222657448703 
7.0003034458253826 1.7419417269156527 4.018236122740159 8.083914684610527 4.057890960917377 28.68776221497188 5.055664474553139 6.231937953576143 
8.000303445825383 2.1099910479367487 4.2193180234089205 5.3708168111735715 4.594997265742714 18.866134933406585 9.2943433282517 1.8285449345133884 
9.000303445825383 2.109991047936748 4.546139180998747 16.13336464948833 4.308606913355939 21.885239519991046 9.406689561378661 1.707369407904844 
10.000303445825383 2.109991047936748 4.7444473096780735 5.9370172310838205 2.1353916977027056 24.08742314812242 5.718456235859856 2.1353916977027056 
11.000303445825383 10.126886856944438 12.103352257281086 5.97667180844764 9.308594636041246 25.372075058018993 13.349485306625866 8.958340917881937 
12.000303445825383 11.239782808661342 6.255087893519924 11.006078363295703 2.6904739821694044 16.88425435677503 3.3525871504947693 2.6904739821694044 
13.000303445825383 3.5449730487946933 12.094855507274044 11.72484151614218 2.6904739821694044 6.587628172963344 3.4421317460827456 2.6904739821694044 
14.000303445825383 3.5449730487946933 6.630424938493386 3.189201833386665 2.6904739821694044 2.61376852855793 3.4421317460827456 2.6904739821694044 
15.000303445825383 12.794311276928404 2.804057980383371 3.4442915080081775 2.6904739821694044 6.673541481504982 3.4421317460827456 2.6904739821694044 
16.00030344582538 15.242565867052186 4.379973053616325 4.013569437187616 2.6904739821694044 3.673541481504982 3.4421317460827456 2.6904739821694044 
17.00030344582538 3.7754533221908595 4.379973053616325 4.013569437187616 2.6904739821694026 3.673541481504982 3.7461687714107335 2.6904739821694026 
18.00030344582538 17.325806071509405 4.379973053616325 4.013569437187616 3.3120567688119014 3.673541481504982 3.7461687714107335 3.3120567688119014 
19.00030344582538 3.563651931108998 4.379973053616325 4.356294561170783 18.35067765724297 6.557884891458706 4.040820476013575 18.35067765724297 
20.00030344582538 3.845298430512477 4.562398153077574 4.356294561170783 18.80359617081855 3.349672359057326 4.040820476013575 3.9122737010629756 
21.00030344582538 3.8452984305124787 4.562398153077574 4.390805269340552 3.9122737010629756 3.418891798127234 4.040820476013575 3.9122737010629756 
22.00030344582538 3.8452984305124787 4.562398153077574 4.447363371871983 3.9122737010629756 13.668162602434272 4.040820476013575 3.9122737010629756 
23.00030344582538 3.8452984305124787 4.562398153077574 4.447363371871983 4.218096263725208 3.5476196506255846 4.040820476013575 3.9122737010629756 
24.00030344582538 23.34703894103922 4.562398153077574 4.507827419412685 4.218096263725208 9.133447214390348 4.040820476013575 4.218096263725208 
25.00030344582538 5.435985650371684 4.562398153077574 4.507827419412685 4.218096263725208 20.873933678966 4.040820476013575 4.218096263725208 
26.00030344582538 5.435985650371684 4.562398153077574 4.507827419412685 4.218096263725208 4.545875200767668 4.040820476013575 4.218096263725208 
27.00030344582538 5.435985650371684 4.562398153077574 4.507827419412685 4.218096263725208 4.545875200767668 4.040820476013575 4.218096263725208 
28.00030344582538 5.435985650371684 4.562398153077574 4.811864444740671 4.218096263725208 4.545875200767668 4.040820476013575 4.218096263725208 
29.00030344582538 27.69597680908873 4.562398153077574 4.811864444740671 4.218096263725208 3.7629925524862458 4.040820476013575 4.218096263725208 
30.00030344582538 29.317830031645034 6.181765580115723 4.811864444740671 4.218096263725208 3.6735414815049836 4.100712293732215 4.218096263725208 
31.00030344582538 5.121566268277672 6.181765580115723 4.811864444740671 30.021597882303382 3.724050907079249 4.588583339899255 30.021597882303382 
32.00030344582538 5.121566268277672 5.4886234200341875 4.811864444740671 31.242985018085736 3.8853428725868433 4.588583339899255 4.318807263472266 
33.00030344582538 5.651308153237963 5.4886234200341875 4.811864444740671 4.318807263472266 3.792413524743008 4.588583339899259 32.21809626372521 
34.00030344582538 5.651308153237963 5.4886234200341875 4.811864444740671 4.218096263725208 3.792413524743008 32.943872256609495 4.218096263725208 
35.00030344582538 5.651308153237963 5.4886234200341875 4.811864444740671 4.218096263725208 31.953786377296122 6.836616124231615 4.218096263725208 
36.00030344582538 35.19739235322539 5.4886234200341875 4.811864444740671 4.218096263725208 5.2314558186736555 6.836616124231615 4.218096263725208 
37.00030344582538 5.9783861531286675 5.4886234200341875 4.811864444740671 4.218096263725208 23.656734253557012 6.836616124231615 4.218096263725208 
38.00030344582538 5.9783861531286675 5.4886234200341875 4.811864444740671 4.218096263725208 5.231455818673652 6.836616124231615 4.218096263725208 
39.00030344582538 5.9783861531286675 5.4886234200341875 4.811864444740671 4.218096263725208 5.231455818673652 7.288885121929145 4.218096263725208 
40.00030344582538 5.9783861531286675 5.4886234200341875 4.811864444740671 4.218096263725208 5.231455818673652 7.288885121929145 4.218096263725208 
41.00030344582538 37.802365133372135 5.4886234200341875 4.902814909989992 4.856900492381243 5.231455818673652 7.288885121929141 4.856900492381243 
42.00030344582538 5.9783861531286675 5.4886234200341875 40.93694392878855 4.856900492381243 23.06848556657664 7.288885121929141 4.856900492381243 
43.00030344582538 5.9783861531286675 5.4886234200341875 4.902814909989992 4.856900492381243 5.656734253557012 7.288885121929141 4.856900492381243 
44.00030344582538 5.9783861531286675 5.4886234200341875 4.902814909989992 4.856900492381243 5.761197703633947 7.288885121929141 4.856900492381243 
45.00030344582538 5.9783861531286675 5.4886234200341875 4.902814909989992 4.856900492381243 5.761197703633947 8.160485246679272 4.856900492381243 
46.00030344582538 5.9783861531286675 6.129030088891106 4.902814909989992 4.856900492381243 5.761197703633947 7.160485246679272 4.856900492381243 
47.00030344582538 5.9783861531286675 6.129030088891106 4.902814909989992 4.856900492381243 5.761197703633947 6.820258396519549 4.856900492381243 
48.00030344582538 5.9783861531286675 6.129030088891106 4.902814909989992 4.856900492381243 6.088275703524651 46.95549734162575 4.856900492381243 
49.00030344582538 5.9783861531286675 6.129030088891106 4.902814909989992 48.318807263472266 6.088275703524651 7.044828656632994 48.318807263472266 
50.00030344582538 5.9783861531286675 6.129030088891106 4.902814909989992 4.856900492381243 6.088275703524651 7.044828656632994 4.856900492381243 
51.00030344582538 5.9783861531286675 6.129030088891106 4.902814909989992 4.856900492381243 6.088275703524651 7.044828656632994 4.856900492381243 
52.00030344582538 5.9783861531286675 51.527823511700916 4.902814909989992 4.856900492381243 42.362713047663455 7.210994672253534 4.856900492381243 
53.00030344582538 5.9783861531286675 6.129030088891106 5.7573431663642225 4.856900492381243 6.27835452699253 7.210994672253534 4.856900492381243 
54.00030344582538 5.9783861531286675 7.434852651553342 5.7573431663642225 4.856900492381243 6.27835452699253 7.210994672253534 4.856900492381243 
55.00030344582538 5.9783861531286675 7.434852651553342 5.7573431663642225 4.856900492381243 6.088275703524651 7.227661305024903 4.856900492381243 
56.00030344582538 5.9783861531286675 7.434852651553342 5.7573431663642225 6.113778500618139 6.088275703524651 7.227661305024903 6.113778500618139 
57.00030344582538 5.9783861531286675 7.434852651553342 5.7573431663642225 6.113778500618139 6.088275703524651 7.227661305024903 6.113778500618139 
58.00030344582538 5.9783861531286675 7.434852651553342 5.7573431663642225 5.141945512812335 6.088275703524651 7.227661305024903 5.141945512812335 
59.00030344582538 5.9783861531286675 7.434852651553342 5.835887994034664 5.141945512812335 6.088275703524651 7.227661305024903 5.141945512812335 
60.00030344582538 6.38996184824466 7.434852651553342 5.835887994034664 7.783243612171866 6.088275703524651 8.11833675236256 7.783243612171866 
61.00030344582538 6.38996184824466 7.434852651553342 5.835887994034664 7.783243612171866 6.088275703524651 8.11833675236256 7.783243612171866 
62.00030344582538 6.38996184824466 61.858473326287516 5.835887994034664 7.783243612171866 6.088275703524651 8.11833675236256 7.783243612171866 
63.00030344582538 6.590878705825986 7.434852651553342 5.835887994034664 7.783243612171866 6.088275703524651 8.11833675236256 7.783243612171866 
64.00030344582538 6.590878705825986 7.434852651553342 5.835887994034664 7.783243612171866 6.499851398640644 8.11833675236256 7.783243612171866 
65.00030344582538 6.590878705825993 7.434852651553335 5.835887994034657 7.783243612171866 6.499851398640644 8.11833675236256 7.783243612171866 
66.00030344582538 6.590878705825993 65.87192102060051 64.90645460787522 7.783243612171866 6.499851398640644 8.11833675236256 7.783243612171866 
67.00030344582538 6.590878705825993 7.775316026594268 5.835887994034657 7.783243612171866 6.499851398640644 8.11833675236256 7.783243612171866 
68.00030344582538 6.590878705825993 7.775316026594268 5.835887994034657 7.783243612171866 6.70076825622197 8.11833675236256 7.783243612171866 
69.00030344582538 6.590878705825993 7.775316026594268 6.6495858146111 7.783243612171866 6.70076825622197 8.11833675236256 7.783243612171866 
70.00030344582538 6.590878705825993 7.775316026594268 6.6495858146111 7.783243612171866 6.70076825622197 8.11833675236256 7.783243612171866 
71.00030344582538 6.590878705825993 7.775316026594268 6.6495858146111 7.783243612171866 6.70076825622197 8.11833675236256 7.783243612171866 
72.00030344582538 6.590878705825986 7.775316026594268 7.6246970602505755 7.783243612171866 6.700768256221963 8.415440708221965 7.783243612171866 
73.00030344582538 6.590878705825986 7.775316026594268 7.624697060250583 7.783243612171873 6.700768256221963 71.92263938707968 7.783243612171873 
74.00030344582538 7.581706324880429 7.775316026594268 72.79571509440959 7.783243612171873 6.700768256221963 9.794225668795661 7.783243612171873 
75.00030344582538 7.581706324880429 7.775316026594268 7.624697060250583 7.783243612171873 6.700768256221963 9.794225668795661 7.783243612171873 
76.00030344582538 75.2944235489014 8.080785997539778 7.624697060250583 7.783243612171873 6.700768256221963 9.65056254221983 7.783243612171873 
77.00030344582538 7.581706324880429 8.080785997539778 7.624697060250583 7.783243612171873 6.700768256221963 9.65056254221983 7.783243612171873 
78.00030344582538 7.581706324880429 8.080785997539778 7.624697060250583 7.783243612171873 6.700768256221963 9.65056254221983 7.783243612171873 
79.00030344582538 7.581706324880429 8.080785997539778 77.77164421366122 7.783243612171873 6.700768256221963 9.65056254221983 7.783243612171873 
80.00030344582538 7.581706324880429 8.080785997539778 7.624697060250583 7.783243612171873 78.94129228146511 9.65056254221983 7.783243612171873 
81.00030344582538 7.581706324880429 9.609955605390795 7.624697060250583 80.27186703220606 7.6915958752764055 9.248141468808242 80.48819158091047 
82.00030344582538 7.581706324880429 9.609955605390795 7.624697060250583 7.783243612171873 7.6915958752764055 9.248141468808242 7.783243612171873 
83.00030344582538 7.581706324880429 9.609955605390795 7.624697060250583 7.783243612171873 7.6915958752764055 9.248141468808242 7.783243612171873 
84.00030344582538 7.581706324880429 9.609955605390795 7.624697060250583 7.783243612171873 7.6915958752764055 9.65056254221983 7.783243612171873 
85.00030344582538 7.581706324880429 9.609955605390795 7.624697060250583 7.783243612171873 7.6915958752764055 9.65056254221983 7.783243612171873 
86.00030344582538 7.581706324880429 9.609955605390795 7.624697060250583 84.77346969406204 7.6915958752764055 9.248141468808242 84.9650091922876 
87.00030344582538 7.581706324880429 9.609955605390795 7.624697060250583 7.783243612171873 7.6915958752764055 85.9291584612567 7.783243612171873 
88.00030344582538 7.581706324880429 9.609955605390795 7.624697060250583 7.783243612171873 7.6915958752764055 9.248141468808242 7.783243612171873 
89.00030344582538 7.581706324880429 88.72704500820231 7.624697060250583 7.783243612171873 7.6915958752764055 9.47539092228918 7.783243612171873 
90.00030344582538 7.581706324880429 9.609955605390795 7.624697060250583 7.783243612171873 7.6915958752764055 9.575219468698933 7.783243612171873 
91.00030344582538 7.581706324880429 9.609955605390795 7.624697060250583 8.558559638766141 7.6915958752764055 9.575219468698933 8.558559638766141 
92.00030344582538 7.581706324880429 9.609955605390795 7.624697060250583 8.558559638766141 7.6915958752764055 9.575219468698933 8.558559638766141 
93.00030344582538 7.581706324880429 9.609955605390795 7.624697060250583 8.558559638766141 7.6915958752764055 9.575219468698933 8.558559638766141 
94.00030344582538 7.581706324880429 9.609955605390795 7.624697060250583 8.558559638766141 7.6915958752764055 9.575219468698933 8.558559638766141 
95.00030344582538 7.581706324880429 9.609955605390795 7.624697060250583 8.558559638766141 7.6915958752764055 9.575219468698933 8.558559638766141 
#####################################################################
# End of data export. Simulation finished at: 2020-03-21T18:00+0000 #
#####################################################################
