#####################################################################
# Alchemist log file - simulation started at: 2020-03-21T22:26+0000 #
#####################################################################
# seed = 29.0, diameter = 20
#
# The columns have the following meaning: 
# time error-central[Sum] error-extreme[Sum] error-random[Sum] error-pageRank[Sum] error-harmonic[Sum] error-closeness[Sum] error-degree[Sum] 
0.0 NaN NaN NaN NaN NaN NaN NaN 
1.0013959011329117 0.0 0.0 0.0 0.0 0.0 0.0 0.0 
2.001395901132912 12.308540708909058 13.350846399914692 6.852376042231052 5.8738812231682775 20.592554044045563 10.761930468468227 8.660292382811654 
3.001395901132912 4.727177442452889 6.467605023572287 4.837444520701746 5.4419835259996105 28.79830955769595 6.383945697567037 11.335446081094027 
4.001395901132912 4.820066412027055 3.371459498562121 3.5178568046795387 4.1515764790826 12.363721164469895 3.3099175839931925 4.321539005721092 
5.001395901132912 3.1939825611760124 3.5268997753836304 4.57261460680631 2.228951330943059 9.215390406536502 4.367072148724036 3.7849358835004496 
6.001395901132912 2.703250240416839 3.5268997753836304 2.281442996340078 2.1002915069020984 5.78187479733063 1.8935326092254163 2.7894308024418093 
7.001395901132912 2.703250240416839 2.5028205221309783 2.281442996340078 4.597662474447761 2.6706174541033043 2.436103390271545 2.7894308024418093 
8.001395901132913 8.187934860109396 3.1990864488906006 7.6192563565476465 2.412856217325907 2.3179317029278463 2.436103390271545 2.870218482650569 
9.001395901132913 3.1939825611760124 3.1990864488906006 2.508884642124473 2.412856217325907 1.4106444217484153 2.436103390271545 2.870218482650569 
10.001395901132913 3.1939825611760124 3.5055325711039655 2.649696493915492 2.412856217325907 4.172787932150926 2.851838239610754 2.930220975424736 
11.001395901132913 3.1939825611760124 3.5055325711039655 2.7764952439405155 1.7388039427333215 3.232790424925093 10.436103390271544 2.930220975424735 
12.001395901132913 3.5625552041896427 3.5055325711039647 11.155631107295498 10.703247177097113 9.754603306803162 3.104362508346851 2.930220975424735 
13.001395901132913 7.229159913700254 3.5055325711039647 3.762255608437945 2.0293964301074734 3.738569532930212 3.104362508346851 13.224782851387406 
14.001395901132913 3.580041896867394 3.8352441872485166 3.6346987389752563 2.316199686334892 3.738569532930212 3.104362508346851 3.286508340370105 
15.001395901132913 12.077736490063788 3.8352441872485166 3.6346987389752563 2.316199686334892 3.738569532930212 3.6959355722820124 15.296590389683958 
16.001395901132913 5.028431925664348 16.1990864488906 3.6346987389752563 14.960329694945688 3.172787932150925 15.615237937660936 3.286508340370105 
17.001395901132913 17.14961755196098 3.8352441872485183 16.577120099707948 2.551603757892014 3.172787932150925 3.7551817086197374 3.286508340370105 
18.001395901132913 17.999035495556875 4.721191044923774 3.7931380200911313 2.551603757892014 3.3298435958765396 7.249819974170784 3.286508340370105 
19.001395901132913 7.902241197432241 4.721191044923774 4.383374755472921 2.551603757892014 3.613626912221548 3.7551817086197374 3.312102478492527 
20.001395901132913 5.028431925664346 4.721191044923774 4.383374755472921 3.1224433039592974 3.807636268091997 4.468378452392319 3.312102478492527 
21.001395901132913 5.028431925664346 4.721191044923774 4.383374755472921 3.5325311211739603 18.59815095494659 4.468378452392319 3.505466560761821 
22.001395901132913 5.34611759354495 22.02928189024636 4.098245666423704 3.5325311211739603 3.9314811099637232 4.468378452392319 3.505466560761821 
23.001395901132913 5.34611759354495 4.721191044923774 4.098245666423704 20.80106814431811 3.9314811099637232 4.468378452392319 3.505466560761821 
24.001395901132913 24.157265349674148 4.721191044923774 4.179932549520306 3.8051573782488752 3.9314811099637232 4.468378452392319 3.505466560761821 
25.001395901132913 5.34611759354495 4.721191044923774 4.179932549520306 3.8051573782488752 23.222169045843884 4.468378452392319 23.501377326831054 
26.001395901132913 5.34611759354495 4.721191044923774 4.179932549520306 3.964004022843426 23.803946776331415 4.592223294264045 3.8032288080660805 
27.001395901132913 5.34611759354495 4.721191044923774 4.70300947210022 3.964004022843426 4.454296556575148 24.766540441866756 3.8032288080660805 
28.001395901132913 5.34611759354495 5.3741963133684365 4.70300947210022 3.964004022843426 4.454296556575148 27.486993089598503 3.8032288080660805 
29.001395901132913 5.34611759354495 5.3741963133684365 28.532815345722756 3.8051573782488752 4.105798257566438 5.2754141122932054 29.30799938354243 
30.001395901132913 30.071226692421654 5.3741963133684365 4.70300947210022 4.04872481746764 4.105798257566438 5.2754141122932054 4.294089617804872 
31.001395901132913 5.693299097641255 5.3741963133684365 4.70300947210022 4.479575950831183 4.139797047357057 5.751243889283334 4.749033999980586 
32.00139590113291 5.693299097641255 5.3741963133684365 4.70300947210022 31.607690201029484 5.051603449480943 5.751243889283334 4.749033999980586 
33.00139590113291 5.693299097641255 5.3741963133684365 4.70300947210022 4.479575950831183 5.05160344948094 32.206658751245854 5.179885133344129 
34.00139590113291 5.693299097641255 5.3741963133684365 5.475852094380709 4.479575950831183 6.090501704983009 5.751243889283334 5.179885133344129 
35.00139590113291 5.693299097641255 35.27699620542586 5.475852094380709 4.479575950831183 6.090501704983009 5.751243889283334 5.179885133344129 
36.00139590113291 5.693299097641255 6.609066555255978 35.34926162397842 35.53737122312136 6.090501704983009 5.751243889283334 36.55437138299108 
37.00139590113291 5.708610680749317 6.609066555255978 5.475852094380709 5.0875421934602585 6.090501704983009 5.751243889283334 37.17988513334413 
38.00139590113291 5.708610680749317 6.609066555255978 6.1114364081650585 5.0875421934602585 6.090501704983009 5.751243889283334 5.787932255482659 
39.00139590113291 5.708610680749317 6.609066555255978 38.622311837479145 5.0875421934602585 36.862663136818014 5.751243889283337 5.787932255482659 
40.00139590113291 40.110667526189935 6.609066555255978 39.63028601004769 39.83818992599264 6.090501704983012 5.751243889283337 40.222602106879386 
41.00139590113291 5.708610680749317 6.609066555255978 6.111436408165055 6.087623072969713 6.090501704983012 5.751243889283337 5.787932255482659 
42.00139590113291 5.708610680749317 6.609066555255978 41.34985548227396 6.087623072969713 39.48245458284448 19.796384750601877 5.708909650037626 
43.00139590113291 5.708610680749317 6.609066555255978 6.13905941836493 42.448622850584364 40.85694083249143 5.751243889283337 43.44660187442573 
44.00139590113291 5.708610680749317 6.609066555255978 6.111436408165055 5.746292691912785 6.090501704983012 5.751243889283337 5.787851375973204 
45.00139590113291 5.708610680749317 6.609066555255978 6.111436408165055 44.26850873128384 44.45150148259766 5.751243889283337 42.787851375973204 
46.00139590113291 5.708610680749317 6.609066555255978 6.111436408165055 5.746292691912785 6.090501704983012 5.751243889283337 6.2720322972788125 
47.00139590113291 5.708610680749317 6.976396090280559 6.4224193909216964 5.571723114765867 6.090501704983012 5.751243889283337 6.2720322972788125 
48.00139590113291 5.708610680749317 6.976396090280559 6.4224193909216964 5.746292691912785 6.090501704983012 6.52660509525456 6.2720322972788125 
49.00139590113291 5.708610680749317 6.976396090280559 6.4224193909216964 5.746292691912785 6.090501704983012 5.906391232477802 6.2720322972788125 
50.00139590113291 5.708610680749317 6.976396090280559 6.4224193909216964 5.746292691912785 48.48245458284448 5.906391232477802 6.2720322972788125 
51.00139590113291 5.708610680749317 6.976396090280559 6.4224193909216964 6.091101490704865 6.574601746779166 5.906391232477802 6.2720322972788125 
52.00139590113291 5.882273866549639 6.976396090280559 6.4224193909216964 6.091101490704865 6.574601746779166 6.019559009972575 6.2720322972788125 
53.00139590113291 5.882273866549639 6.976396090280559 6.4224193909216964 6.091101490704865 6.574601746779166 52.29834411033927 6.2720322972788125 
54.00139590113291 5.975398964375515 6.976396090280559 6.4224193909216964 6.091101490704865 6.574601746779166 53.56842879354552 6.2720322972788125 
55.00139590113291 5.975398964375515 6.976396090280559 6.4224193909216964 6.219063586434402 6.574601746779166 54.78302873003183 6.2720322972788125 
56.00139590113291 5.975398964375515 6.976396090280559 6.4224193909216964 6.219063586434402 6.574601746779166 6.3904912742739555 6.2720322972788125 
57.00139590113291 5.975398964375515 56.94412933215168 6.4224193909216964 6.253837640444338 6.574601746779166 127.62503406805085 6.2867023039719285 
58.00139590113291 5.975398964375515 7.03522755103409 6.4224193909216964 65.15730380590514 6.574601746779166 32.930874842771665 6.791410673217811 
59.00139590113291 5.975398964375515 7.03522755103409 6.4224193909216964 31.1094628830594 6.574601746779166 28.891629808410997 6.791410673217811 
60.00139590113291 5.975398964375515 7.03522755103409 6.4224193909216964 95.83773592281148 6.589271753472282 6.020910735548142 6.791410673217811 
61.00139590113291 5.975398964375515 7.8996473161168765 6.530479220936549 13.968777565914017 6.589271753472282 2.6164670979860105 6.791410673217811 
62.00139590113291 5.975398964375515 7.8996473161168765 6.530479220936549 5.883117170871827 6.589271753472282 2.6164670979860105 62.406026251325905 
63.00139590113291 6.124561296640167 7.8996473161168765 6.530479220936549 2.531302954409007 6.589271753472282 2.6164670979860105 6.791410673217811 
64.00139590113291 6.124561296640167 7.8996473161168765 6.530479220936549 2.98841741281597 6.589271753472282 2.6164670979860105 6.791410673217811 
65.00139590113291 6.124561296640167 64.98378340411351 6.530479220936549 2.988417412815963 6.589271753472282 2.6164670979860105 6.791410673217811 
66.00139590113291 6.124561296640167 8.321562838616558 6.530479220936542 2.988417412815963 6.589271753472282 12.16170090853106 6.791410673217811 
67.00139590113291 6.3392038918680385 8.321562838616558 6.530479220936542 2.988417412815963 6.589271753472282 2.82237237528021 6.791410673217811 
68.00139590113291 6.605912959661907 8.321562838616558 6.621597318735496 2.988417412815963 7.256716272457638 2.82237237528021 6.791410673217811 
69.00139590113291 6.668136704262324 8.321562838616558 6.621597318735496 2.988417412815963 7.256716272457638 2.82237237528021 6.791410673217811 
70.00139590113291 70.00168579015725 8.321562838616558 6.621597318735496 2.988417412815963 7.256716272457638 14.037700509986323 6.791410673217811 
71.00139590113291 6.668136704262324 8.321562838616558 6.621597318735496 2.988417412815963 7.256716272457638 2.991343989746568 6.791410673217811 
72.00139590113291 6.668136704262324 8.321562838616558 6.621597318735496 2.988417412815963 7.256716272457638 12.453531219460693 6.791410673217811 
73.00139590113291 6.712957694387697 8.321562838616558 6.621597318735496 3.028910906421231 71.43934584940263 3.5840509645099985 6.791410673217811 
74.00139590113291 6.712957694387697 8.321562838616558 6.621597318735496 3.028910906421231 7.256716272457638 19.238856196601567 6.791410673217811 
75.00139590113291 75.08725234969904 8.321562838616558 6.621597318735496 3.3092452447738907 7.256716272457638 18.740005268602843 6.791410673217811 
76.00139590113291 8.609032526735291 9.068569876668164 75.54554926628883 3.3092452447738907 7.256716272457638 4.365143114483672 6.791410673217811 
77.00139590113291 8.609032526735291 9.068569876668164 8.056052953281466 3.3092452447738907 7.256716272457638 4.23885619660156 6.791410673217811 
78.00139590113291 8.609032526735291 9.068569876668164 8.056052953281466 19.954237673722105 7.962469925929156 4.23885619660156 6.791410673217811 
79.00139590113291 8.609032526735291 9.068569876668164 8.056052953281466 4.291030349737881 7.962469925929156 3.906300715586923 6.791410673217811 
80.00139590113291 8.609032526735291 9.068569876668164 8.056052953281466 3.955497779544615 7.962469925929156 23.174755999509024 6.791410673217811 
81.00139590113291 8.609032526735291 9.068569876668164 8.056052953281466 3.955497779544615 7.962469925929156 4.774906379101878 6.791410673217811 
82.00139590113291 8.609032526735291 9.068569876668164 8.056052953281466 25.23759764627887 7.962469925929156 29.22418618990845 6.791410673217811 
83.00139590113291 7.812010502941305 9.068569876668164 7.75831778910154 4.115665480313083 7.962469925929156 26.162107422437884 6.791410673217811 
84.00139590113291 7.812010502941305 9.068569876668164 7.75831778910154 4.955497779544615 7.962469925929156 4.81832980840035 6.791410673217811 
85.00139590113291 7.812010502941305 9.068569876668164 7.75831778910154 4.955497779544615 7.962469925929156 4.774906379101878 6.791410673217811 
86.00139590113291 7.812010502941305 9.068569876668164 7.75831778910154 4.955497779544615 7.962469925929156 4.774906379101878 6.791410673217811 
87.00139590113291 7.812010502941305 9.068569876668164 7.75831778910154 30.14643606484337 7.962469925929156 87.5588884587187 6.791410673217811 
88.00139590113291 7.812010502941305 9.068569876668164 7.75831778910154 4.955497779544615 7.962469925929156 5.080014025434451 6.791410673217811 
89.00139590113291 7.812010502941305 9.068569876668164 7.75831778910154 4.955497779544615 7.962469925929156 5.122087883198191 6.791410673217811 
90.00139590113291 7.812010502941305 9.068569876668164 7.75831778910154 4.955497779544615 7.962469925929156 5.122087883198191 6.791410673217811 
91.00139590113291 7.812010502941305 9.068569876668164 90.25117318822886 4.955497779544615 7.962469925929156 5.137399466306249 6.791410673217811 
92.00139590113291 7.812010502941305 9.068569876668164 7.75831778910154 4.955497779544615 8.066758534480371 5.137399466306249 6.791410673217811 
93.00139590113291 7.812010502941305 9.068569876668164 7.75831778910154 4.955497779544615 8.066758534480371 5.137399466306249 6.968537069346823 
94.00139590113291 7.812010502941305 9.068569876668164 7.75831778910154 4.955497779544615 8.066758534480371 5.122087883198191 7.107089153919773 
95.00139590113291 7.812010502941305 9.068569876668164 7.75831778910154 5.082154178660019 8.066758534480371 6.137399466306249 7.107089153919773 
96.00139590113291 7.812010502941305 9.068569876668164 7.75831778910154 5.082154178660019 8.066758534480371 6.137399466306249 7.107089153919773 
97.00139590113291 7.812010502941305 9.068569876668164 7.75831778910154 5.490185508403286 8.066758534480371 6.137399466306249 7.107089153919773 
98.00139590113291 7.812010502941305 9.068569876668164 7.75831778910154 5.490185508403286 95.95894822657851 41.636656419689444 7.643116042242113 
99.00139590113291 98.86295321101043 9.354006991665017 7.75831778910154 5.490185508403286 8.409658603420127 6.137399466306249 99.24334711744517 
100.00139590113291 7.812010502941305 9.354006991665017 7.871485566596306 5.490185508403286 8.409658603420127 6.137399466306249 7.643116042242113 
101.00139590113291 7.812010502941305 9.354006991665017 7.871485566596306 5.490185508403286 8.409658603420127 6.137399466306249 7.643116042242113 
102.00139590113291 7.812010502941305 9.354006991665017 7.871485566596306 5.490185508403286 8.409658603420127 6.137399466306249 7.643116042242113 
103.00139590113291 7.812010502941305 9.354006991665017 7.871485566596306 5.690447987179155 8.409658603420127 6.137399466306249 7.643116042242113 
104.00139590113291 7.812010502941305 9.354006991665017 7.871485566596306 5.690447987179155 8.945685491742466 47.082145057411026 7.643116042242113 
105.00139590113291 7.812010502941305 9.757377998548435 7.871485566596306 5.690447987179155 8.945685491742466 6.137399466306249 7.643116042242113 
106.00139590113291 7.812010502941305 9.757377998548435 7.871485566596306 6.187514486283419 8.945685491742466 6.137399466306249 7.815838784795332 
107.00139590113291 7.812010502941305 9.757377998548435 7.871485566596306 6.187514486283419 8.945685491742466 6.137399466306249 7.815838784795332 
108.00139590113291 7.812010502941305 9.757377998548435 7.871485566596306 6.187514486283419 8.945685491742466 6.137399466306249 7.815838784795332 
109.00139590113291 7.812010502941305 109.35426353934533 7.871485566596306 6.187514486283419 8.945685491742466 6.137399466306249 7.815838784795332 
110.00139590113291 7.812010502941305 10.327522252597433 7.871485566596306 6.4424660179521425 8.945685491742466 6.404187749932447 7.815838784795332 
111.00139590113291 7.812010502941305 10.327522252597433 7.871485566596306 6.4424660179521425 8.945685491742466 6.404187749932447 7.815838784795332 
112.00139590113291 7.812010502941305 10.327522252597433 7.871485566596306 6.4424660179521425 9.118408234295686 6.404187749932447 8.18959258731499 
113.00139590113291 7.812010502941305 10.327522252597433 7.871485566596306 6.4424660179521425 9.118408234295686 6.404187749932447 8.28078765460998 
114.00139590113291 7.812010502941305 10.327522252597433 7.871485566596306 6.4424660179521425 9.118408234295686 6.404187749932447 114.31924133389435 
115.00139590113291 7.812010502941305 10.327522252597433 7.871485566596306 6.4424660179521425 9.118408234295686 6.404187749932447 10.085667419662585 
116.00139590113291 7.812010502941305 10.327522252597433 7.871485566596306 58.221563872405916 9.118408234295686 6.404187749932447 10.085667419662585 
117.00139590113291 7.812010502941305 10.327522252597433 7.871485566596306 6.651739704746774 9.492162036815344 6.404187749932447 10.085667419662585 
118.00139590113291 7.812010502941305 118.32359402891008 7.871485566596306 6.651739704746774 9.492162036815344 6.404187749932447 10.085667419662585 
119.00139590113291 7.812010502941305 10.327522252597433 7.871485566596306 6.993438842735344 9.583357104110334 6.404187749932447 10.085667419662585 
120.00139590113291 7.812010502941305 10.327522252597433 7.871485566596306 6.993438842735344 118.86645669212669 6.404187749932447 10.085667419662585 
121.00139590113291 7.812010502941305 10.327522252597433 7.871485566596306 6.993438842735344 11.388236869162938 6.512247579947299 10.085667419662585 
122.00139590113291 7.812010502941305 10.327522252597433 7.871485566596306 121.93207709953792 11.388236869162938 6.512247579947299 9.288645395868599 
123.00139590113291 7.812010502941305 10.341620090168902 7.871485566596306 6.993438842735344 11.388236869162938 6.512247579947299 9.288645395868599 
124.00139590113291 7.812010502941305 10.341620090168902 7.871485566596306 7.1135874814369515 11.388236869162938 6.512247579947299 9.288645395868599 
125.00139590113291 7.812010502941305 125.31594623119692 7.871485566596306 7.1135874814369515 11.388236869162938 6.512247579947299 9.288645395868599 
126.00139590113291 7.812010502941305 12.194760604900281 7.871485566596306 7.1135874814369515 11.388236869162938 6.512247579947299 126.15451969108078 
127.00139590113291 7.812010502941305 12.194760604900281 7.871485566596306 7.1135874814369515 10.591214845368953 6.512247579947299 9.288645395868599 
128.00139590113292 7.812010502941305 12.194760604900281 7.871485566596306 7.371258767633648 10.591214845368953 6.512247579947299 9.288645395868599 
129.00139590113292 7.812010502941305 12.194760604900281 7.871485566596306 7.371258767633648 10.591214845368953 6.512247579947314 9.288645395868585 
130.00139590113292 7.812010502941305 12.194760604900281 7.871485566596306 7.371258767633648 10.591214845368953 6.512247579947314 9.288645395868585 
131.00139590113292 7.812010502941305 12.194760604900281 7.871485566596306 7.371258767633648 129.2002743904042 6.512247579947314 9.288645395868585 
132.00139590113292 7.812010502941305 12.194760604900281 7.871485566596306 7.371258767633648 10.591214845368953 6.512247579947314 9.288645395868585 
133.00139590113292 7.812010502941305 12.194760604900281 7.871485566596306 7.371258767633648 10.591214845368953 6.603365677746268 9.288645395868585 
134.00139590113292 7.812010502941305 12.194760604900281 7.871485566596306 7.371258767633648 10.591214845368953 6.603365677746268 9.288645395868585 
135.00139590113292 7.812010502941305 12.512446272780878 7.871485566596306 7.779378334469001 10.591214845368953 135.36446148211425 9.288645395868585 
136.00139590113292 7.81201050294132 12.512446272780878 7.871485566596306 7.7793783344690155 10.591214845368953 8.037821312292238 9.288645395868585 
137.00139590113292 7.81201050294132 12.512446272780878 7.871485566596306 7.7793783344690155 10.591214845368953 8.037821312292238 9.288645395868599 
138.00139590113292 7.81201050294132 12.512446272780878 7.871485566596306 7.7793783344690155 10.591214845368953 8.037821312292238 9.288645395868599 
139.00139590113292 7.81201050294132 12.512446272780878 7.871485566596306 7.7793783344690155 10.591214845368967 8.037821312292238 9.288645395868599 
140.00139590113292 7.81201050294132 12.512446272780878 7.871485566596306 7.7793783344690155 10.591214845368967 8.037821312292238 9.288645395868599 
141.00139590113292 7.81201050294132 12.512446272780892 7.871485566596306 7.7793783344690155 10.591214845368967 8.037821312292238 9.288645395868599 
142.00139590113292 7.81201050294132 12.512446272780892 7.871485566596306 8.132169739168575 10.591214845368967 7.240799288498266 9.288645395868599 
143.00139590113292 7.81201050294132 143.35400699166502 7.871485566596306 8.132169739168575 10.591214845368967 7.398755767055377 9.288645395868599 
144.00139590113292 7.81201050294132 12.756946251562965 7.871485566596306 8.132169739168575 10.591214845368967 7.398755767055377 9.288645395868599 
145.00139590113292 7.81201050294132 12.756946251562965 7.871485566596306 8.132169739168575 10.591214845368967 7.398755767055377 9.288645395868599 
146.00139590113292 7.81201050294132 12.756946251562965 7.871485566596306 8.132169739168575 10.591214845368967 7.7400861481123115 9.288645395868599 
147.00139590113292 146.76671222451787 12.72891693340992 7.871485566596306 8.132169739168575 10.591214845368967 7.7400861481123115 9.288645395868599 
148.00139590113292 7.81201050294132 12.72891693340992 7.871485566596306 91.05759608625488 10.591214845368967 7.7400861481123115 9.288645395868599 
149.00139590113292 7.81201050294132 12.512446272780892 7.871485566596306 9.388509848726102 10.591214845368967 7.7400861481123115 9.288645395868599 
150.00139590113292 7.81201050294132 12.512446272780892 7.871485566596306 9.388509848726102 10.591214845368967 7.7400861481123115 9.288645395868599 
151.00139590113292 7.81201050294132 12.512446272780892 7.871485566596306 9.388509848726102 10.591214845368967 7.7400861481123115 9.288645395868599 
152.00139590113292 7.81201050294132 12.512446272780892 7.871485566596306 9.388509848726102 10.591214845368967 7.7400861481123115 9.288645395868599 
153.00139590113292 7.81201050294132 12.512446272780892 7.871485566596306 9.388509848726102 10.591214845368967 7.7400861481123115 9.288645395868599 
#####################################################################
# End of data export. Simulation finished at: 2020-03-21T22:34+0000 #
#####################################################################
