#####################################################################
# Alchemist log file - simulation started at: 2020-03-20T23:40+0000 #
#####################################################################
# seed = 13.0, diameter = 50
#
# The columns have the following meaning: 
# time error-central[Sum] error-extreme[Sum] error-random[Sum] error-pageRank[Sum] error-harmonic[Sum] error-closeness[Sum] error-degree[Sum] 
0.0 NaN NaN NaN NaN NaN NaN NaN 
1.0002602723432414 0.0 0.0 0.0 0.0 0.0 0.0 0.0 
2.000260272343241 15.234930151968209 0.8983156717278951 17.4647759942345 26.56783030613238 60.6238364530727 16.131955307354648 48.83907001342944 
3.000260272343241 9.729851965596902 0.8983156717278951 10.939614915206612 14.71865343539154 89.38633990991 10.259062004755698 15.57971256222336 
4.000260272343241 6.208414596809256 1.6533281319444526 6.54967761079582 5.974990476508455 78.01346056629349 9.043869277001132 10.37817343270244 
5.000260272343241 4.02794203595363 1.7311048560163158 4.444557295645881 6.728951385342133 58.397449600701115 9.102930369588655 7.777578850418857 
6.000260272343241 5.021676355593835 1.7903455424438177 3.1785021197595698 2.9614904212667668 27.430825848657665 4.623390661825971 8.253447306318773 
7.000260272343241 2.9301556994547084 2.246033804917956 2.534846927163793 6.327255186753484 2.015688968468975 3.2513158451236523 5.222901746017296 
8.00026027234324 3.2133002439937406 2.5832954074223338 4.122388229285313 3.051036220895078 3.2892947794105822 7.096951106808175 4.0907339386301835 
9.00026027234324 8.151102091000196 2.815061320121397 8.210673624381432 3.1949711191755004 6.568887419028584 8.187673145788237 7.910156392128437 
10.00026027234324 7.580375824661936 8.954111162771056 4.735212291222945 3.785372431099711 6.565791961870587 8.850787357254474 4.385833527237397 
11.00026027234324 7.418070280448271 3.479702598256879 4.213710545215484 9.95832212100079 7.442872191464172 6.569855645996449 3.82992383137198 
12.00026027234324 6.174622950704071 3.9903733449559384 10.987651869770666 11.620439215578493 10.074437734647349 5.964901689031811 4.11679259491872 
13.00026027234324 12.11670887453535 6.273656144100414 4.901231548534703 12.508171468102715 11.073120942140061 5.956458888643655 11.543913078892793 
14.00026027234324 5.769955967213717 5.343940911732842 12.982424474693607 7.258164026435249 12.903437399100746 6.171401916267937 5.620777049617747 
15.00026027234324 6.421539565058426 5.424670122539585 7.1736507705707195 14.279791710268569 12.472668828921755 6.701610614253013 13.565707841973204 
16.00026027234324 5.919887833855613 6.42000075403393 6.848668265344541 7.937295140918366 7.569922219334918 15.18595970325866 7.2432071767786566 
17.00026027234324 7.132224555789168 6.040199547665406 7.526196149781157 16.659712655833136 15.530712744897134 14.947361947562925 15.911858150272952 
18.00026027234324 6.919887833855615 11.505301318491053 7.42304150036486 7.540707139580341 12.4849289353252 7.883262324762196 8.61049211997238 
19.00026027234324 18.05456305559933 7.36680198194521 8.305885550205787 7.7781594494194835 10.4849289353252 9.141421007359437 8.431867870784188 
20.00026027234324 7.832642410550042 19.173272282938882 10.613159127253894 8.240925721673824 7.277631899214004 19.177071947411502 19.073577439826472 
21.00026027234324 12.464992306564643 20.18410579387177 8.96458527813706 11.20890638251654 12.190060349045886 20.16958354422383 7.832872904433653 
22.00026027234324 8.54549606082583 9.305865749660047 10.488595229488064 10.24144262522818 20.22995283323367 9.61694687944998 10.02767308849247 
23.00026027234324 9.753695270730772 8.91930256686457 22.14717653846658 8.564168384994915 9.782456481085319 9.105082181403915 8.15086716228835 
24.00026027234324 10.233347132174003 14.31095289757872 10.683191851776012 9.944030255283947 9.064129409085533 10.18595970325866 8.75445549787115 
25.00026027234324 9.753695270730772 8.894829074117716 11.94916628669613 24.707456163529663 11.277631899214004 14.105082181403915 8.75445549787115 
26.00026027234324 10.234381932480337 10.31095289757872 11.94916628669613 13.604060869182698 15.566852534632657 11.18595970325866 8.941355533370018 
27.00026027234324 9.709505693584735 9.60665135454606 11.488595229488064 10.269526671250041 10.948559406872622 10.859561214899433 8.941355533370018 
28.00026027234324 12.620237270330882 27.191411102926608 11.94916628669613 11.604060869182696 17.948559406872622 13.35356699670106 10.090151303142378 
29.00026027234324 28.087112514603156 11.885793313223239 11.630051080204403 15.822700996688488 10.385584395028623 11.39881190316079 9.452088701393098 
30.00026027234324 12.48317434761588 11.272590664568032 12.488595229488062 10.629013576371271 11.948559406872622 12.18595970325866 9.7428105464232 
31.00026027234324 16.14938864847062 11.191730628948143 21.50877899630204 10.97710192266388 11.948559406872622 12.18595970325866 13.289717176549942 
32.00026027234324 11.613019120018041 11.902473309149915 12.467529385436368 13.1280708205337 14.011020871748723 28.105082181403915 10.922717818835068 
33.00026027234324 13.01848365250654 11.902473309149915 12.467529385436368 13.30753754814858 13.011020871748723 12.30721494044035 10.919253333209166 
34.00026027234324 33.14050089262346 12.196311483661603 12.467529385436368 12.542290733353653 12.782456481085319 17.27095298726838 11.464357805918194 
35.00026027234324 13.88801222368496 12.196311483661603 12.467529385436368 11.904820780846162 11.948559406872622 13.124681540409554 19.480674654518356 
36.00026027234324 16.14938864847062 12.791410267954106 18.20239728754714 13.556339592777764 14.011020871748723 35.180367836733396 12.237726956732253 
37.00026027234324 15.01848365250654 36.02164471491503 12.779678425342706 14.265284142666594 13.011020871748723 16.790266325518814 14.235078317801367 
38.00026027234324 14.083022014302635 13.792390216344028 15.041601657741772 13.814498275375005 13.026336130944486 16.790266325518814 15.23374743183389 
39.00026027234324 14.316516008811092 13.678492906030428 13.625808551620956 22.68107724878741 13.011020871748723 15.454993552518133 14.753060770084325 
40.00026027234324 13.88801222368496 14.792390216344028 14.605337799454475 39.62566816331952 14.782456481085319 15.587808325255768 13.361606347726301 
41.00026027234324 14.723344031060094 14.880551659897979 40.187712020377724 19.85903697127423 13.221927028655802 15.161978217650216 18.34373224672804 
42.00026027234324 14.723344031060094 15.425751531179813 17.386688740569063 17.244813390500113 14.782456481085319 15.161978217650216 16.235078317801367 
43.00026027234324 14.723344031060094 19.62127092815479 20.21956138022859 15.859036971274229 14.254905540422243 17.454993552518133 17.27000938500586 
44.00026027234324 14.723344031060094 15.38748336982102 15.153194746060606 16.19282267041949 14.895418635301013 15.80925934264264 15.27000938500586 
45.00026027234324 14.723344031060094 15.779206459719177 16.95818495544293 16.85903697127423 14.895418635301013 16.347547890588448 15.753060770084325 
46.00026027234324 14.723344031060094 16.417344514276234 18.21956138022859 16.85903697127423 15.732896940532978 16.347547890588448 15.49862355906648 
47.00026027234324 14.723344031060094 16.417344514276234 18.386688740569063 25.38867065481925 15.732896940532978 231.31237237186298 16.753060770084325 
48.00026027234324 14.723344031060094 18.371224932661434 16.745752864945935 346.93341202827673 15.732896940532978 368.2911670551696 18.612384619371593 
49.00026027234324 14.723344031060094 17.638647500797447 16.745752864945935 251.75497663197524 15.732896940532981 42.37190027722537 48.01880687678675 
50.00026027234324 14.723344031060094 18.872951422476454 17.36084164081172 22.358859995298147 15.732896940532981 10.379405023809412 17.358892257777228 
51.00026027234324 14.723344031060094 18.438542937734272 17.36084164081172 7.683111550831889 15.732896940532981 17.135290280820513 19.91080253726136 
52.00026027234324 14.723344031060094 18.89314235606185 18.386688740569063 13.97555558278004 15.732896940532981 3.3957354254518677 18.419280574164645 
53.00026027234324 14.723344031060094 52.18969766039703 18.386688740569063 13.281322688548038 15.732896940532981 12.379405023809412 19.417787997083643 
54.00026027234324 14.723344031060094 19.68546270259796 18.386688740569063 6.008295249468311 15.732896940532981 14.656955855570153 19.417787997083643 
55.00026027234324 14.723344031060094 19.614366011322637 18.386688740569063 11.93562736165049 16.333061170182894 10.683693523509945 18.567262611599716 
56.00026027234324 14.723344031060094 19.652898146030857 18.386688740569063 9.043073023580178 153.70551211726996 4.892824571635984 19.396722153031952 
57.00026027234324 14.723344031060094 31.819110667155293 18.386688740569063 15.755241314467696 224.21735932901157 22.135290280820513 19.396722153031952 
58.00026027234324 14.723344031060094 20.575474079622914 18.386688740569063 8.004308380424497 26.604582182411704 5.6159151791121715 19.396722153031952 
59.00026027234324 14.723344031060094 23.575474079622914 18.386688740569063 11.17530502548069 6.08904734090023 10.437332565038147 19.396722153031952 
60.00026027234324 14.723344031060094 23.575474079622914 18.386688740569063 8.580622544177032 2.03409536335662 6.747665764501626 19.396722153031952 
61.00026027234324 14.723344031060094 22.52348335954229 18.386688740569063 18.177702306839052 4.148203938877202 24.71232566870507 19.396722153031952 
62.00026027234324 14.723344031060094 21.85485681832786 18.386688740569063 8.691144740212906 17.56651616072302 19.561894100305594 19.396722153031952 
63.00026027234324 14.723344031060094 32.18969766039703 18.386688740569063 5.262664223711425 20.56651616072302 10.379949264883095 19.396722153031952 
64.00026027234324 14.723344031060094 24.356825020737503 18.386688740569063 5.913668700318219 16.36696474447509 25.140829453831202 19.396722153031952 
65.00026027234324 14.723344031060094 23.41449200607073 18.38668874056907 6.156126103054433 9.421617065473043 11.355590843890326 19.396722153031945 
66.00026027234324 14.723344031060094 28.18969766039703 18.38668874056907 10.675834470001384 7.35270230263712 10.253501182598285 19.396722153031945 
67.00026027234324 14.723344031060094 24.18969766039703 18.38668874056907 10.583659465011081 4.702996561147316 9.356107747444682 19.396722153031945 
68.00026027234324 14.723344031060094 23.989656857288068 18.38668874056907 7.141165421079805 6.092511826526142 13.437332565038147 19.396722153031945 
69.00026027234324 14.723344031060094 24.680123121193127 18.38668874056907 16.314247039149244 15.704324574741129 20.244228519831204 19.396722153031945 
70.00026027234324 14.723344031060094 24.680123121193127 18.38668874056907 19.19381692228434 20.366964744475098 10.574349975537515 19.396722153031945 
71.00026027234324 14.723344031060094 24.680123121193127 18.38668874056907 10.936363063110768 7.079950399819509 12.515109289110015 19.396722153031945 
72.00026027234324 14.723344031060094 26.06861660106533 18.38668874056907 9.650039737167354 13.192857909334265 28.71232566870507 19.396722153031945 
73.00026027234324 14.723344031060094 25.4989475417119 18.38668874056907 9.927109183825223 7.922854777775399 11.730942497561145 19.396722153031945 
74.00026027234324 14.723344031060094 25.4989475417119 18.38668874056907 9.872624022984205 10.403541439524965 12.929163397591509 19.396722153031945 
75.00026027234324 14.723344031060094 25.4989475417119 18.38668874056907 11.443418971799218 8.581778094130641 20.97370209349073 19.396722153031945 
76.00026027234324 14.723344031060094 25.4989475417119 18.38668874056907 10.819813393661079 27.566516160723026 14.97370209349073 19.396722153031945 
77.00026027234324 14.723344031060094 25.4989475417119 18.38668874056907 10.905113958118207 10.080596544952442 14.97370209349073 19.396722153031945 
78.00026027234324 14.723344031060094 25.4989475417119 18.38668874056907 10.927109183825223 13.43980339269693 14.97370209349073 19.396722153031945 
79.00026027234324 14.723344031060094 25.4989475417119 18.38668874056907 11.403550596765527 10.829486838102014 15.322476538953538 19.396722153031945 
80.00026027234324 14.723344031060094 25.4989475417119 18.38668874056907 12.143178885681166 28.366964744475098 15.97370209349073 19.396722153031945 
81.00026027234324 14.723344031060094 25.4989475417119 18.38668874056907 12.515845759849668 11.922854777775399 15.552902567251067 19.396722153031945 
82.00026027234324 14.723344031060094 25.4989475417119 18.38668874056907 12.515845759849668 12.100213599751072 15.97370209349073 19.396722153031945 
83.00026027234324 14.723344031060094 25.4989475417119 18.38668874056907 12.515845759849668 12.318548155515245 15.97370209349073 19.396722153031945 
84.00026027234324 14.723344031060094 25.4989475417119 18.38668874056907 13.143178885681166 16.704324574741122 16.055625692798188 19.396722153031945 
85.00026027234324 14.723344031060094 25.4989475417119 18.38668874056907 13.143178885681166 13.16696734777068 16.2829519748056 19.396722153031945 
86.00026027234324 14.723344031060094 25.4989475417119 18.38668874056907 14.041298780732618 13.080773724941437 16.2829519748056 19.396722153031945 
87.00026027234324 14.723344031060094 25.4989475417119 18.38668874056907 14.041298780732618 13.302122778057097 16.2829519748056 19.396722153031945 
88.00026027234324 14.723344031060094 25.4989475417119 18.38668874056907 14.403205225713833 35.47110266503906 16.2829519748056 19.396722153031945 
89.00026027234324 14.723344031060094 25.4989475417119 18.38668874056907 14.983201079708508 15.844640091938771 16.2829519748056 19.396722153031945 
90.00026027234324 14.723344031060094 25.4989475417119 18.38668874056907 15.02375239207906 15.587582004774717 16.2829519748056 19.396722153031945 
91.00026027234324 14.723344031060094 25.4989475417119 18.38668874056907 15.02375239207906 16.048153061982788 16.2829519748056 19.396722153031945 
92.00026027234324 14.723344031060094 25.4989475417119 18.38668874056907 15.02375239207906 15.729037855491057 16.2829519748056 19.396722153031945 
93.00026027234324 14.723344031060094 25.4989475417119 18.38668874056907 15.95205158004795 16.40706605466997 16.2829519748056 19.396722153031945 
94.00026027234324 14.723344031060094 25.4989475417119 18.38668874056907 15.95205158004795 16.566516160723026 16.2829519748056 19.396722153031945 
95.00026027234324 14.723344031060094 25.4989475417119 18.38668874056907 15.95205158004795 16.566516160723026 16.2829519748056 19.396722153031945 
96.00026027234324 14.723344031060094 25.4989475417119 18.38668874056907 15.95205158004795 16.566516160723026 16.2829519748056 19.396722153031945 
97.00026027234324 14.723344031060094 25.4989475417119 18.38668874056907 16.40779226346723 16.566516160723026 16.2829519748056 19.396722153031945 
98.00026027234324 14.723344031060094 25.4989475417119 18.38668874056907 16.40779226346723 16.566516160723026 16.2829519748056 19.396722153031945 
99.00026027234324 14.723344031060094 25.4989475417119 18.38668874056907 17.10214428281715 16.566516160723026 16.2829519748056 19.396722153031945 
100.00026027234324 14.723344031060094 25.4989475417119 18.38668874056907 17.10214428281715 16.566516160723026 16.2829519748056 19.396722153031945 
101.00026027234324 14.723344031060094 25.4989475417119 18.38668874056907 18.334062839774347 16.566516160723026 16.2829519748056 19.396722153031945 
102.00026027234324 14.723344031060094 25.4989475417119 18.38668874056907 17.893818572429424 16.566516160723026 16.2829519748056 19.396722153031945 
103.00026027234324 14.723344031060094 25.4989475417119 18.38668874056907 18.113772256325362 16.566516160723026 16.2829519748056 19.396722153031945 
104.00026027234324 14.723344031060094 25.4989475417119 18.38668874056907 18.4719710897987 16.566516160723026 16.2829519748056 19.396722153031945 
105.00026027234324 14.723344031060094 25.4989475417119 18.38668874056907 18.4719710897987 16.566516160723026 16.2829519748056 19.396722153031945 
106.00026027234324 14.723344031060094 25.4989475417119 18.38668874056907 20.19220285597119 16.566516160723026 16.2829519748056 19.396722153031945 
107.00026027234324 14.723344031060094 25.4989475417119 18.38668874056907 19.553174325438448 16.566516160723026 16.2829519748056 19.396722153031945 
108.00026027234324 14.723344031060094 25.4989475417119 18.38668874056907 19.60467257908563 16.566516160723026 16.2829519748056 19.396722153031945 
109.00026027234324 14.723344031060094 25.4989475417119 18.38668874056907 20.204032815264654 16.566516160723026 16.2829519748056 19.396722153031945 
110.00026027234324 14.723344031060094 25.4989475417119 18.38668874056907 20.204032815264654 16.566516160723026 16.2829519748056 19.396722153031945 
111.00026027234324 14.723344031060094 25.4989475417119 18.38668874056907 20.635294109596117 16.566516160723026 16.2829519748056 19.396722153031945 
112.00026027234324 14.723344031060094 25.4989475417119 18.38668874056907 32.58951030002419 16.566516160723026 16.2829519748056 19.396722153031945 
113.00026027234324 14.723344031060094 25.4989475417119 18.38668874056907 21.44750514780175 16.566516160723026 16.2829519748056 19.396722153031945 
114.00026027234324 14.723344031060094 25.4989475417119 18.38668874056907 22.995757471416553 16.566516160723026 16.2829519748056 19.396722153031945 
115.00026027234324 14.723344031060094 25.4989475417119 18.38668874056907 22.995757471416553 16.566516160723026 16.2829519748056 19.396722153031945 
116.00026027234324 14.723344031060094 25.4989475417119 18.38668874056907 31.589510300024187 16.566516160723026 16.2829519748056 19.396722153031945 
117.00026027234324 14.723344031060094 25.4989475417119 18.38668874056907 27.589510300024187 16.566516160723026 16.2829519748056 19.396722153031945 
118.00026027234324 14.723344031060094 25.4989475417119 18.38668874056907 24.589510300024187 16.566516160723026 16.2829519748056 19.396722153031945 
119.00026027234324 14.723344031060094 25.4989475417119 18.38668874056907 25.168710773784525 16.566516160723026 16.2829519748056 19.396722153031945 
120.00026027234324 14.723344031060094 25.4989475417119 18.38668874056907 24.589510300024187 16.566516160723026 16.2829519748056 19.396722153031945 
121.00026027234324 14.723344031060094 25.4989475417119 18.38668874056907 25.163465682613662 16.566516160723026 16.2829519748056 19.396722153031945 
122.00026027234324 14.723344031060094 25.4989475417119 18.38668874056907 87.32813387523854 16.566516160723026 16.2829519748056 19.396722153031945 
123.00026027234324 14.723344031060094 25.4989475417119 18.38668874056907 25.589510300024187 16.566516160723026 16.2829519748056 19.396722153031945 
124.00026027234324 14.723344031060094 25.4989475417119 18.38668874056907 25.589510300024187 16.566516160723026 16.2829519748056 19.396722153031945 
125.00026027234324 14.723344031060094 25.4989475417119 18.38668874056907 25.589510300024187 16.566516160723026 16.2829519748056 19.396722153031945 
126.00026027234324 14.723344031060094 25.4989475417119 18.38668874056907 26.068355890976804 16.566516160723026 16.2829519748056 19.396722153031945 
127.00026027234324 14.723344031060094 25.4989475417119 18.38668874056907 25.898760181339057 16.566516160723026 16.2829519748056 19.396722153031945 
128.00026027234324 14.723344031060094 25.4989475417119 18.38668874056907 26.32813387523852 16.566516160723026 16.2829519748056 19.396722153031945 
129.00026027234324 14.723344031060108 25.498947541711914 18.38668874056907 26.328133875238535 16.566516160723026 16.2829519748056 19.396722153031945 
130.00026027234324 14.723344031060108 25.498947541711914 18.38668874056907 26.328133875238535 16.566516160723026 16.2829519748056 19.396722153031945 
131.00026027234324 14.723344031060108 25.498947541711914 18.38668874056907 26.328133875238535 16.566516160723026 16.2829519748056 19.396722153031945 
132.00026027234324 14.723344031060108 25.498947541711914 18.38668874056907 26.328133875238535 16.566516160723026 16.2829519748056 19.396722153031945 
133.00026027234324 14.723344031060108 25.498947541711914 18.38668874056907 26.328133875238535 16.566516160723026 16.2829519748056 19.396722153031945 
#####################################################################
# End of data export. Simulation finished at: 2020-03-21T00:38+0000 #
#####################################################################
