#####################################################################
# Alchemist log file - simulation started at: 2020-03-21T12:59+0000 #
#####################################################################
# seed = 1.0, diameter = 15
#
# The columns have the following meaning: 
# time error-central[Sum] error-extreme[Sum] error-random[Sum] error-pageRank[Sum] error-harmonic[Sum] error-closeness[Sum] error-degree[Sum] 
0.0 NaN NaN NaN NaN NaN NaN NaN 
1.0048855897957667 0.0 0.0 0.0 0.0 0.0 0.0 0.0 
2.0048855897957667 4.729825461324693 6.157185698133811 7.117657357729874 7.064544222737941 17.370870585028182 6.750704037911039 7.967148907336798 
3.0048855897957667 3.21809517895029 4.877979091152807 5.214071462633462 3.6996876117347046 9.694368024757951 4.694616946299197 6.055759728756537 
4.004885589795767 2.3896046116513645 3.345287303741862 2.1642848157841037 5.269591265409652 6.290374043953244 4.626575751118201 4.451955824281497 
5.004885589795767 2.389604611651365 2.155633201184165 2.7759869654766964 4.954636646677033 7.976919626115988 1.9684785622335532 3.274298980216373 
6.004885589795767 5.894270209342486 2.1556332011841643 2.8386408574540742 2.687477146597222 4.189441107195169 2.823469051303047 3.274298980216373 
7.004885589795767 3.631476807997121 2.4588289994867756 3.707155715805841 5.825676590500507 4.189441107195169 2.823469051303047 3.274298980216373 
8.004885589795766 3.631476807997121 2.4588289994867756 2.8386408574540747 2.687477146597222 4.189441107195169 2.850082573257353 3.274298980216373 
9.004885589795766 3.631476807997121 9.083755112807335 2.8386408574540747 2.687477146597222 4.189441107195169 3.328667124129968 3.274298980216372 
10.004885589795766 3.63147680799712 4.089579608318479 3.301536071883537 2.865133990662346 4.189441107195168 3.1125503803770336 3.5157427852947594 
11.004885589795766 3.63147680799712 4.089579608318479 3.7071557158058397 2.865133990662346 4.189441107195168 3.7827076668710724 3.5157427852947603 
12.004885589795766 3.631476807997119 4.089579608318479 7.70715571580584 2.865133990662347 4.189441107195167 3.7827076668710724 12.223139296347531 
13.004885589795766 12.754535192319398 3.9150789826235854 13.223752414712255 9.366178056502472 11.544212469464016 12.620406730919708 3.5157427852947603 
14.004885589795766 13.918702373047248 3.9150789826235854 4.024487059904203 12.636317462728382 4.189441107195167 4.316114719802494 3.5157427852947603 
15.004885589795766 5.1607343351229975 3.5496913295766195 4.024487059904203 3.6616963180615976 4.189441107195167 4.1853025512819695 3.5157427852947603 
16.004885589795766 11.070492535225188 3.5496913295766195 4.024487059904203 14.584869058016807 4.189441107195167 4.1853025512819695 3.5157427852947603 
17.004885589795766 5.610244414370282 3.5496913295766213 4.977584805168286 3.6616963180615976 4.189441107195169 4.185302551281971 3.515742785294762 
18.004885589795766 17.67421864105383 3.5496913295766213 4.977584805168286 3.6616963180615976 5.17401436217758 4.197726897080829 3.515742785294762 
19.004885589795766 4.694627566469471 3.5496913295766213 4.977584805168286 3.6616963180615976 18.486528682742225 4.197726897080829 3.515742785294762 
20.004885589795766 19.97080102198584 4.433230535662888 5.593385590047184 4.430946601464278 5.17401436217758 5.28108251693099 20.147080572234096 
21.004885589795766 4.898701441611134 4.4332305356628865 5.593385590047184 3.9251461942649186 5.17401436217758 5.28108251693099 21.412498424119658 
22.004885589795766 4.898701441611134 4.4332305356628865 5.593385590047184 5.59831676269112 5.17401436217758 5.28108251693099 5.258872235198783 
23.004885589795766 4.898701441611134 4.4332305356628865 5.593385590047184 22.49923876341203 5.17401436217758 5.28108251693099 5.258872235198783 
24.004885589795766 4.898701441611134 4.4332305356628865 5.593385590047184 6.575970686603153 5.17401436217758 5.28108251693099 5.258872235198783 
25.004885589795766 4.898701441611134 4.465568903376305 5.593385590047184 6.575970686603153 5.17401436217758 5.28108251693099 5.258872235198783 
26.004885589795766 5.075527793953093 4.465568903376305 26.10611002602326 25.49930905485381 5.17401436217758 5.606451225446115 5.258872235198783 
27.004885589795766 5.075527793953093 4.465568903376305 26.96439579795082 6.575970686603153 5.17401436217758 26.603640034232015 5.258872235198783 
28.004885589795766 5.075527793953093 4.465568903376305 5.593385590047184 6.575970686603153 5.17401436217758 5.606451225446115 5.258872235198783 
29.004885589795766 5.075527793953093 4.465568903376305 5.593385590047184 6.575970686603153 5.17401436217758 5.606451225446115 5.258872235198783 
30.004885589795766 5.075527793953093 4.465568903376305 5.593385590047184 6.575970686603153 5.17401436217758 5.606451225446115 5.258872235198783 
31.004885589795766 28.92617341384948 4.465568903376305 5.593385590047184 6.575970686603153 5.17401436217758 5.606451225446115 5.258872235198783 
32.00488558979576 5.089524706655137 4.94627319440637 5.593385590047184 6.575970686603153 31.801882350381184 5.612520024734934 5.258872235198783 
33.00488558979576 31.597848588088944 4.946273194406366 5.593385590047184 6.575970686603153 5.1740143621775765 5.612520024734934 5.258872235198783 
34.00488558979576 5.140279214815351 4.94627319440637 5.593385590047188 6.575970686603156 5.17401436217758 5.612520024734934 5.258872235198787 
35.00488558979576 5.456918977876281 4.94627319440637 6.203926131089357 6.575970686603156 5.17401436217758 5.612520024734934 5.258872235198787 
36.00488558979576 5.456918977876281 4.94627319440637 6.203926131089357 6.575970686603156 5.17401436217758 5.612520024734934 5.258872235198787 
37.00488558979576 5.643626880052693 4.946273194406366 35.705918355369384 6.575970686603156 5.17401436217758 37.241478650407316 5.258872235198787 
38.00488558979576 5.643626880052693 4.946273194406366 6.203926131089361 6.575970686603156 5.17401436217758 6.083740386529158 5.258872235198787 
39.00488558979576 5.643626880052693 4.946273194406366 6.203926131089361 6.575970686603156 5.17401436217758 6.083740386529158 5.258872235198787 
40.00488558979576 5.643626880052693 4.946273194406366 6.203926131089361 6.575970686603156 5.17401436217758 6.210350777383233 5.258872235198787 
41.00488558979576 5.643626880052693 4.946273194406366 6.203926131089361 6.575970686603156 5.17401436217758 41.04699948457757 5.258872235198787 
42.00488558979576 5.894926684200449 5.071655411782878 6.203926131089361 6.575970686603156 5.17401436217758 9.583612707104542 5.258872235198787 
43.00488558979576 5.894926684200449 5.071655411782878 6.203926131089361 6.575970686603156 5.17401436217758 94.42511839099075 43.17169089163596 
44.00488558979576 43.77892054455404 5.071655411782878 6.203926131089361 6.575970686603156 5.17401436217758 1.7335327295747192 5.568143283900362 
45.00488558979576 5.894926684200449 5.071655411782878 6.203926131089361 25.65771199676091 5.17401436217758 8.695091921302371 5.568143283900362 
46.00488558979576 5.894926684200449 5.071655411782878 6.203926131089361 34.50133314535945 5.17401436217758 1.7731081165030034 5.568143283900362 
47.00488558979576 5.894926684200449 5.071655411782878 47.22000022300269 10.032289778817614 58.973618936680865 4.8673966820318455 47.53574371673088 
48.00488558979576 5.894926684200449 5.071655411782878 7.024066913906466 5.886772424437659 72.44248424186819 4.316593267322588 7.777775678806627 
49.00488558979576 5.894926684200449 5.071655411782878 6.203926131089361 3.73381911097475 3.0762480462004334 8.072325754752775 7.777775678806627 
50.00488558979576 5.894926684200449 5.071655411782878 6.203926131089361 4.274298980216379 5.541778428680409 3.894668910687649 7.777775678806627 
51.00488558979576 5.894926684200449 5.071655411782878 6.203926131089361 3.274298980216379 4.163660278659542 3.894668910687649 6.777775678806627 
52.00488558979576 5.894926684200449 5.071655411782878 6.203926131089361 3.274298980216379 5.544212469464021 3.894668910687649 6.777775678806627 
53.00488558979576 5.894926684200449 5.071655411782878 6.203926131089361 3.274298980216379 3.163660278659542 3.894668910687649 6.777775678806627 
54.00488558979576 5.894926684200449 5.071655411782878 6.203926131089361 3.274298980216379 3.163660278659542 3.894668910687649 6.777775678806627 
55.00488558979576 5.894926684200449 5.071655411782878 6.203926131089361 3.274298980216379 3.163660278659542 14.194256790667147 6.777775678806627 
56.00488558979576 7.641830891515163 5.071655411782878 6.203926131089361 12.57467982513949 3.5442124694640214 3.894668910687649 6.495871176804073 
57.00488558979576 7.641830891515163 5.071655411782878 6.203926131089361 3.515742785294769 3.5442124694640214 3.894668910687649 6.495871176804073 
58.00488558979576 7.641830891515163 5.620245295556501 6.203926131089361 3.515742785294769 3.5442124694640214 16.605095372609263 6.495871176804073 
59.00488558979576 7.641830891515163 5.620245295556501 6.203926131089361 3.515742785294769 12.367097951260298 16.249440272956498 6.495871176804073 
60.00488558979576 7.641830891515163 5.620245295556501 6.203926131089361 3.515742785294769 13.703175167519873 4.881038154207587 6.495871176804073 
61.00488558979576 7.641830891515163 5.620245295556501 6.203926131089361 3.515742785294769 4.189441107195172 23.398145609277897 6.495871176804073 
62.00488558979576 7.641830891515163 5.620245295556501 6.203926131089361 3.515742785294769 5.17401436217758 5.879242165670057 6.6591950587875175 
63.00488558979576 7.641830891515163 6.201976022411429 6.203926131089361 3.5711894004552747 5.17401436217758 5.879242165670057 6.6591950587875175 
64.00488558979576 7.641830891515163 6.201976022411429 6.203926131089361 20.38508439422568 6.732331579930893 5.879242165670057 6.6591950587875175 
65.00488558979576 7.64183089151517 6.201976022411436 6.203926131089375 5.258872235198794 5.174014362177587 5.879242165670064 6.659195058787525 
66.00488558979576 7.64183089151517 6.201976022411436 6.203926131089375 5.258872235198794 5.174014362177587 66.22278314576583 6.659195058787525 
67.00488558979576 66.98537187161094 6.201976022411436 6.203926131089375 5.258872235198794 5.174014362177587 5.879242165670064 6.659195058787525 
68.00488558979576 7.64183089151517 6.201976022411436 6.203926131089375 5.258872235198794 5.174014362177587 5.879242165670064 6.659195058787525 
69.00488558979576 7.64183089151517 6.201976022411436 6.203926131089375 5.258872235198794 5.174014362177587 5.879242165670064 6.659195058787525 
70.00488558979576 7.64183089151517 7.091066296317493 6.203926131089375 5.258872235198794 5.174014362177587 5.879242165670064 6.659195058787525 
71.00488558979576 7.64183089151517 7.091066296317493 6.203926131089375 5.258872235198794 5.174014362177587 5.879242165670064 6.659195058787532 
72.00488558979576 7.64183089151517 7.091066296317493 6.203926131089375 5.258872235198794 5.174014362177587 5.879242165670064 6.659195058787532 
73.00488558979576 7.64183089151517 7.091066296317493 6.203926131089375 5.258872235198794 5.174014362177587 5.879242165670064 6.659195058787532 
74.00488558979576 7.64183089151517 7.091066296317493 6.203926131089375 5.258872235198794 5.174014362177587 5.879242165670064 6.659195058787532 
75.00488558979576 7.64183089151517 7.091066296317493 6.203926131089375 5.258872235198794 5.174014362177587 5.879242165670064 6.659195058787532 
#####################################################################
# End of data export. Simulation finished at: 2020-03-21T13:02+0000 #
#####################################################################
