#####################################################################
# Alchemist log file - simulation started at: 2020-03-20T09:53+0000 #
#####################################################################
# seed = 5.0, diameter = 200
#
# The columns have the following meaning: 
# time error-central[Sum] error-extreme[Sum] error-random[Sum] error-pageRank[Sum] error-harmonic[Sum] error-closeness[Sum] error-degree[Sum] 
0.0 NaN NaN NaN NaN NaN NaN NaN 
1.0031365367908396 0.0 0.0 0.0 0.0 0.0 0.0 0.0 
2.00313653679084 33.277038502876394 1.5452101053399903 30.140778286725947 27.993961220843307 68.92170494647821 23.263197590148113 41.713771918090565 
3.00313653679084 20.58547568866845 0.9377884387541351 23.30179916598122 30.384096041843584 150.1765762615836 17.297507088655042 34.37168124027459 
4.00313653679084 22.00609156178378 1.3138897899493798 26.270814839209738 26.663488252993226 163.92210410160533 22.55833313258369 17.979155422636833 
5.00313653679084 27.111628829048083 4.456600605511196 21.053911751457793 16.74760873457215 133.29967993257526 23.41782594959508 13.658314793213478 
6.00313653679084 28.660918161947578 1.9585005755837575 22.280256489650636 19.25726795771628 107.02007506010347 16.044513163184273 22.759005627149197 
7.00313653679084 21.118758897859777 3.9856075410317517 22.35383679088873 23.74512168013048 45.287633594386335 10.32752410469543 13.838162872359815 
8.00313653679084 20.58939921486394 2.6505999868405716 10.648471826345359 15.920511061909579 24.74353389084968 13.374959932200536 30.81428429151112 
9.00313653679084 10.341366901467588 3.3065160527892896 15.789521497644616 9.998954407581063 18.519773056470008 14.406316508606674 17.1600798250993 
10.00313653679084 11.808857342080278 3.6505999868405716 19.548132625577292 12.015680963164343 20.391792137619493 13.252720646445006 20.038222710322522 
11.00313653679084 12.750714692268946 4.2488999028746735 19.320519350274306 7.45094852574213 15.852072169236436 14.736594037958128 14.67645473760594 
12.00313653679084 21.62611185024118 4.400846493246695 14.51880586565584 3.6575587866051897 15.085314142276415 17.644442138859297 23.491548183155953 
13.00313653679084 25.227194059854256 4.828384242365226 13.28397734064943 12.191724838965598 18.319644634311132 11.922490230361287 21.42530842588373 
14.00313653679084 22.979339599732313 4.828384242365226 11.724629755203477 10.468785946839242 12.93653393838617 11.391922345045746 19.76826800747507 
15.00313653679084 25.948289014012033 5.650298457241679 11.724629755203477 5.695239421450028 9.285725341556505 12.720580339300822 16.139958813371223 
16.00313653679084 18.686616069281747 6.099647726462564 11.991380344972763 8.394076212938687 15.80565426580426 12.509283313626577 27.48877021265459 
17.00313653679084 12.3341593910208 6.288187894839995 12.531875726611565 10.65755878660519 11.599605531446691 12.509283313626577 18.98469215702778 
18.00313653679084 13.698398166055634 7.080889130355217 24.421611198348153 5.253233195274415 16.91742063937734 14.113108570927286 12.615813475619126 
19.00313653679084 13.698398166055634 7.545262056008777 17.728120628496963 9.394076212938687 11.505166431996381 13.64695862466574 12.750390267061876 
20.00313653679084 14.168734141702599 8.1223950632664 15.272228001117943 7.394076212938687 14.635063464949239 16.134757559902148 13.29168325965599 
21.00313653679084 14.168734141702599 20.82510017759863 15.696533966378645 20.19029633912119 12.697782400230698 15.696771895127199 13.29168325965599 
22.00313653679084 15.246902573568018 9.578338774298143 19.3375884392787 7.394076212938687 15.434816547992845 15.591044771835257 27.026782037478682 
23.00313653679084 16.474273547377777 8.62482377689243 17.15932808842372 7.84813846030066 14.572766670461267 16.69765495461484 17.627442443860204 
24.00313653679084 9.403091590673823 10.578338774298143 18.185515570342265 7.394076212938685 13.05231407217839 17.88919863224944 15.317177624362422 
25.00313653679084 8.879185150790622 10.271162333901637 23.93852598053827 7.76487344029124 20.724721246936852 18.13105466777777 15.55368995234834 
26.00313653679084 9.624100553964173 11.578338774298143 19.86036852878452 7.76487344029124 15.138515294161415 20.98387321797482 16.316618354956614 
27.00313653679084 10.114001461664618 10.578338774298143 19.919070652187994 7.852152901260492 20.423078841697812 19.927592669435096 16.789164527971796 
28.00313653679084 10.456678493026292 11.027301740553714 38.045364181960366 7.852152901260492 30.53351274631794 19.957774088712885 23.02797599344421 
29.00313653679084 10.792482653968776 11.027301740553714 11.153072535723894 8.760786688141394 18.295415395647094 39.38851838160737 17.700335897063947 
30.00313653679084 11.16814526901431 11.55889472679035 11.153072535723894 8.254367471499485 18.991608671539492 39.69139789619042 10.90014513012422 
31.00313653679084 11.16814526901431 11.955468700856805 11.438506533004851 8.38249721985478 37.140734008117704 23.846558443891826 10.90014513012422 
32.00313653679084 12.60344939120046 12.75093746550493 11.438506533004851 8.695078571852513 25.723707047901463 30.133235426046916 31.01215615963897 
33.00313653679084 12.603449391200463 12.667474424464192 11.482353988493582 9.331085357686419 26.839747131840152 11.58826315433824 20.921542759832526 
34.00313653679084 29.178534463726855 12.903940583817864 11.994542689278756 9.48941351759088 28.392124857781205 15.5107115105844 12.537229537203153 
35.00313653679084 34.13273216355844 13.314807340337968 12.383156896872627 10.112210269193834 10.978380490624208 15.788145363152637 12.890179162124824 
36.00313653679084 19.530217112841306 13.338667407719477 12.619030682290528 10.246621670867356 10.978380490624208 13.17165026151659 12.890179162124824 
37.00313653679084 13.395995159632815 23.55889472679035 12.862357026954921 12.246621670867356 10.978380490624208 13.17165026151659 12.890179162124824 
38.00313653679084 16.314687369901016 14.480217468530302 13.340096551033064 10.854792105776355 10.978380490624208 17.788145363152637 12.890179162124824 
39.00313653679084 16.24156264573786 16.217241777329377 31.783735619928507 11.053024133590025 29.640464081704465 15.5107115105844 12.890179162124824 
40.00313653679084 14.814393206516726 15.278973524118733 13.992760985786092 11.853780760811919 13.925898078985423 14.379328940490904 13.284105313782138 
41.00313653679084 15.342761799706661 16.549906252571375 15.736813283485208 12.201203811334452 13.287656959711274 16.5107115105844 13.132971008848347 
42.00313653679084 15.342761799706661 16.549906252571375 17.43770285978109 12.907231483048474 13.925898078985423 16.5107115105844 13.141378601680366 
43.00313653679084 21.184133758817485 20.70537886162782 15.361091911690778 12.907231483048474 13.925898078985423 15.623189533838826 14.045486609898362 
44.00313653679084 17.751850193479846 17.238170186502042 16.211566151360277 42.96459393940635 12.6934834606392 16.615614970134096 14.235319596728445 
45.00313653679084 17.24156264573786 17.319723350471584 43.561646709846926 15.8156617812215 14.925898078985423 15.984141907171075 14.235319596728445 
46.00313653679084 18.314687369901016 17.70537886162782 16.297994129753903 45.35749194662281 13.28765695971127 17.5107115105844 14.998235099744495 
47.00313653679084 18.314687369901016 18.524456058058018 17.73681328348521 14.8156617812215 14.6934834606392 16.97685097682962 15.404344179398862 
48.00313653679084 18.60600916164988 18.524456058058018 17.66379091692015 15.824811117907814 14.015939786413377 47.204009601909874 15.577860983623552 
49.00313653679084 36.87025114822813 18.968534625128164 17.66379091692015 14.824811117907814 14.790424194961659 19.041274991937946 15.577860983623552 
50.00313653679084 18.751850193479846 19.061913846049272 18.175677021831966 15.296998140466116 14.925898078985426 18.61417279722319 16.28625846981666 
51.00313653679084 18.694276065290627 19.70974411705861 18.490210143866484 15.88100574412583 15.172707019738134 47.26051884507222 18.63098219628902 
52.00313653679084 19.751850193479846 19.709744117058612 18.744250810120064 22.312803524429917 15.172707019738134 29.281043950186174 17.63098219628902 
53.00313653679084 20.89746595658122 20.42702600352664 52.64677691645466 17.047550424328243 15.969745534474157 52.14916294341992 17.072352191330197 
54.00313653679084 19.226570178748617 20.473623854534665 19.646776916454655 19.312803524429917 16.48193423525933 23.66739211745086 18.63098219628902 
55.00313653679084 21.530217112841306 20.81702484055777 20.490988944643632 17.51915493330676 16.569163462389383 21.575391094392636 18.067837899254087 
56.00313653679084 20.187445673743994 22.232168983076164 20.23040781309338 17.51915493330676 16.8705484428532 24.66739211745086 19.332703960258343 
57.00313653679084 20.530217112841306 22.232168983076164 20.23040781309338 18.107652499420226 17.112242083379527 24.23183090663784 20.155892724476658 
58.00313653679084 21.187445673743994 22.594594674764267 20.23040781309338 18.063012776898375 18.060900447940433 23.209728029655423 19.665988044941855 
59.00313653679084 21.90466269534781 22.713891433398928 20.23040781309338 18.063012776898375 17.951065474429747 30.40479170930015 23.155892724476658 
60.00313653679084 22.46667703057286 22.82044760647016 20.23040781309338 24.312803524429917 18.480152531766663 23.28420849993116 21.01215615963897 
61.00313653679084 22.46667703057286 23.326498682836387 20.23040781309338 20.312803524429917 18.480152531766663 24.209728029655423 21.25861672005611 
62.00313653679084 22.46667703057286 23.326498682836387 20.23040781309338 19.104175369937302 19.100461163557007 22.681554296427336 21.925402713805397 
63.00313653679084 22.77000414110975 23.326498682836387 20.341347678828207 19.896236943325363 19.408800315035144 24.209728029655423 22.75707156281252 
64.00313653679083 23.299587943937667 63.85924840929077 21.251788276877633 22.312803524429917 20.0339886113587 30.130319582477497 22.75707156281252 
65.00313653679083 23.455511749255805 27.496520386842093 21.251788276877633 20.104257764624634 20.507415050716716 23.66739211745086 23.58964950187464 
66.00313653679083 23.998572440711825 27.496520386842093 21.251788276877633 20.35507989979643 22.623775140209943 24.35202719993719 23.58964950187464 
67.00313653679083 24.36273938366962 27.496520386842093 21.516160099948564 21.53866094922124 20.959977360468415 28.40479170930015 23.92545366281712 
68.00313653679083 24.36273938366962 27.496520386842093 21.934414238727655 21.356442508742532 21.607332379600507 28.40479170930015 24.30111627786266 
69.00313653679083 24.916715273310324 27.496520386842093 22.263975355830667 66.07826218937221 64.31294753468777 26.281043950186174 24.30111627786266 
70.00313653679083 24.916715273310324 27.496520386842093 22.263975355830667 21.731217238130746 22.783941311864076 28.40479170930015 25.736420400048807 
71.00313653679083 25.15404127581887 27.519368682439676 23.11260733834783 22.689943478669797 26.667083209074868 24.67623231233688 25.736420400048807 
72.00313653679083 25.443591541050893 28.496520386842093 71.64269242898865 22.724676991558233 25.93209736023489 25.343193553528657 25.736420400048807 
73.00313653679083 25.443591541050893 28.496520386842093 23.11260733834783 23.351793556529906 25.312947534687765 26.281043950186174 26.184948562652096 
74.00313653679083 25.443591541050893 28.496520386842093 23.647963652766677 23.39920650243782 26.667083209074868 29.893583565479872 72.94981197920764 
75.00313653679083 25.56713648008151 28.276144957378705 23.6687033862899 29.026485042055448 25.667083209074868 30.130319582477497 38.638623746192174 
76.00313653679083 25.56713648008151 29.496520386842093 49.25258049999737 24.921581582505752 25.667083209074868 27.845717566945396 27.081611076194456 
77.00313653679083 25.56713648008151 29.086376918239047 26.70090724560488 25.026485042055448 25.93209736023489 30.40479170930015 32.03763370419615 
78.00313653679083 26.01373598396095 30.012250693409214 26.70090724560488 24.625318930961114 24.512813653662747 28.893583565479872 28.262741714571888 
79.00313653679083 26.01373598396095 30.012250693409214 33.14714229623758 25.921581582505752 27.605041594191945 28.488345361546322 30.3745336545862 
80.00313653679083 26.01373598396095 30.193193276305202 30.186896361065386 25.16711824750015 26.93209736023489 30.130319582477497 28.47573280855501 
81.00313653679083 26.01373598396095 30.193193276305202 26.17297284385848 25.960269802204223 25.984590869479476 29.30991033129019 41.22440314789753 
82.00313653679083 26.404069296693173 30.256733358573648 28.851631613313558 25.960269802204223 28.003551645929136 29.745614806123882 36.14670699280929 
83.00313653679083 26.436693872696218 30.870492625956828 27.70090724560488 26.39312650791974 26.99890269371651 30.08963677952176 33.03763370419615 
84.00313653679083 26.436693872696218 30.93234214959149 27.70090724560488 26.39312650791974 28.185770086407842 30.289778931650815 30.3745336545862 
85.00313653679083 26.994604831780357 31.910650004549822 33.41408506270552 84.18163008762217 28.312947534687765 30.722458408354285 83.95642571453928 
86.00313653679083 27.062684092181854 31.910650004549822 28.851631613313558 27.349083767319208 28.72806393117793 30.722458408354285 34.13154344956017 
87.00313653679083 27.062684092181854 32.420792311022964 29.360921402540484 49.620598101576775 28.977569142893714 31.40479170930015 33.902975149958095 
88.00313653679083 27.987375187666593 32.568257384031114 29.851631613313558 44.28603471512823 29.002189036983033 31.40479170930015 33.902975149958095 
89.00313653679083 27.987375187666593 33.32983813981852 29.880497994417574 39.047422156733624 29.72806393117793 31.863498716706033 34.03763370419615 
90.00313653679083 28.55717230176829 33.543357216091636 29.880497994417574 29.97666600302334 29.72806393117793 31.863498716706033 32.338796912707494 
91.00313653679083 28.696924036211676 33.543357216091636 29.880497994417574 34.620598101576775 29.72806393117793 31.863498716706033 33.46560988943233 
92.00313653679083 29.599982437104053 34.379338934798064 29.880497994417574 41.047422156733624 29.72806393117793 32.6023851807311 33.46560988943233 
93.00313653679083 29.50565273734383 34.882771626744876 29.880497994417574 41.74143766685764 29.72806393117793 32.6023851807311 33.016179882901085 
94.00313653679083 30.599982437104053 34.882771626744876 30.058933024673706 35.75151873720159 29.72806393117793 32.6023851807311 33.016179882901085 
95.00313653679083 30.093931360737827 35.613108329417386 30.058933024673706 39.74821856147838 29.72806393117793 32.6023851807311 33.016179882901085 
96.00313653679083 30.75189790239162 35.81826072706324 30.416692619833967 31.986261166313987 29.72806393117793 32.6023851807311 33.016179882901085 
97.00313653679083 30.868078429031925 36.37391085430548 30.416692619833967 35.620598101576775 29.72806393117793 32.6023851807311 33.016179882901085 
98.00313653679083 31.9055239904946 36.42770516173322 30.416692619833967 34.620598101576775 29.72806393117793 32.602385180731105 33.66318812168965 
99.00313653679083 32.033840910490156 37.856286951455886 31.167446595842478 44.926949594469015 29.72806393117793 32.602385180731105 33.66318812168966 
100.00313653679083 32.44990988348739 37.22541250620637 31.167446595842478 36.75151873720159 30.444735747498697 32.602385180731105 33.66318812168966 
101.00313653679083 33.10942825544738 37.829680708785375 31.167446595842478 40.54140651666247 30.444735747498697 32.602385180731105 34.32041668259234 
102.00313653679083 33.224598174625726 37.829680708785375 31.21274172479606 38.910362917579164 30.444735747498697 32.602385180731105 100.71424771314481 
103.00313653679083 33.68446522422683 38.237102728141465 32.01450969698239 34.620598101576775 30.554703197184722 32.602385180731105 34.43891163972661 
104.00313653679083 33.989260120404595 38.72092569336347 32.01450969698239 39.70044439658532 30.7512845071239 32.652142704977024 34.69110006405556 
105.00313653679083 34.24201837939583 104.85511999246799 32.287904251883205 37.75151873720159 30.7512845071239 32.652142704977024 35.40201834984077 
106.00313653679083 34.24201837939583 41.38622806471969 32.571213123708915 35.620598101576775 30.886320949503897 32.652142704977024 35.40201834984077 
107.00313653679083 34.79793981232568 40.23190893181149 33.04842224315533 42.54140651666246 31.315057118504342 33.52423055922935 35.40201834984077 
108.00313653679083 34.928785413261124 40.24869705341018 33.04842224315533 37.56184842944407 31.693293637598202 33.52423055922935 35.59964803942121 
109.00313653679083 41.47891036769093 43.518947950689395 33.04842224315533 51.926949594469015 31.693293637598202 33.696782427498874 82.97482884469507 
110.00313653679083 35.969804792054305 41.55962269256008 33.542214811060816 38.75151873720159 32.15609493227046 33.99668877052768 36.97482884469507 
111.00313653679083 37.05158517584127 43.18319473875863 33.542214811060816 48.926949594469015 32.15609493227046 34.07542835829564 36.97482884469507 
112.00313653679083 36.8161155693893 42.38622806471969 34.514395199693055 37.24813394287354 32.15609493227046 34.21444881899767 36.97482884469507 
113.00313653679083 112.11896933096105 42.518947950689395 34.514395199693055 45.842175391957724 32.4130783017693 34.21444881899767 36.58848275810415 
114.00313653679083 37.713583263938744 43.38622806471969 39.27192786039987 44.12244731618323 32.66036438983906 34.82834174039594 38.06422624249785 
115.00313653679083 37.713583263938744 43.38622806471969 35.29695552549275 38.67351631900027 33.3376515996282 34.82834174039594 37.495710392517964 
116.00313653679083 37.713583263938744 42.85216195694011 35.24695235777871 42.700444396585326 33.66036438983906 34.82834174039594 37.495710392517964 
117.00313653679083 37.9224550103843 43.749437961360655 36.14714229623759 39.17579874464006 34.19952913664437 35.69330529801594 37.97482884469507 
118.00313653679083 38.18214834910127 43.749437961360655 35.84886406020691 47.064414694497714 34.19952913664437 35.69330529801594 38.049686282158675 
119.00313653679083 38.18838725072473 43.749437961360655 35.6360707236217 46.842175391957724 34.92147792581399 35.69330529801594 38.049686282158675 
120.00313653679083 38.713583263938744 43.92624919714234 36.84886406020691 45.92694959446901 35.4627709184081 36.48536687140401 38.28701228466721 
121.00313653679083 38.82404367491169 44.22452743317302 38.67205282442522 44.74821856147838 35.4627709184081 36.48536687140401 38.576562549899236 
122.00313653679083 39.07646955557078 44.39461177055853 37.41295078648045 47.064414694497714 36.18829879158545 36.48536687140401 38.700107488929845 
123.00313653679083 39.531752118875715 122.75272922385962 37.774776820004675 45.92694959446901 36.18829879158545 36.874118151126936 39.146706992809285 
124.00313653679083 40.1346045111316 47.26428149800083 38.308842927784255 45.92694959446901 36.80359401523184 36.95337968690781 39.146706992809285 
125.00313653679083 40.33086621327233 47.26428149800083 38.48223755562465 47.20299678152962 36.80359401523184 36.95337968690781 39.56966488154457 
126.00313653679083 40.47351074234632 47.26428149800083 39.05222269947073 47.064414694497714 37.36788954039815 37.609103999966905 39.56966488154457 
127.00313653679083 40.60489639333045 47.26428149800083 39.381308907014 47.064414694497714 37.76624351458865 37.609103999966905 40.82989504506001 
128.00313653679083 42.33086621327233 47.26428149800083 39.763132570461536 47.064414694497714 37.76624351458865 38.58898859414356 40.85427189842477 
129.00313653679083 41.5446460881693 47.87817921921943 40.28212671195786 47.202996781529606 38.33902315929413 38.588988594143544 41.82989504506 
130.00313653679083 41.5446460881693 47.99116635359147 40.28212671195786 47.202996781529606 38.50088989799852 38.92348765246405 41.82989504506 
131.00313653679083 130.08066584419666 48.64859826064435 40.81727637781124 47.202996781529606 38.90369677605335 38.926611660371506 42.25342697265667 
132.00313653679083 43.11008834415762 48.72651624573234 41.77459726503727 47.202996781529606 39.50190124296296 39.2976659995186 51.94699816893558 
133.00313653679083 132.0985839318663 49.36528938881864 42.25258049999738 47.202996781529606 40.48531058128742 40.129167048248064 43.226902369586156 
134.00313653679083 44.71196080289387 49.48018234300763 42.25258049999738 47.67156186669213 40.28818562826457 40.13989048712283 44.22440314789752 
135.00313653679083 48.1311845839859 50.09189483391782 42.25258049999738 47.56588307316164 40.54078118313228 40.89723996442899 43.88486891123995 
136.00313653679083 48.588848671781335 50.09189483391782 77.3609214025405 47.0644146944977 40.89373080805396 40.89723996442899 45.223479603673766 
137.00313653679083 45.0876821746883 50.49369036700821 43.8823551539017 49.02116563646658 41.674287907045965 41.821993954084704 48.80079607793917 
138.00313653679083 112.84185783584672 51.13631816160914 43.8823551539017 47.313457192502554 41.97819449487302 42.20166281026155 45.61188137653926 
139.00313653679083 50.588848671781335 51.20439913698468 44.18006880529457 48.202996781529606 42.02960635704139 42.20166281026155 45.58288089233572 
140.00313653679083 48.1311845839859 51.957883131353015 45.15971759120605 48.0644146944977 43.00178674567363 42.41941946163617 46.61188137653926 
141.00313653679083 48.588848671781335 51.957883131353015 44.77773485553257 50.02116563646658 43.407895825328 42.71482094983307 46.357569183474055 
142.00313653679083 46.882233518731795 52.3935876061867 44.99189290850359 49.02116563646658 43.58141262955269 62.49672398807675 46.90635778165037 
143.00313653679083 47.496847648723104 52.737609579584586 45.11034247845603 49.62401802872246 44.289810115745794 45.565795931101974 47.46836860916527 
144.00313653679083 50.588848671781335 52.93775173171363 45.77890181452047 49.62401802872246 44.289810115745794 43.93821369539785 47.37498938824416 
145.00313653679083 49.1311845839859 53.05434464533252 46.752295571849956 50.09430991092131 56.54632457065428 46.565795931101974 47.93091082117401 
146.00313653679083 47.841857835846724 53.3704312084171 46.973086816760286 50.09430991092131 45.63453384221816 45.976009402250725 48.061756422109454 
147.00313653679083 50.1311845839859 53.796842869470126 46.973086816760286 50.74346317417317 45.63453384221816 45.976009402250725 80.03763370419614 
148.00313653679083 50.588848671781335 53.796842869470126 47.53572319248197 50.91181392217749 46.33625560618748 45.901998151360445 49.95636101568738 
149.00313653679083 50.588848671781335 54.05276450936296 47.53572319248197 51.60828644682347 46.07138954518322 46.976009402250725 49.173481326997404 
150.00313653679083 50.1311845839859 54.51147151676885 47.605108190157594 51.791197669564895 47.33625560618748 46.976009402250725 49.173481326997404 
151.00313653679083 50.1311845839859 54.529716301396235 48.30195379786264 150.30790793318573 48.159444370405794 47.83390982048452 49.949086578237626 
152.00313653679083 50.588848671781335 54.789522727599234 48.517715455393926 53.59950186174848 48.159444370405794 47.42217332265869 50.623696540445366 
153.00313653679083 50.588848671781335 55.25035798079392 48.53959975265917 53.59950186174848 48.3820205953007 48.2732666778962 49.949086578237626 
154.00313653679083 50.588848671781335 55.30011550503984 49.2524530028831 53.59950186174848 48.3820205953007 48.83390982048452 50.15678285500064 
155.00313653679083 50.588848671781335 55.30011550503984 49.2524530028831 54.420806674383414 49.79623447376483 49.29176936382753 50.64269071751704 
156.00313653679083 50.588848671781335 56.34475522756169 49.490872247095695 54.59950186174848 50.0157078055681 49.29599166680879 50.64269071751704 
157.00313653679083 50.588848671781335 56.34475522756169 52.2551402704468 54.86066200175827 50.76062320874166 50.04844301916313 50.92826769869393 
158.00313653679083 50.588848671781335 56.862421619060484 50.40098130227676 55.138276538547856 50.76062320874166 50.511184253281414 51.07392918758019 
159.00313653679083 50.588848671781335 56.862421619060484 50.81897912952178 55.138276538547856 51.59320114780377 50.511184253281414 51.54518200706603 
160.00313653679083 50.588848671781335 57.47631454045876 51.426977060989174 55.57709569227916 51.59320114780377 50.91176632536619 52.73623213955247 
161.00313653679083 50.588848671781335 57.47631454045876 53.96381847869793 55.64199625642041 51.929005308746255 51.11472781063017 52.39838108407264 
162.00313653679083 50.588848671781335 57.47631454045876 51.426977060989174 56.245414490787965 52.3046679237918 51.73244498585369 52.757174580596725 
163.00313653679083 50.588848671781335 58.34127809807876 51.930994596655 56.245414490787965 52.3046679237918 51.73244498585369 53.226077824695395 
164.00313653679083 50.588848671781335 58.34127809807876 52.55379380414473 160.70007601396412 53.739972045977936 52.814021549031395 53.60648175119465 
165.00313653679083 50.588848671781335 59.13333967146683 53.11580813936979 57.384718184082004 53.739972045977936 54.12166125450453 53.60648175119465 
166.00313653679083 50.588848671781335 59.13333967146683 53.11580813936979 59.384718184082004 164.41000640904514 62.38937850767948 53.984793537414134 
167.00313653679083 50.588848671781335 59.13333967146683 53.419135249906674 58.331271353437586 56.37808530051534 57.17082022198565 54.15139718196832 
168.00313653679083 50.588848671781335 59.601352486970626 53.419135249906674 58.331271353437586 54.5325178144103 61.430908633215395 54.67761709701763 
169.00313653679083 50.588848671781335 59.601352486970626 53.94871905273459 58.331271353437586 59.323968328521474 63.95115184415761 54.911302157488464 
170.00313653679083 50.588848671781335 60.25707680002972 54.64770354950875 58.331271353437586 55.085162722123584 54.18089203354961 55.565139073763206 
171.00313653679083 50.588848671781335 60.25707680002972 54.64770354950875 58.331271353437586 59.323968328521474 69.53807177675316 170.00104943788025 
172.00313653679083 50.588848671781335 61.236961394206375 55.20908635428307 58.331271353437586 55.950915861294206 62.75912164822992 62.721819680629665 
173.00313653679083 50.588848671781335 61.57146045252688 55.21145190543123 59.8054468156829 60.60319968535035 105.92855002161079 56.668600360401996 
174.00313653679083 50.588848671781335 61.57146045252688 55.56584638210725 59.52336252156795 56.725827234402914 61.533547658329184 61.26415559283423 
175.00313653679083 50.588848671781335 61.94563879958143 55.80317238461579 59.73138950752869 60.323968328521474 62.65030782442702 61.721819680629665 
176.00313653679083 50.588848671781335 61.94563879958143 56.05437543965317 95.15983005234736 58.37808530051534 170.61836000549246 58.09570255511676 
177.00313653679083 50.588848671781335 62.777139848310895 56.76838480200115 94.68316808243458 60.323968328521474 318.5756299929849 59.629818657571434 
178.00313653679083 50.588848671781335 62.78786328718566 57.216267588878424 78.8568679566329 60.60319968535035 432.44551174413454 61.26415559283423 
179.00313653679083 50.588848671781335 63.54521276449182 57.662867092757864 200.05187033293464 60.323968328521474 494.2163472967215 64.72181968062966 
180.00313653679083 50.588848671781335 64.46996675414753 57.89215464866007 167.4589118047193 60.323968328521474 288.1274213507853 59.23155494071463 
181.00313653679083 50.588848671781335 64.46996675414753 58.101395843783635 450.75794549648157 60.60319968535035 476.9532503179379 62.721819680629665 
182.00313653679083 50.588848671781335 64.84963561032438 58.49831299331876 657.9342846223991 60.323968328521474 136.20586009912995 60.629818657571434 
183.00313653679083 50.588848671781335 64.84963561032438 182.77773485553257 221.26514539551883 60.60319968535035 91.60215411752576 63.721819680629665 
184.00313653679083 50.588848671781335 65.3627937498959 60.34605514500859 19.608648071492382 60.66673976761879 16.897210657602244 60.629818657571434 
185.00313653679083 50.588848671781335 71.78786328718566 81.23797978057826 101.7801171866559 61.323968328521474 36.490856941939825 63.26415559283423 
186.00313653679083 50.588848671781335 185.8184678403816 64.59008928752878 12.833795912925297 61.323968328521474 11.4164212562805 63.26415559283423 
187.00313653679083 50.588848671781335 66.58618649546068 60.34605514500859 53.64445188515796 61.60319968535035 63.1927412404325 63.721819680629665 
188.00313653679083 50.588848671781335 81.25826836460806 61.15478384614076 46.66305150897378 61.66673976761879 12.079178581701285 63.721819680629665 
189.00313653679083 50.588848671781335 81.25826836460806 80.23797978057826 14.634780314076238 63.04118535012529 66.07017591394907 63.26415559283423 
190.00313653679083 50.588848671781335 81.25826836460806 61.740563247846126 12.377317102662232 63.6946517099847 17.916024734531987 63.721819680629665 
191.00313653679083 50.588848671781335 68.54997095142328 67.44442779864252 13.828340870957902 63.60319968535035 26.655444107923472 63.40645476311599 
192.00313653679083 50.588848671781335 73.28347705159406 62.739639703622345 14.035063514623062 63.60319968535035 17.70636438816834 63.721819680629665 
193.00313653679083 50.588848671781335 82.25826836460806 65.6279937246924 23.974804611433342 63.60319968535035 13.875968351206325 63.721819680629665 
194.00313653679083 50.588848671781335 75.98862146534306 67.59008928752878 16.73270858142297 63.90652679588723 21.749524340119137 63.721819680629665 
195.00313653679083 50.588848671781335 83.7687217769552 64.42251788159896 17.63880808489168 64.43611059871515 14.45113495154402 63.721819680629665 
196.00313653679083 50.588848671781335 82.7687217769552 64.47445607162129 20.606520583434218 64.59203440403328 14.80609255104082 63.721819680629665 
197.00313653679083 50.588848671781335 71.6508940388953 83.23797978057826 13.907617771818991 65.1350950954893 34.220235885583094 63.721819680629665 
198.00313653679083 50.588848671781335 74.28347705159406 66.16078504956664 14.000016751727713 65.49926203844709 16.33177988160142 63.721819680629665 
199.00313653679083 50.588848671781335 72.46054203380805 67.59008928752877 15.516843517055662 65.49926203844709 16.509948766649757 63.721819680629665 
200.00313653679083 50.588848671781335 84.7687217769552 66.47252111563597 15.516843517055662 66.05323792808781 16.795800104158417 63.721819680629665 
201.00313653679083 50.588848671781335 84.7687217769552 82.23797978057826 15.516843517055662 66.05323792808781 18.194121261062406 63.721819680629665 
202.00313653679083 50.588848671781335 84.7687217769552 75.61264900239347 15.797602028000284 66.29056393059633 18.26309428552696 63.721819680629665 
203.00313653679083 50.588848671781335 75.28347705159406 69.44442779864252 16.046750854153686 66.70365913485898 19.052202921706396 63.721819680629665 
204.00313653679083 50.588848671781335 84.7687217769552 68.13985664039396 17.297735835846623 66.70365913485898 19.688131737604095 63.721819680629665 
205.00313653679083 50.588848671781335 77.98862146534306 69.40283233159488 17.196998110746534 67.15025863873842 23.252792624590455 63.721819680629665 
206.00313653679083 50.588848671781335 85.7687217769552 82.23797978057826 18.10903022216965 67.15025863873842 21.856773291716223 63.721819680629665 
207.00313653679083 50.588848671781335 75.29358698434132 69.13985664039396 27.10004138017206 67.5732165274737 36.45756072451394 63.721819680629665 
208.00313653679083 50.588848671781335 84.96734145496049 76.61264900239348 18.68063852566351 187.2677072387634 23.082117166778232 63.721819680629665 
209.00313653679083 50.588848671781335 85.14891665031897 70.44442779864252 19.281400923395523 69.64217539212132 24.255244899319024 63.721819680629665 
210.00313653679083 50.588848671781335 78.98862146534307 70.15885081746563 21.38234431573389 69.80434772386832 26.42092057956063 63.721819680629665 
211.00313653679083 50.588848671781335 86.14891665031897 82.23797978057826 21.398578290054246 82.63337030350058 26.146973105753005 63.721819680629665 
212.00313653679083 50.588848671781335 86.14891665031897 79.23797978057826 20.772190104258073 75.93181934462308 26.518729146926972 63.721819680629665 
213.00313653679083 50.588848671781335 86.14891665031897 77.14597875752003 21.936394443704074 70.64217539212132 29.634431645616246 63.721819680629665 
214.00313653679083 50.588848671781335 86.14891665031897 76.46787691907338 21.867708847629615 74.11538527067296 39.89974102851349 63.721819680629665 
215.00313653679083 50.588848671781335 86.14891665031897 81.23797978057826 22.871454224044697 88.72537132655881 30.67489317833062 63.721819680629665 
216.00313653679083 50.588848671781335 79.98862146534307 78.78031569278284 23.319230901924556 71.8884205571691 13.461116013400868 63.721819680629665 
217.00313653679083 50.588848671781335 87.14891665031897 72.9499166036183 23.748411522494905 76.95263822416678 14.236268163218 63.721819680629665 
218.00313653679083 50.588848671781335 87.14891665031897 80.23797978057826 59.83444466980495 84.63337030350058 14.367113764153459 63.721819680629665 
219.00313653679083 50.588848671781335 79.98862146534307 76.46787691907338 27.63824829328516 77.93181934462308 14.490818908079888 63.721819680629665 
220.00313653679083 50.588848671781335 219.49590470824438 74.41309661766155 27.109004479421372 75.11538527067296 15.133961609229459 63.721819680629665 
221.00313653679083 50.588848671781335 79.98862146534307 82.23797978057826 26.863491822890353 74.47192025509443 15.215423725825815 63.721819680629665 
222.00313653679083 50.588848671781335 88.83660458988996 75.13286305162143 28.408846735364563 77.95263822416678 16.421556222218612 63.721819680629665 
223.00313653679083 50.588848671781335 88.57823803264014 80.78031569278284 14.683854705522208 78.07748083350933 16.263653313716702 63.721819680629665 
224.00313653679083 50.588848671781335 88.83660458988996 75.64449959336048 15.133707755565439 92.72537132655881 16.66292652551806 63.721819680629665 
225.00313653679083 50.588848671781335 84.14746564572064 79.14597875752003 15.64060914600708 78.93181934462308 17.962658856967465 63.721819680629665 
226.00313653679083 50.588848671781335 89.83660458988996 77.18476046035059 15.64060914600708 78.93181934462308 17.528836945717757 63.721819680629665 
227.00313653679083 50.588848671781335 89.83660458988996 83.23797978057826 15.64060914600708 77.95263822416678 22.888238234379713 63.721819680629665 
228.00313653679083 50.588848671781335 90.4384770486262 80.78031569278284 15.64060914600708 91.72537132655881 18.53225971163016 63.721819680629665 
229.00313653679083 50.588848671781335 90.4384770486262 78.21618967507789 15.785084977890193 77.95263822416678 18.55878431470066 63.721819680629665 
230.00313653679083 50.588848671781335 83.92544581343628 82.23797978057826 15.785084977890193 84.95526846505393 18.94398108823617 63.721819680629665 
231.00313653679083 50.588848671781335 90.83660458988996 80.14597875752003 16.412356176219248 78.93181934462308 19.03831078799638 63.721819680629665 
232.00313653679083 50.588848671781335 90.83660458988996 80.14597875752003 16.412356176219248 90.72537132655881 19.159629240468774 63.721819680629665 
233.00313653679083 50.588848671781335 91.4384770486262 84.23797978057826 16.953849190094445 84.63337030350058 105.21357720697208 63.721819680629665 
234.00313653679083 50.588848671781335 91.4384770486262 81.78031569278284 16.953849190094445 83.95526846505393 19.99550065266064 63.721819680629665 
235.00313653679083 50.588848671781335 91.4384770486262 82.23797978057826 18.12746550953807 78.93181934462308 20.87502222358856 63.721819680629665 
236.00313653679083 50.588848671781335 91.4384770486262 82.23797978057826 18.12746550953807 78.93181934462308 19.99550065266064 63.721819680629665 
237.00313653679083 50.588848671781335 91.81419842042064 81.78031569278284 18.551745516976524 90.72537132655881 20.239440266711313 63.721819680629665 
238.00313653679083 50.588848671781335 87.16405232261047 81.25214195955473 18.551745516976524 87.72537132655881 20.239440266711313 63.721819680629665 
239.00313653679083 50.588848671781335 92.81419842042064 82.78031569278284 18.937795201780546 85.63337030350058 20.87502222358856 63.721819680629665 
240.00313653679083 50.588848671781335 92.81419842042064 83.23797978057826 19.45611791886438 84.95526846505393 20.87502222358856 63.721819680629665 
241.00313653679083 50.588848671781335 92.81419842042064 82.56797754956267 19.457194677763084 81.22962947062453 20.87502222358856 63.721819680629665 
242.00313653679083 50.588848671781335 92.81419842042064 82.92261486306458 20.324366702313597 90.72537132655881 20.87502222358856 63.721819680629665 
243.00313653679083 50.588848671781335 93.62182091222348 83.23650465301398 20.732579604192154 87.72537132655881 20.87502222358856 63.721819680629665 
244.00313653679083 50.588848671781335 92.92953561881916 83.23650465301398 21.62408071521 82.68116874294677 21.005464830973835 63.721819680629665 
245.00313653679083 50.588848671781335 90.38221619505754 83.23650465301398 21.62408071521 86.63337030350058 21.881919891943227 63.721819680629665 
246.00313653679083 50.588848671781335 93.81419842042064 83.23650465301398 21.900877736258735 85.95526846505393 21.843572681748583 63.721819680629665 
247.00313653679083 50.588848671781335 93.81419842042064 83.23650465301398 22.719642260545214 90.72537132655881 21.843572681748583 63.721819680629665 
248.00313653679083 50.588848671781335 94.62182091222348 83.23650465301398 22.793816199033472 84.53240147231153 23.7696710486197 63.721819680629665 
249.00313653679083 50.588848671781335 94.62182091222348 83.23650465301398 22.947965704119184 89.26770723876339 24.23118078759967 63.721819680629665 
250.00313653679083 50.588848671781335 94.62182091222348 83.23650465301398 23.777875890977356 89.72537132655881 24.23118078759967 63.721819680629665 
251.00313653679083 50.588848671781335 92.9371787421056 83.23650465301398 24.96770887780744 85.95526846505393 24.43690079160416 63.721819680629665 
252.00313653679083 50.588848671781335 94.24034507044678 83.23650465301398 24.884015807545637 85.46641715377649 24.43690079160416 63.721819680629665 
253.00313653679083 50.588848671781335 96.62182091222348 83.23650465301398 24.884015807545637 91.72537132655881 24.89384010014814 63.721819680629665 
254.00313653679083 50.588848671781335 253.8790989845619 83.23650465301398 25.432431028536314 89.26770723876339 25.208332492002086 63.721819680629665 
255.00313653679083 50.588848671781335 96.62182091222348 83.23650465301398 25.5037075211755 89.72537132655881 25.724062798569207 63.721819680629665 
256.00313653679086 50.588848671781335 95.4384770486262 83.23650465301398 26.369301716854324 88.01875617350927 26.140639672267042 63.721819680629665 
257.00313653679086 50.58884867178131 97.82163594705548 83.23650465301398 26.51926183011153 88.63337030350061 26.56931395153731 63.721819680629665 
258.00313653679086 50.58884867178131 96.37537926668932 83.23650465301398 26.654735714135285 88.63337030350061 26.720191838750395 63.721819680629665 
259.00313653679086 50.58884867178131 101.56837408157904 83.23650465301398 27.54969937150588 92.72537132655884 26.770967231476277 63.721819680629665 
260.00313653679086 50.58884867178131 99.56837408157904 83.23650465301398 27.54969937150588 88.87409445565635 27.58230473111678 63.721819680629665 
261.00313653679086 50.58884867178131 99.56837408157904 83.23650465301398 27.698583169624015 91.26770723876342 27.58230473111678 63.721819680629665 
262.00313653679086 50.58884867178131 99.56837408157904 83.23650465301398 28.21077187040919 91.72537132655884 28.06679892739737 63.721819680629665 
263.00313653679086 50.58884867178131 99.56837408157904 83.23650465301398 28.29800109753924 91.72537132655884 28.190178544372145 63.721819680629665 
264.00313653679086 50.58884867178131 99.12202994624576 83.23650465301398 28.59938607800305 91.26770723876342 28.359631282819464 63.721819680629665 
265.00313653679086 50.58884867178131 100.56837408157904 83.23650465301398 28.841079718529386 91.26770723876342 28.725181608278263 63.721819680629665 
266.00313653679086 50.58884867178131 100.56837408157904 83.23650465301398 29.556325732163486 91.72537132655884 29.132604416182915 63.721819680629665 
267.00313653679086 50.58884867178131 100.30779295002878 83.23650465301398 29.620726664742335 91.72537132655884 29.294475433978135 63.721819680629665 
268.00313653679086 50.58884867178131 100.30779295002878 83.23650465301398 30.20899016691652 91.72537132655884 29.67989099663015 63.721819680629665 
269.00313653679086 50.58884867178131 100.30779295002878 83.23650465301398 30.20899016691652 91.72537132655884 30.24886518978218 63.721819680629665 
270.00313653679086 50.58884867178131 100.30779295002878 83.23650465301398 30.829298798706873 91.72537132655884 31.09115103995802 63.721819680629665 
271.00313653679086 50.58884867178131 100.30779295002878 83.23650465301398 31.653932040911513 91.72537132655884 31.09115103995802 63.721819680629665 
272.00313653679086 50.58884867178131 100.30779295002878 83.23650465301398 31.59610682411528 91.72537132655884 31.394305432252963 63.721819680629665 
273.00313653679086 50.58884867178131 100.30779295002878 83.23650465301398 31.432753244071478 91.72537132655884 31.829870252156383 63.721819680629665 
274.00313653679086 50.58884867178131 100.30779295002878 83.23650465301398 140.70721812577406 91.72537132655884 32.324920434577336 63.721819680629665 
275.00313653679086 50.58884867178131 100.30779295002878 83.23650465301398 31.59610682411528 91.72537132655884 33.76228405885567 63.721819680629665 
276.00313653679086 50.58884867178131 100.30779295002878 83.23650465301398 36.084482843776414 91.72537132655884 33.62366696460916 63.721819680629665 
277.00313653679086 50.58884867178131 100.30779295002878 83.23650465301398 32.51829258448774 91.72537132655884 33.568099056615836 63.721819680629665 
278.00313653679086 50.58884867178131 100.30779295002878 83.23650465301398 36.084482843776414 91.72537132655884 33.76565332850805 63.721819680629665 
279.00313653679086 50.58884867178131 100.30779295002878 83.23650465301398 32.72503053965568 91.72537132655884 33.78109015059897 63.721819680629665 
280.00313653679086 50.58884867178131 100.30779295002878 83.23650465301398 37.084482843776414 91.72537132655884 34.93722461136633 63.721819680629665 
281.00313653679086 50.58884867178131 100.30779295002878 83.23650465301398 35.24165128881259 91.72537132655884 35.25272155740902 63.721819680629665 
282.00313653679086 50.58884867178131 100.30779295002878 83.23650465301398 35.084482843776414 91.72537132655884 35.948914833301444 63.721819680629665 
283.00313653679086 50.58884867178131 100.30779295002878 83.23650465301398 34.89270867779817 91.72537132655884 35.948914833301444 63.721819680629665 
284.00313653679086 50.58884867178131 100.30779295002878 83.23650465301398 34.92670733138067 91.72537132655884 94.99645740609952 63.721819680629665 
285.00313653679086 50.58884867178131 100.30779295002878 83.23650465301398 35.24165128881259 91.72537132655884 38.464541329019596 63.721819680629665 
286.00313653679086 50.58884867178131 100.30779295002878 83.23650465301398 36.084482843776414 91.72537132655884 37.04177774209276 63.721819680629665 
287.00313653679086 50.58884867178131 100.30779295002878 83.23650465301398 36.084482843776414 91.72537132655884 41.23076005584937 63.721819680629665 
288.00313653679086 50.58884867178131 100.30779295002878 83.23650465301398 36.71342850462935 91.72537132655884 40.06242890485649 63.721819680629665 
289.00313653679086 50.58884867178131 100.30779295002878 83.23650465301398 36.71342850462935 91.72537132655884 39.895006843918594 63.721819680629665 
290.00313653679086 50.58884867178131 100.30779295002878 83.23650465301398 37.55757685995863 91.72537132655884 40.09804016987965 63.721819680629665 
291.00313653679086 50.58884867178131 100.30779295002878 83.23650465301398 37.55757685995863 91.72537132655884 39.464541329019596 63.721819680629665 
292.00313653679086 50.58884867178131 100.30779295002878 83.23650465301398 38.46801745800806 91.72537132655884 41.23076005584937 63.721819680629665 
293.00313653679086 50.58884867178131 100.30779295002878 83.23650465301398 38.46801745800806 91.72537132655884 40.1705061491094 63.721819680629665 
294.00313653679086 50.58884867178131 100.30779295002878 83.23650465301398 38.73238928107901 91.72537132655884 41.06242890485649 63.721819680629665 
295.00313653679086 50.58884867178131 100.30779295002878 83.23650465301398 38.73238928107901 91.72537132655884 40.406736174336686 63.721819680629665 
296.00313653679086 50.58884867178131 100.30779295002878 83.23650465301398 39.45690156632779 91.72537132655884 40.56397406210007 63.721819680629665 
297.00313653679086 50.58884867178131 100.30779295002878 83.23650465301398 39.48020453696108 91.72537132655884 41.09804016987965 63.721819680629665 
298.00313653679086 50.58884867178131 100.30779295002878 83.23650465301398 40.27218371566181 91.72537132655884 41.09804016987965 63.721819680629665 
299.00313653679086 50.58884867178131 100.30779295002878 83.23650465301398 40.173573382648556 91.72537132655884 41.09804016987965 63.721819680629665 
300.00313653679086 50.58884867178131 100.30779295002878 83.23650465301398 40.480122142273785 91.72537132655884 41.09804016987965 63.721819680629665 
301.00313653679086 50.58884867178131 100.30779295002878 83.23650465301398 40.61515858465373 91.72537132655884 41.202148028575834 63.721819680629665 
302.00313653679086 50.58884867178131 100.30779295002878 83.23650465301398 41.04389475365417 91.72537132655884 41.46125006652062 63.721819680629665 
303.00313653679086 50.58884867178131 100.30779295002878 83.23650465301398 41.4835992717567 91.72537132655884 41.46125006652062 63.721819680629665 
304.00313653679086 50.58884867178131 100.30779295002878 83.23650465301398 45.32883651947827 91.72537132655884 41.46125006652062 63.721819680629665 
305.00313653679086 50.58884867178131 100.30779295002878 83.23650465301398 42.14191593691919 91.72537132655884 41.638061302302276 63.721819680629665 
306.00313653679086 50.58884867178131 100.30779295002878 83.23650465301398 42.35739354473003 91.72537132655884 41.638061302302276 63.721819680629665 
307.00313653679086 50.58884867178131 100.30779295002878 83.23650465301398 43.012495008993255 91.72537132655884 41.638061302302276 63.721819680629665 
308.00313653679086 50.58884867178131 100.30779295002878 83.23650465301398 43.38920202498889 91.72537132655884 41.638061302302276 63.721819680629665 
309.00313653679086 50.58884867178131 100.30779295002878 83.23650465301398 43.38920202498889 91.72537132655884 42.072259883870004 63.721819680629665 
310.00313653679086 50.58884867178131 100.30779295002878 83.23650465301398 43.38920202498889 91.72537132655884 42.20060540213893 63.721819680629665 
311.00313653679086 50.58884867178131 100.30779295002878 83.23650465301398 43.612173137319814 91.72537132655884 42.20060540213893 63.721819680629665 
312.00313653679086 50.58884867178131 100.30779295002878 83.23650465301398 45.191608553557955 91.72537132655884 42.20060540213893 63.721819680629665 
313.00313653679086 50.58884867178131 100.30779295002878 83.23650465301398 44.68040040973767 91.72537132655884 42.20060540213893 63.721819680629665 
314.00313653679086 50.58884867178131 100.30779295002878 83.23650465301398 44.68040040973767 91.72537132655884 42.20060540213893 63.721819680629665 
315.00313653679086 50.58884867178131 100.30779295002878 83.23650465301398 46.53243165038168 91.72537132655884 42.20060540213893 63.721819680629665 
316.00313653679086 50.58884867178131 100.30779295002878 83.23650465301398 45.53243165038168 91.72537132655884 42.79705329360206 63.721819680629665 
317.00313653679086 50.58884867178131 100.30779295002878 83.23650465301398 46.27516220580412 91.72537132655884 42.79705329360206 63.721819680629665 
318.00313653679086 50.58884867178131 100.30779295002878 83.23650465301398 46.09672717554804 91.72537132655884 42.79705329360206 63.721819680629665 
319.00313653679086 50.58884867178131 100.30779295002878 83.23650465301398 46.577150583670914 91.72537132655884 42.883218325667485 63.721819680629665 
320.00313653679086 50.58884867178131 100.30779295002878 83.23650465301398 47.06786079444396 91.72537132655884 43.30359244178845 63.721819680629665 
321.00313653679086 50.58884867178131 100.30779295002878 83.23650465301398 47.2962905021746 91.72537132655884 43.331412053156214 63.721819680629665 
322.00313653679086 50.58884867178131 100.30779295002878 83.23650465301398 47.38367577697289 91.72537132655884 43.70297845875143 63.721819680629665 
323.00313653679086 50.58884867178131 100.30779295002878 83.23650465301398 51.27516220580412 91.72537132655884 43.70297845875143 63.721819680629665 
324.00313653679086 50.58884867178131 100.30779295002878 83.23650465301398 48.23073887811279 91.72537132655884 44.36041036580434 63.721819680629665 
325.00313653679086 50.58884867178131 100.30779295002878 83.23650465301398 48.787442304839374 91.72537132655884 44.36041036580434 63.721819680629665 
326.00313653679086 50.58884867178131 100.30779295002878 83.23650465301398 48.62256844320382 91.72537132655884 44.36041036580434 63.721819680629665 
327.00313653679086 50.58884867178131 100.30779295002878 83.23650465301398 48.86536028992737 91.72537132655884 44.78711627740222 63.721819680629665 
328.00313653679086 50.58884867178131 100.30779295002878 83.23650465301398 49.26465142428577 91.72537132655884 44.803706939077756 63.721819680629665 
329.00313653679086 50.58884867178131 100.30779295002878 83.23650465301398 49.26465142428577 91.72537132655884 44.803706939077756 63.721819680629665 
330.00313653679086 50.58884867178131 100.30779295002878 83.23650465301398 49.26465142428577 91.72537132655884 45.20550247216818 63.721819680629665 
331.00313653679086 50.58884867178131 100.30779295002878 83.23650465301398 49.26465142428577 91.72537132655884 45.205889861929336 63.721819680629665 
332.00313653679086 50.58884867178131 100.30779295002878 83.23650465301398 49.26465142428577 91.72537132655884 45.84813026676909 63.721819680629665 
333.00313653679086 50.58884867178131 100.30779295002878 83.23650465301398 50.130010397786464 91.72537132655884 46.07258140527853 63.721819680629665 
334.00313653679086 50.58884867178131 100.30779295002878 83.23650465301398 50.130010397786464 91.72537132655884 46.10539971134665 63.721819680629665 
335.00313653679086 50.58884867178131 100.30779295002878 83.23650465301398 50.130010397786464 91.72537132655884 46.44942168474455 63.721819680629665 
336.00313653679086 50.58884867178131 100.30779295002878 83.23650465301398 50.65483471459595 91.72537132655884 46.6495638368736 63.721819680629665 
337.00313653679086 50.58884867178131 100.30779295002878 83.23650465301398 50.730624380823485 91.72537132655884 47.49010448770025 63.721819680629665 
338.00313653679086 50.58884867178131 100.30779295002878 83.23650465301398 50.730624380823485 91.72537132655884 47.49010448770025 63.721819680629665 
339.00313653679086 50.58884867178131 100.30779295002878 83.23650465301398 51.21316937502377 91.72537132655884 47.76457661452292 63.721819680629665 
340.00313653679086 50.58884867178131 100.30779295002878 83.23650465301398 51.31025026470252 91.72537132655884 47.76457661452292 63.721819680629665 
341.00313653679086 50.58884867178131 100.30779295002878 83.23650465301398 51.31025026470252 91.72537132655884 48.18514119828478 63.721819680629665 
342.00313653679086 50.58884867178131 100.30779295002878 83.23650465301398 51.96133329126445 91.72537132655884 48.32520191875574 63.721819680629665 
343.00313653679086 50.58884867178131 100.30779295002878 83.23650465301398 51.96133329126445 91.72537132655884 48.96700974712576 63.721819680629665 
344.00313653679086 50.58884867178131 100.30779295002878 83.23650465301398 52.224085232637094 91.72537132655884 49.15937037236904 63.721819680629665 
345.00313653679086 50.58884867178131 100.30779295002878 83.23650465301398 52.224085232637094 91.72537132655884 49.96217008595386 63.721819680629665 
346.00313653679086 50.58884867178131 100.30779295002878 83.23650465301398 52.26836898059469 91.72537132655884 50.71488399788416 63.721819680629665 
347.00313653679086 50.58884867178131 100.30779295002878 83.23650465301398 52.26836898059469 91.72537132655884 50.46806976660821 63.721819680629665 
348.00313653679086 50.58884867178131 100.30779295002878 83.23650465301398 52.46318153890911 91.72537132655884 50.46806976660821 63.721819680629665 
349.00313653679086 50.58884867178131 100.30779295002878 83.23650465301398 52.46318153890911 91.72537132655884 51.01192761019979 63.721819680629665 
350.00313653679086 50.58884867178131 100.30779295002878 83.23650465301398 52.46318153890911 91.72537132655884 51.01192761019979 63.721819680629665 
351.00313653679086 50.58884867178131 100.30779295002878 83.23650465301398 52.71683340839172 91.72537132655884 51.01192761019979 63.721819680629665 
352.00313653679086 50.58884867178131 100.30779295002878 83.23650465301398 52.85229990475216 91.72537132655884 51.188126645618695 63.721819680629665 
353.00313653679086 50.58884867178131 100.30779295002878 83.23650465301398 53.499291822905036 91.72537132655884 51.188126645618695 63.721819680629665 
354.00313653679086 50.58884867178131 100.30779295002878 83.23650465301398 53.499291822905036 91.72537132655884 52.05309020323875 63.721819680629665 
355.00313653679086 50.58884867178131 100.30779295002878 83.23650465301398 54.06509324133731 91.72537132655884 52.18816083523757 63.721819680629665 
356.00313653679086 50.58884867178131 100.30779295002878 83.23650465301398 53.865871260248696 91.72537132655884 52.84515177662678 63.721819680629665 
357.00313653679086 50.58884867178131 100.30779295002878 83.23650465301398 53.88828200555565 91.72537132655884 52.84515177662678 63.721819680629665 
358.00313653679086 50.58884867178131 100.30779295002878 83.23650465301398 54.74454544071796 91.72537132655884 53.305357342043976 63.721819680629665 
359.00313653679086 50.58884867178131 100.30779295002878 83.23650465301398 54.74454544071796 91.72537132655884 53.48757578252264 63.721819680629665 
360.00313653679086 50.58884867178131 100.30779295002878 83.23650465301398 55.48946084389149 91.72537132655884 53.68013207143218 63.721819680629665 
361.00313653679086 50.58884867178131 100.30779295002878 83.23650465301398 55.69846673675511 91.72537132655884 53.68013207143218 63.721819680629665 
362.00313653679086 50.58884867178131 100.30779295002878 83.23650465301398 56.322038782953655 91.72537132655884 54.67359182485967 63.721819680629665 
363.00313653679086 50.58884867178131 100.30779295002878 83.23650465301398 56.59753808814446 91.72537132655884 54.61475323080259 63.721819680629665 
364.00313653679086 50.58884867178131 100.30779295002878 83.23650465301398 56.65784294389613 91.72537132655884 54.61475323080259 63.721819680629665 
365.00313653679086 50.58884867178131 100.30779295002878 83.23650465301398 57.03350555894167 91.72537132655884 55.74021087501876 63.721819680629665 
366.00313653679086 50.58884867178131 100.30779295002878 83.23650465301398 57.03350555894167 91.72537132655884 55.65472018682971 63.721819680629665 
367.00313653679086 50.58884867178131 100.30779295002878 83.23650465301398 57.71858549323258 91.72537132655884 55.65745090474138 63.721819680629665 
368.00313653679086 50.58884867178131 100.30779295002878 83.23650465301398 57.71858549323258 91.72537132655884 56.116033263322834 63.721819680629665 
369.00313653679086 50.58884867178131 100.30779295002878 83.23650465301398 58.139956438430204 91.72537132655884 56.465676738763136 63.721819680629665 
370.00313653679086 50.58884867178131 100.30779295002878 83.23650465301398 58.46880968112782 91.72537132655884 56.465676738763136 63.721819680629665 
371.00313653679086 50.58884867178131 100.30779295002878 83.23650465301398 59.26135544956014 91.72537132655884 56.59333282077006 63.721819680629665 
372.00313653679086 50.58884867178131 100.30779295002878 83.23650465301398 59.71986496447232 91.72537132655884 56.76559022526385 63.721819680629665 
373.00313653679086 50.58884867178131 100.30779295002878 83.23650465301398 60.098584335032115 91.72537132655884 56.76559022526385 63.721819680629665 
374.00313653679086 50.58884867178131 100.30779295002878 83.23650465301398 60.85976973755845 91.72537132655884 57.08574700797891 63.721819680629665 
375.00313653679086 50.58884867178131 100.30779295002878 83.23650465301398 60.81400035727347 91.72537132655884 248.72230856936105 63.721819680629665 
376.00313653679086 50.58884867178131 100.30779295002878 83.23650465301398 60.99396403666299 91.72537132655884 63.99528915675404 63.721819680629665 
377.00313653679086 50.58884867178131 100.30779295002878 83.23650465301398 61.364256550401365 91.72537132655884 58.297998600620645 63.721819680629665 
378.00313653679086 50.58884867178131 100.30779295002878 83.23650465301398 62.208122089634 91.72537132655884 63.99528915675404 63.721819680629665 
379.00313653679086 50.58884867178131 100.30779295002878 83.23650465301398 62.208122089634 91.72537132655884 63.99528915675404 63.721819680629665 
380.00313653679086 50.58884867178131 100.30779295002878 83.23650465301398 62.99513099565087 91.72537132655884 64.52093376508412 63.721819680629665 
381.00313653679086 50.58884867178131 100.30779295002878 83.23650465301398 63.315899095712325 91.72537132655884 60.9255808363248 63.721819680629665 
382.00313653679086 50.58884867178131 100.30779295002878 83.23650465301398 63.315899095712325 91.72537132655884 64.99528915675404 63.721819680629665 
383.00313653679086 50.58884867178131 100.30779295002878 83.23650465301398 64.18931599789073 91.72537132655884 61.16907488508025 63.721819680629665 
384.00313653679086 50.58884867178131 100.30779295002878 83.23650465301398 64.25690219119144 91.72537132655884 65.99528915675404 63.721819680629665 
385.00313653679086 50.58884867178131 100.30779295002878 83.23650465301398 64.25690219119144 91.72537132655884 65.99528915675404 63.721819680629665 
386.00313653679086 50.58884867178131 100.30779295002878 83.23650465301398 64.821337371288 91.72537132655884 65.99528915675404 63.721819680629665 
387.00313653679086 50.58884867178131 100.30779295002878 83.23650465301398 65.51818297899308 91.72537132655884 65.99528915675404 63.721819680629665 
388.00313653679086 50.58884867178131 100.30779295002878 83.23650465301398 65.73394463652437 91.72537132655884 65.99528915675404 63.721819680629665 
389.00313653679086 50.58884867178131 100.30779295002878 83.23650465301398 65.73394463652437 91.72537132655884 66.54067693877244 63.721819680629665 
390.00313653679086 50.58884867178131 100.30779295002878 83.23650465301398 66.46868218401352 91.72537132655884 65.99528915675404 63.721819680629665 
391.00313653679086 50.58884867178131 100.30779295002878 83.23650465301398 66.46868218401352 91.72537132655884 69.54067693877244 63.721819680629665 
392.00313653679086 50.58884867178131 100.30779295002878 83.23650465301398 66.70710142822611 91.72537132655884 65.99528915675404 63.721819680629665 
393.00313653679086 50.58884867178131 100.30779295002878 83.23650465301398 67.1522135473133 91.72537132655884 67.18417242023827 63.721819680629665 
394.00313653679086 50.58884867178131 100.30779295002878 83.23650465301398 67.7866632218545 91.72537132655884 66.72065840982236 63.721819680629665 
395.00313653679086 50.58884867178131 100.30779295002878 83.23650465301398 67.7866632218545 91.72537132655884 65.99528915675404 63.721819680629665 
396.00313653679086 50.58884867178131 100.30779295002878 83.23650465301398 68.05280596367135 91.72537132655884 68.19704877617494 63.721819680629665 
397.00313653679086 50.58884867178131 100.30779295002878 83.23650465301398 68.64320624211962 91.72537132655884 68.19704877617494 63.721819680629665 
398.00313653679086 50.58884867178131 100.30779295002878 83.23650465301398 68.64320624211962 91.72537132655884 67.6016279806658 63.721819680629665 
399.00313653679086 50.58884867178131 100.30779295002878 83.23650465301398 69.77002298527515 91.72537132655884 67.6016279806658 63.721819680629665 
400.00313653679086 50.58884867178131 100.30779295002878 83.23650465301398 69.77002298527515 91.72537132655884 67.6016279806658 63.721819680629665 
401.00313653679086 50.58884867178131 100.30779295002878 83.23650465301398 70.3320373205002 91.72537132655884 68.19704877617494 63.721819680629665 
402.00313653679086 50.58884867178131 100.30779295002878 83.23650465301398 70.22522096243404 91.72537132655884 69.0874141309614 63.721819680629665 
403.00313653679086 50.58884867178131 100.30779295002878 83.23650465301398 70.78481626252699 91.72537132655884 68.87473061309453 63.721819680629665 
404.00313653679086 50.58884867178131 100.30779295002878 83.23650465301398 71.63536443103709 91.72537132655884 70.0874141309614 63.721819680629665 
405.00313653679086 50.58884867178131 100.30779295002878 83.23650465301398 71.63536443103709 91.72537132655884 69.65591959003893 63.721819680629665 
406.00313653679086 50.58884867178131 100.30779295002878 83.23650465301398 72.164948233865 91.72537132655884 70.02908597982935 63.721819680629665 
407.00313653679086 50.58884867178131 100.30779295002878 83.23650465301398 72.32087203918314 91.72537132655884 70.11693592917294 63.721819680629665 
408.00313653679086 50.58884867178131 100.30779295002878 83.23650465301398 72.86393273063914 91.72537132655884 234.70043357050304 63.721819680629665 
409.00313653679086 50.58884867178131 100.30779295002878 83.23650465301398 73.22809967359694 91.72537132655884 71.70043357050304 63.721819680629665 
410.00313653679086 50.58884867178131 100.30779295002878 83.23650465301398 73.22809967359694 91.72537132655884 78.63725791859622 63.721819680629665 
411.00313653679086 50.58884867178131 100.30779295002878 83.23650465301398 73.78207556323764 91.72537132655884 72.49741477726934 63.721819680629665 
412.00313653679086 50.58884867178131 100.30779295002878 83.23650465301398 74.0194015657462 91.72537132655884 72.52681725105941 63.721819680629665 
413.00313653679086 50.58884867178131 100.30779295002878 83.23650465301398 74.67938745001459 91.72537132655884 72.80357717967667 63.721819680629665 
414.00313653679086 50.58884867178131 100.30779295002878 83.23650465301398 74.98461398313157 91.72537132655884 77.63725791859622 63.721819680629665 
415.00313653679086 50.58884867178131 100.30779295002878 83.23650465301398 75.43249677000881 91.72537132655884 74.97711864909814 63.721819680629665 
416.00313653679086 50.58884867178131 100.30779295002878 83.23650465301398 75.87909627388831 91.72537132655884 77.27620899105983 63.721819680629665 
417.00313653679086 50.58884867178131 100.30779295002878 83.23650465301398 76.16225595208061 91.72537132655884 75.63725791859622 63.721819680629665 
418.00313653679086 50.58884867178131 100.30779295002878 83.23650465301398 76.30205416262356 91.72537132655884 75.38518138193416 63.721819680629665 
419.00313653679086 50.58884867178131 100.30779295002878 83.23650465301398 76.30205416262356 91.72537132655884 76.02499525481755 63.721819680629665 
420.00313653679086 50.58884867178131 100.30779295002878 83.23650465301398 77.77088428042191 91.72537132655884 75.71837044043912 63.721819680629665 
421.00313653679086 50.58884867178131 100.30779295002878 83.23650465301398 77.58666117950378 91.72537132655884 76.27620899105983 63.721819680629665 
422.00313653679086 50.58884867178131 100.30779295002878 83.23650465301398 77.58666117950378 91.72537132655884 76.63725791859622 63.721819680629665 
423.00313653679086 50.58884867178131 100.30779295002878 83.23650465301398 78.53318535901815 91.72537132655884 77.28288934740391 63.721819680629665 
424.00313653679086 50.58884867178131 100.30779295002878 83.23650465301398 78.98581625373566 91.72537132655884 77.64639732434136 63.721819680629665 
425.00313653679086 50.58884867178131 100.30779295002878 83.23650465301398 79.37101302727115 91.72537132655884 77.78917971068734 63.721819680629665 
426.00313653679086 50.58884867178131 100.30779295002878 83.23650465301398 79.95929165066514 91.72537132655884 78.0693298068864 63.721819680629665 
427.00313653679086 50.58884867178131 100.30779295002878 83.23650465301398 79.99521178317161 91.72537132655884 79.23494954842965 63.721819680629665 
428.00313653679086 50.58884867178131 100.30779295002878 83.23650465301398 80.95679242897654 91.72537132655884 220.28018618673903 63.721819680629665 
429.00313653679086 50.58884867178131 100.30779295002878 83.23650465301398 81.95586888475276 91.72537132655884 82.86072875547893 63.721819680629665 
430.00313653679086 50.58884867178131 100.30779295002878 83.23650465301398 81.54730707502677 91.72537132655884 82.86072875547893 63.721819680629665 
431.00313653679086 50.58884867178131 100.30779295002878 83.23650465301398 82.95586888475276 91.72537132655884 82.86072875547893 63.721819680629665 
432.00313653679086 50.58884867178131 100.30779295002878 83.23650465301398 83.34427065761827 91.72537132655884 89.15028915378616 63.721819680629665 
433.00313653679086 50.58884867178131 100.30779295002878 83.23650465301398 83.34427065761827 91.72537132655884 81.62047669999356 63.721819680629665 
434.00313653679086 50.58884867178131 100.30779295002878 83.23650465301398 83.69068525275168 91.72537132655884 83.86072875547893 63.721819680629665 
435.00313653679086 50.58884867178131 100.30779295002878 83.23650465301398 83.69068525275168 91.72537132655884 83.86072875547893 63.721819680629665 
436.00313653679086 50.58884867178131 100.30779295002878 83.23650465301398 84.84858816125359 91.72537132655884 83.86072875547893 63.721819680629665 
437.00313653679086 50.58884867178131 100.30779295002878 83.23650465301398 84.54982551415418 91.72537132655884 83.86072875547893 63.721819680629665 
438.00313653679086 50.58884867178131 100.30779295002878 83.23650465301398 84.91785084711489 91.72537132655884 90.15028915378616 63.721819680629665 
439.00313653679086 50.58884867178131 100.30779295002878 83.23650465301398 84.91785084711489 91.72537132655884 84.09402830021747 63.721819680629665 
440.00313653679086 50.58884867178131 100.30779295002878 83.23650465301398 85.79414570318846 91.72537132655884 84.86072875547893 63.721819680629665 
441.00313653679086 50.58884867178131 100.30779295002878 83.23650465301398 85.88814795243587 91.72537132655884 84.86072875547893 63.721819680629665 
442.00313653679086 50.58884867178131 100.30779295002878 83.23650465301398 86.84422290582279 91.72537132655884 84.86072875547893 63.721819680629665 
443.00313653679086 50.58884867178131 100.30779295002878 83.23650465301398 87.77646295857818 91.72537132655884 90.15028915378616 63.721819680629665 
444.00313653679086 50.58884867178131 100.30779295002878 83.23650465301398 87.83516508198164 91.72537132655884 86.54841669504992 63.721819680629665 
445.00313653679086 50.58884867178131 100.30779295002878 83.23650465301398 87.77646295857818 91.72537132655884 87.15028915378616 63.721819680629665 
446.00313653679086 50.58884867178131 100.30779295002878 83.23650465301398 87.83516508198164 91.72537132655884 86.26900479541905 63.721819680629665 
447.00313653679086 50.58884867178131 100.30779295002878 83.23650465301398 88.3560858215244 91.72537132655884 88.15028915378616 63.721819680629665 
448.00313653679086 50.58884867178131 100.30779295002878 83.23650465301398 88.6190615127253 91.72537132655884 87.95215717560677 63.721819680629665 
449.00313653679086 50.58884867178131 100.30779295002878 83.23650465301398 88.6190615127253 91.72537132655884 88.5260105255806 63.721819680629665 
450.00313653679086 50.58884867178131 100.30779295002878 83.23650465301398 88.88917213607965 91.72537132655884 166.36958358454183 63.721819680629665 
451.00313653679086 50.58884867178131 100.30779295002878 83.23650465301398 89.45365138453298 91.72537132655884 90.280186186739 63.721819680629665 
452.00313653679086 50.58884867178131 100.30779295002878 83.23650465301398 89.96254819872365 91.72537132655884 90.280186186739 63.721819680629665 
453.00313653679086 50.58884867178131 100.30779295002878 83.23650465301398 89.92133020892749 91.72537132655884 90.280186186739 63.721819680629665 
454.00313653679086 50.58884867178131 100.30779295002878 83.23650465301398 90.80631846865919 91.72537132655884 89.8369816990957 63.721819680629665 
455.00313653679086 50.58884867178131 100.30779295002878 83.23650465301398 90.80631846865919 91.72537132655884 91.36958358454183 63.721819680629665 
456.00313653679086 50.58884867178131 100.30779295002878 83.23650465301398 90.8897815096999 91.72537132655884 90.33363301738348 63.721819680629665 
457.00313653679086 50.58884867178131 100.30779295002878 83.23650465301398 91.09431274505181 91.72537132655884 90.6620716962197 63.721819680629665 
458.00313653679086 50.58884867178131 100.30779295002878 83.23650465301398 91.33887103227369 91.72537132655884 91.280186186739 63.721819680629665 
459.00313653679086 50.58884867178131 100.30779295002878 83.23650465301398 91.91172077138509 91.72537132655884 91.280186186739 63.721819680629665 
460.00313653679086 50.58884867178131 100.30779295002878 83.23650465301398 92.16614578474872 91.72537132655884 91.280186186739 63.721819680629665 
461.00313653679086 50.58884867178131 100.30779295002878 83.23650465301398 92.19622650319968 91.72537132655884 91.280186186739 63.721819680629665 
462.00313653679086 50.58884867178131 100.30779295002878 83.23650465301398 92.84183625295282 91.72537132655884 91.280186186739 63.721819680629665 
463.00313653679086 50.58884867178131 100.30779295002878 83.23650465301398 92.84183625295282 91.72537132655884 91.280186186739 63.721819680629665 
464.00313653679086 50.58884867178131 100.30779295002878 83.23650465301398 93.57496220741046 91.72537132655884 91.280186186739 63.721819680629665 
465.00313653679086 50.58884867178131 100.30779295002878 83.23650465301398 335.70721812577403 91.72537132655884 91.280186186739 63.721819680629665 
466.00313653679086 50.58884867178131 100.30779295002878 83.23650465301398 97.36220793865044 91.72537132655884 91.280186186739 63.721819680629665 
467.00313653679086 50.58884867178131 100.30779295002878 83.23650465301398 94.40243181439189 91.72537132655884 91.280186186739 63.721819680629665 
468.00313653679086 50.58884867178131 100.30779295002878 83.23650465301398 102.45420896170867 91.72537132655884 91.280186186739 63.721819680629665 
469.00313653679086 50.58884867178131 100.30779295002878 83.23650465301398 99.45420896170867 91.72537132655884 91.280186186739 63.721819680629665 
470.00313653679086 50.58884867178131 100.30779295002878 83.23650465301398 95.68410610020379 91.72537132655884 91.280186186739 63.721819680629665 
471.00313653679086 50.58884867178131 100.30779295002878 83.23650465301398 96.4324188562083 91.72537132655884 91.280186186739 63.721819680629665 
472.00313653679086 50.58884867178131 100.30779295002878 83.23650465301398 98.36220793865044 91.72537132655884 91.280186186739 63.721819680629665 
473.00313653679086 50.58884867178131 100.30779295002878 83.23650465301398 102.45420896170867 91.72537132655884 91.280186186739 63.721819680629665 
474.00313653679086 50.58884867178131 100.30779295002878 83.23650465301398 98.8288781835239 91.72537132655884 91.280186186739 63.721819680629665 
475.00313653679086 50.58884867178131 100.30779295002878 83.23650465301398 100.99654487391325 91.72537132655884 91.280186186739 63.721819680629665 
476.00313653679086 50.58884867178131 100.30779295002878 83.23650465301398 101.45420896170867 91.72537132655884 91.280186186739 63.721819680629665 
477.00313653679086 50.58884867178131 100.30779295002878 83.23650465301398 99.36220793865044 91.72537132655884 91.280186186739 63.721819680629665 
478.00313653679086 50.58884867178131 100.30779295002878 83.23650465301398 99.36220793865044 91.72537132655884 91.280186186739 63.721819680629665 
479.00313653679086 50.58884867178131 100.30779295002878 83.23650465301398 103.45420896170867 91.72537132655884 91.280186186739 63.721819680629665 
480.00313653679086 50.58884867178131 100.30779295002878 83.23650465301398 100.99654487391325 91.72537132655884 91.280186186739 63.721819680629665 
481.00313653679086 50.58884867178131 100.30779295002878 83.23650465301398 101.32973922053066 91.72537132655884 91.280186186739 63.721819680629665 
482.00313653679086 50.58884867178131 100.30779295002878 83.23650465301398 102.45420896170867 91.72537132655884 91.280186186739 63.721819680629665 
483.00313653679086 50.58884867178131 100.30779295002878 83.23650465301398 102.45420896170867 91.72537132655884 91.280186186739 63.721819680629665 
484.00313653679086 50.58884867178131 100.30779295002878 83.23650465301398 102.45420896170867 91.72537132655884 91.280186186739 63.721819680629665 
485.00313653679086 50.58884867178131 100.30779295002878 83.23650465301398 102.45420896170867 91.72537132655884 91.280186186739 63.721819680629665 
486.00313653679086 50.58884867178131 100.30779295002878 83.23650465301398 102.46837114068512 91.72537132655884 91.280186186739 63.721819680629665 
487.00313653679086 50.58884867178131 100.30779295002878 83.23650465301398 102.99654487391325 91.72537132655884 91.280186186739 63.721819680629665 
488.00313653679086 50.58884867178131 100.30779295002878 83.23650465301398 102.88279515482373 91.72537132655884 91.280186186739 63.721819680629665 
489.00313653679086 50.58884867178131 100.30779295002878 83.23650465301398 102.88279515482373 91.72537132655884 91.280186186739 63.721819680629665 
490.00313653679086 50.58884867178131 100.30779295002878 83.23650465301398 102.88279515482373 91.72537132655884 91.280186186739 63.721819680629665 
491.00313653679086 50.58884867178131 100.30779295002878 83.23650465301398 102.88279515482373 91.72537132655884 91.280186186739 63.721819680629665 
492.00313653679086 50.58884867178131 100.30779295002878 83.23650465301398 102.88279515482373 91.72537132655884 91.280186186739 63.721819680629665 
#####################################################################
# End of data export. Simulation finished at: 2020-03-20T12:53+0000 #
#####################################################################
