#####################################################################
# Alchemist log file - simulation started at: 2020-03-22T15:24+0000 #
#####################################################################
# seed = 77.0, diameter = 40
#
# The columns have the following meaning: 
# time error-central[Sum] error-extreme[Sum] error-random[Sum] error-pageRank[Sum] error-harmonic[Sum] error-closeness[Sum] error-degree[Sum] 
0.0 NaN NaN NaN NaN NaN NaN NaN 
1.0008627412927418 0.0 0.0 0.0 0.0 0.0 0.0 0.0 
2.0008627412927416 14.519719418213233 1.4107059496266463 10.503037904374697 25.05631420935272 51.053819455410036 11.569192977437801 43.82035031464762 
3.0008627412927416 7.13385595905279 0.9617646207667643 9.794079861570596 8.32525833654374 87.66868693375615 7.311196929407658 14.172923123347914 
4.0008627412927416 4.980318029760211 1.728131678694691 6.45065241036429 5.517695717391415 78.03952443570527 11.471497452657076 5.690205408915746 
5.0008627412927416 4.139194542250118 2.363657393657072 6.237053201156961 8.467975400437016 56.76030591176775 4.000223700838725 6.268290411374499 
6.0008627412927416 4.963358275984595 2.660839233766803 7.754786187173528 2.6376000445324994 20.74626009753232 4.988444049878957 1.9386660441042376 
7.0008627412927416 6.1743789531679045 2.6766042258792355 5.956598944682178 2.5454234347324496 9.219404546265967 5.931028372091273 2.306930364153726 
8.000862741292742 7.244151912594869 3.8497571730121494 5.300988490744281 6.530536678107976 7.520682182575683 6.9906820927555255 3.0184307184435806 
9.000862741292742 4.900658558761529 3.509726459787074 8.797200494443086 6.6270620405130005 4.710494476928764 7.888498719065023 3.1342572337464834 
10.000862741292742 5.824407969750158 4.647761993247641 6.056548633909514 4.5981941616392294 4.701390988196819 4.689892506067595 4.325744697291012 
11.000862741292742 4.900311315102291 5.849757173012149 6.275384446742473 9.874226612447504 5.616348058302358 6.469966626677969 4.439586111875803 
12.000862741292742 5.282406471518808 5.041664778201461 5.062254883784337 5.333455104628215 5.427571575310939 5.667745562116443 10.91716250178936 
13.000862741292742 12.246874296222908 6.898604288155884 6.357851441815443 5.333455104628215 11.658059102302902 6.922932419697457 5.621851797588823 
14.000862741292742 13.283778651706584 5.458360959371571 12.101956063897207 11.093801397508711 12.929870573499603 6.137830899059962 4.9209709762506915 
15.000862741292742 6.683841105516068 5.784224727604466 14.844339773179804 6.375119882829678 7.524696398076412 5.956851749237893 10.457637863394318 
16.000862741292742 6.630781946982275 15.797170669011738 8.052240728183946 6.49950608751919 5.815294212341922 6.260525208684001 7.457637863394316 
17.000862741292742 7.397587783960859 16.673933414299665 7.921427433328455 9.222339905705997 14.577202174940785 15.920724717185683 7.621851797588821 
18.000862741292742 9.628816780107913 7.323033380134483 10.2231889832793 7.962746413639454 6.8674419710877945 6.8876632021858235 8.205830879679624 
19.000862741292742 9.007207414142435 7.544522094158895 9.2231889832793 7.802203944716453 18.024235562648453 7.522483081911833 7.362545658867475 
20.000862741292742 14.199041893296005 9.974396093936845 10.916203131696134 7.638894900280798 18.348734048726573 14.588398162291643 8.964153455476126 
21.000862741292742 20.289840871023692 8.727046199205267 9.740195635695017 9.435509118869561 7.8674419710877945 11.033685795203803 20.55917567745169 
22.000862741292742 21.29555830266635 8.751740812197282 12.033587895820128 8.047691764452315 16.12015793446995 20.971425175243475 10.107500233071963 
23.000862741292742 22.187121017649563 9.012224725912453 8.740195635695017 8.300311196781394 12.348734048726573 8.67385977712885 8.903122466122035 
24.000862741292742 11.119588941708738 9.696027255235979 23.887965338963376 8.575802284057442 11.348734048726573 22.060229999485422 10.66005197587671 
25.000862741292742 10.266759777071101 11.6191434028405 9.40811244992273 8.575802284057442 11.556131775434327 23.987534083061995 10.605980950571034 
26.000862741292742 10.199041893296005 10.6191434028405 25.859584548100994 10.330674076175285 12.348734048726573 25.003170878836304 25.237311942101705 
27.000862741292742 12.147788599397991 10.863746369516914 9.567124704979289 9.200686249037851 16.876154442421875 12.333482178280287 26.35106631068385 
28.000862741292742 13.217635823577417 11.202164974472947 10.092852575165264 9.658144761982964 12.348734048726573 16.852453997570365 14.940631210978598 
29.000862741292742 13.119588941708738 11.78121740163284 12.148266846808653 10.533159260799344 12.418581272906 11.58093952814005 12.075033859875575 
30.000862741292742 11.323719741008688 29.785571155714912 29.795018520892842 10.848904999054664 12.418581272906 12.311978635965406 12.728972957528619 
31.000862741292742 11.804590478772521 13.474272129814025 11.703829179248537 10.980488856515091 13.394141893980624 13.824254339881112 16.168655671868777 
32.00086274129274 12.184840623891684 14.388763228227639 12.834472827856484 12.657417535510135 14.348734048726573 13.469849994051625 31.556723560219233 
33.00086274129274 12.184840623891688 12.721180023596961 11.09285257516526 14.85145381271403 14.348734048726573 12.37116191993158 14.075033859875575 
34.00086274129274 12.184840623891688 30.106867698924795 11.390377521014518 12.763276708936335 14.418581272906 12.509255876944891 13.538426481559252 
35.00086274129274 12.184840623891688 13.51628088452101 11.390377521014518 18.85145381271403 15.348734048726573 15.123789091704666 13.985058257089616 
36.00086274129274 12.184840623891688 14.429758668642911 19.71199597800576 60.35965009162556 15.348734048726573 12.852453997570361 13.985058257089616 
37.00086274129274 12.184840623891688 18.51487073760502 12.703829179248533 18.689540695481114 14.622463212344122 13.625673524884583 13.728972957528619 
38.00086274129274 12.184840623891688 15.106867698924795 13.71199597800576 30.56785221898987 14.603939322550314 141.10207968284715 14.214484893831475 
39.00086274129274 12.184840623891688 16.09674553521731 12.85373951309716 91.30238497038954 15.622463212344122 402.0153777514513 14.551915055555781 
40.00086274129274 12.184840623891688 19.484781569026985 13.795018520892839 268.3753939573894 14.66485395962897 12.195200998159493 14.86570907450795 
41.00086274129274 12.184840623891688 15.89714224509262 13.795018520892839 100.69887307328153 16.348734048726573 25.468517939803743 14.86570907450795 
42.00086274129274 12.184840623891688 16.496635561289164 14.777247660188706 13.150893314278541 15.622463212344122 13.834265718258745 16.976345785755534 
43.00086274129274 12.184840623891688 16.764868722313672 14.777247660188706 14.140239830321818 16.05440217775293 11.834265718258745 15.058516932030699 
44.00086274129274 12.184840623891688 43.718225090977256 14.777247660188706 4.9767935964614125 22.844606399039403 2.736122541070003 15.429438205705061 
45.00086274129274 12.184840623891688 22.53560452436657 14.777247660188706 6.636419521941939 54.227791455959455 4.080058262769988 15.484610924265347 
46.00086274129274 12.184840623891688 19.276435890069102 14.777247660188706 8.74715636512289 302.68001119960127 18.88416368598294 15.51246074859214 
47.00086274129274 12.184840623891688 20.647343060529753 14.777247660188706 15.602602266207143 72.62961372440795 13.834265718258749 15.51246074859214 
48.00086274129274 12.184840623891688 18.712727163508564 14.777247660188706 8.074628049499516 19.257540254420416 9.25312919348572 16.494689887888008 
49.00086274129274 12.184840623891688 20.647343060529753 14.777247660188706 15.760106161901462 7.237401738638006 4.8592523273641035 16.494689887888008 
50.00086274129274 12.184840623891688 19.468631152203958 14.777247660188706 4.218374366337258 6.288757917443299 17.52446428762002 16.494689887888008 
51.00086274129274 12.184840623891688 21.647343060529753 14.777247660188706 17.73773417036803 7.974605268797717 9.870525189966976 16.494689887888008 
52.00086274129274 12.184840623891688 20.921072224147302 14.777247660188706 26.40573940243587 18.667480329733934 17.9286307074076 16.494689887888008 
53.00086274129274 12.184840623891688 21.647343060529753 14.777247660188706 6.996160990481627 15.667480329733934 22.52446428762002 16.494689887888008 
54.00086274129274 12.184840623891688 21.24911676700914 14.777247660188706 10.506002050409876 4.051278914613654 8.992809267535605 16.494689887888008 
55.00086274129274 12.184840623891688 22.382420492191862 14.777247660188706 19.76010616190146 20.667480329733934 17.89939306884075 16.494689887888008 
56.00086274129274 12.184840623891688 21.678506271222027 14.777247660188706 7.737734170368029 6.812387346030135 11.25312919348572 16.494689887888008 
57.00086274129274 12.184840623891688 56.79511276379811 14.777247660188706 8.737356558733005 8.86875941307406 12.771837115846935 16.494689887888008 
58.00086274129274 12.184840623891688 21.90254833435349 14.777247660188706 7.737356558733005 18.032680506103 10.909931072860246 16.494689887888008 
59.00086274129274 12.184840623891688 21.90254833435349 14.777247660188706 8.572996206472482 15.113316865831933 26.909931072860246 16.494689887888008 
60.00086274129274 12.184840623891688 21.90254833435349 14.777247660188706 7.792000105211514 13.473064463750546 9.813922048534977 16.494689887888008 
61.00086274129274 12.184840623891688 21.90254833435349 14.777247660188706 8.232891530202302 12.569337152545188 10.978444080381337 16.494689887888008 
62.00086274129274 12.184840623891688 21.90254833435349 14.777247660188706 9.173274457378206 11.473064463750546 11.216762737039232 16.494689887888008 
63.00086274129274 12.184840623891688 21.90254833435349 14.777247660188706 8.745742542105617 23.123395829454594 10.70784014719731 16.494689887888008 
64.00086274129274 12.184840623891688 21.90254833435349 14.777247660188706 9.335529440948676 11.392859595830906 15.771837115846935 16.494689887888008 
65.00086274129274 12.184840623891688 21.902548334353497 14.777247660188706 8.906006774057168 9.058144147271648 12.224929535796463 16.494689887888 
66.00086274129274 12.184840623891688 21.902548334353497 14.777247660188706 29.236689071265232 8.705439184828151 11.544489380643483 16.494689887888 
67.00086274129274 12.184840623891688 21.902548334353497 14.777247660188706 13.084077222110828 9.221423890452527 14.52446428762002 16.494689887888 
68.00086274129274 12.184840623891688 21.902548334353497 14.777247660188706 41.29407324103531 28.667480329733934 14.224929535796463 16.494689887888 
69.00086274129274 12.184840623891688 21.902548334353497 14.777247660188706 11.435972620417182 11.699187771055534 14.224929535796463 16.494689887888 
70.00086274129274 12.184840623891688 21.902548334353497 14.777247660188706 16.692185119754413 17.151727907939716 13.71968935710106 16.494689887888 
71.00086274129274 12.184840623891688 21.902548334353497 14.777247660188706 14.607397762253989 11.688073628919248 15.224929535796463 16.494689887888 
72.00086274129274 12.184840623891688 21.902548334353497 14.777247660188706 12.281331176553657 13.293741531668658 13.771837115846935 16.494689887888 
73.00086274129274 12.184840623891688 21.902548334353497 14.777247660188706 13.770703293032284 11.699187771055534 16.224929535796463 16.494689887888 
74.00086274129274 12.184840623891688 21.902548334353497 14.777247660188706 12.45715493526614 12.372317934725636 15.224929535796463 16.494689887888 
75.00086274129274 12.184840623891688 21.902548334353497 14.777247660188706 13.435972620417182 14.086343804960904 15.304382487383734 16.494689887888 
76.00086274129274 12.184840623891688 21.902548334353497 14.777247660188706 12.994420896833631 13.341549078784638 16.224929535796463 16.494689887888 
77.00086274129274 12.184840623891688 21.902548334353497 14.777247660188706 13.649062540455446 13.23734238461303 15.544489380643483 16.494689887888 
78.00086274129274 12.184840623891688 21.902548334353497 14.777247660188706 13.564065876360068 19.82142123662301 15.544489380643483 16.494689887888 
79.00086274129274 12.184840623891688 21.902548334353497 14.777247660188706 14.157347900246037 13.70435551291699 15.544489380643483 16.494689887888 
80.00086274129274 12.184840623891688 21.902548334353497 14.777247660188706 14.157347900246037 13.88501003245203 15.544489380643483 16.494689887888 
81.00086274129274 12.184840623891688 21.902548334353497 14.777247660188706 14.157347900246037 13.84351927742172 15.544489380643483 16.494689887888 
82.00086274129274 12.184840623891688 21.902548334353497 14.777247660188706 14.157347900246037 14.667480329733934 15.544489380643483 16.494689887888 
83.00086274129274 12.184840623891688 21.902548334353497 14.777247660188706 14.157347900246037 14.667480329733934 15.544489380643483 16.494689887888 
84.00086274129274 12.184840623891688 21.902548334353497 14.777247660188706 14.931360193135902 14.667480329733934 15.544489380643483 16.494689887888 
85.00086274129274 12.184840623891688 21.902548334353497 14.777247660188706 14.157347900246037 14.667480329733934 15.544489380643483 16.494689887888 
86.00086274129274 12.184840623891688 21.902548334353497 14.777247660188706 14.735769003493658 14.667480329733934 15.544489380643483 16.494689887888 
87.00086274129274 12.184840623891688 21.902548334353497 14.777247660188706 16.78216121647904 14.667480329733934 15.544489380643483 16.494689887888 
88.00086274129274 12.184840623891688 21.902548334353497 14.777247660188706 15.211114565140278 14.667480329733934 15.544489380643483 16.494689887888 
89.00086274129274 12.184840623891688 21.902548334353497 14.777247660188706 15.0371564308969 14.667480329733934 15.544489380643483 16.494689887888 
90.00086274129274 12.184840623891688 21.902548334353497 14.777247660188706 16.32458804696317 14.667480329733934 15.544489380643483 16.494689887888 
91.00086274129274 12.184840623891688 21.902548334353497 14.777247660188706 16.50288323306728 14.667480329733934 15.544489380643483 16.494689887888 
92.00086274129274 12.184840623891688 21.902548334353497 14.777247660188706 56.28479728770514 14.667480329733934 15.544489380643483 16.494689887888 
93.00086274129274 12.184840623891688 21.902548334353497 14.777247660188706 16.50288323306728 14.667480329733934 15.544489380643483 16.494689887888 
94.00086274129274 12.184840623891688 21.902548334353497 14.777247660188706 21.254740822783745 14.667480329733934 15.544489380643483 16.494689887888 
95.00086274129274 12.184840623891688 21.902548334353497 14.777247660188706 18.504540007346606 14.667480329733934 15.544489380643483 16.494689887888 
96.00086274129274 12.184840623891688 21.902548334353497 14.777247660188706 17.294073241035306 14.667480329733934 15.544489380643483 16.494689887888 
97.00086274129274 12.184840623891688 21.902548334353497 14.777247660188706 17.294073241035306 14.667480329733934 15.544489380643483 16.494689887888 
98.00086274129274 12.184840623891688 21.902548334353497 14.777247660188706 20.254740822783745 14.667480329733934 15.544489380643483 16.494689887888 
99.00086274129274 12.184840623891688 21.902548334353497 14.777247660188706 17.358884960268526 14.667480329733934 15.544489380643483 16.494689887888 
100.00086274129274 12.184840623891688 21.902548334353497 14.777247660188706 17.52846998640129 14.667480329733934 15.544489380643483 16.494689887888 
101.00086274129274 12.184840623891688 21.902548334353497 14.777247660188706 17.358884960268526 14.667480329733934 15.544489380643483 16.494689887888 
102.00086274129274 12.184840623891688 21.902548334353497 14.777247660188706 18.05340705027487 14.667480329733934 15.544489380643483 16.494689887888 
103.00086274129274 12.184840623891688 21.902548334353497 14.777247660188706 18.960408951810095 14.667480329733934 15.544489380643483 16.494689887888 
104.00086274129274 12.184840623891688 21.902548334353497 14.777247660188706 18.960408951810095 14.667480329733934 15.544489380643483 16.494689887888 
105.00086274129274 12.184840623891688 21.902548334353497 14.777247660188706 18.960408951810095 14.667480329733934 15.544489380643483 16.494689887888 
106.00086274129274 12.184840623891688 21.902548334353497 14.777247660188706 19.835877347556774 14.667480329733934 15.544489380643483 16.494689887888 
107.00086274129274 12.184840623891688 21.902548334353497 14.777247660188706 19.835877347556774 14.667480329733934 15.544489380643483 16.494689887888 
108.00086274129274 12.184840623891688 21.902548334353497 14.777247660188706 19.835877347556774 14.667480329733934 15.544489380643483 16.494689887888 
109.00086274129274 12.184840623891688 21.902548334353497 14.777247660188706 19.835877347556774 14.667480329733934 15.544489380643483 16.494689887888 
110.00086274129274 12.184840623891688 21.902548334353497 14.777247660188706 19.835877347556774 14.667480329733934 15.544489380643483 16.494689887888 
111.00086274129274 12.184840623891688 21.902548334353497 14.777247660188706 19.835877347556774 14.667480329733934 15.544489380643483 16.494689887888 
#####################################################################
# End of data export. Simulation finished at: 2020-03-22T16:11+0000 #
#####################################################################
