#####################################################################
# Alchemist log file - simulation started at: 2020-03-22T21:07+0000 #
#####################################################################
# seed = 93.0, diameter = 100
#
# The columns have the following meaning: 
# time error-central[Sum] error-extreme[Sum] error-random[Sum] error-pageRank[Sum] error-harmonic[Sum] error-closeness[Sum] error-degree[Sum] 
0.0 NaN NaN NaN NaN NaN NaN NaN 
1.00096648251025 0.0 0.0 0.0 0.0 0.0 0.9092394707518818 0.0 
2.00096648251025 39.180196515256235 38.18641681492931 45.45777135979911 36.5192087078197 105.74898608571847 35.737146399373 56.79606353745499 
3.00096648251025 25.28109389659854 25.173022400360566 20.85214837170388 27.93779373838514 179.55993865558852 24.17790401638914 31.050242242233182 
4.00096648251025 13.747864592796425 13.639793096558455 20.1174697419815 14.164585696977392 140.64738983292187 15.054816748966457 14.267796546996994 
5.00096648251025 14.780949743641205 14.68314736662549 18.55234045117058 14.04179590270034 87.92746397671323 10.64418664150471 15.335054265370395 
6.00096648251025 13.853442123730792 18.934126480711207 9.7666857517698 15.364109802661883 62.27064914105116 10.31235352289104 13.965440786335542 
7.00096648251025 7.7314795703748365 13.739215133538334 4.788301326902906 20.069801959256147 67.78248854671666 17.633225582380557 16.226640425457152 
8.00096648251025 7.76685116913417 9.628102358345075 10.40910379462167 13.155733227438706 60.681300762171766 12.92544289284183 9.287621161935697 
9.00096648251025 15.967600724075277 18.518240212217332 6.655272183054727 7.234247325454754 25.270152922505662 14.068917157686801 6.7989026632596286 
10.00096648251025 15.312780734213241 14.901709937651967 6.031884947225221 5.281932162564961 39.976449474813116 21.974814161866668 7.09480561182654 
11.00096648251025 17.590290696231023 9.637057874098183 13.714240297173728 5.331312005370021 9.351469536860764 14.210967619001726 8.028252260828356 
12.00096648251025 7.939879731514469 15.864108074129703 6.52136731153008 6.738111550959127 9.898545158939868 4.41409514063732 8.349033001199404 
13.00096648251025 15.676805246108906 15.802083139855217 9.105263180191294 6.814163290173411 10.2074812811788 4.41409514063732 8.2971418993009 
14.00096648251025 3.8496294062892 3.974907300035511 27.593251901791987 6.814163290173411 8.379456438696613 4.41409514063732 8.661290005642517 
15.00096648251025 3.8496294062892 3.829943069346468 18.860837167920778 17.017721492450264 20.356430070756396 4.41409514063732 20.500491805075484 
16.00096648251025 4.204844979633119 4.974907300035511 9.199837247439323 6.814163290173411 8.738510818564492 4.41409514063732 7.823886543712701 
17.00096648251025 4.204844979633119 4.974907300035513 9.199837247439326 18.92566822429788 8.881557522500994 16.821209258477825 16.399790007305434 
18.00096648251025 4.430149531565952 4.630889462842337 21.761407102881112 8.009091711009045 6.266731283371428 4.41409514063732 4.63769604613384 
19.00096648251025 4.212797403235665 4.974907300035513 9.199837247439326 7.211082315611415 28.728863180506547 4.41409514063732 4.5253117570926715 
20.00096648251025 4.212797403235665 4.974907300035513 22.945000672274215 7.754203224593905 13.300703632358019 4.41409514063732 4.9999046415877295 
21.00096648251025 4.212797403235665 4.974907300035515 9.199837247439326 7.970948955940539 4.464283473623382 4.770743073010049 5.216650372934364 
22.00096648251025 4.212797403235665 4.974907300035515 9.199837247439326 25.320466025368948 4.464283473623382 4.770743073010049 5.216650372934364 
23.00096648251025 4.477327845025378 4.974907300035515 9.199837247439326 27.06762206091757 4.464283473623382 4.770743073010049 22.58919733492507 
24.00096648251025 4.477327845025378 4.974907300035515 10.06677711746103 5.216650372934364 4.464283473623382 4.770743073010049 5.216650372934364 
25.00096648251025 4.477327845025378 4.974907300035515 5.141562140387077 5.216650372934364 4.464283473623382 4.770743073010049 5.216650372934364 
26.00096648251025 26.065549084854464 4.974907300035515 5.141562140387077 5.414090403372068 4.464283473623382 26.020996702351507 5.414090403372068 
27.00096648251025 4.477327845025378 4.974907300035515 5.141562140387077 5.414090403372068 4.464283473623382 4.770743073010049 5.760571021758537 
28.00096648251025 4.58902787481005 4.974907300035515 5.141562140387077 5.760571021758537 4.464283473623382 4.770743073010049 5.760571021758537 
29.00096648251025 29.001483737985403 4.974907300035515 5.170956097448926 5.760571021758537 4.464283473623382 5.021102677633227 5.760571021758537 
30.00096648251025 4.58902787481005 4.974907300035515 5.170956097448926 5.760571021758537 5.429505281960527 5.4070020549111995 29.710249805141945 
31.00096648251025 4.58902787481005 5.2691369986469 5.170956097448926 30.235623194636094 5.429505281960527 5.4070020549111995 7.748923441087154 
32.00096648251025 4.58902787481005 5.2691369986469 5.170956097448926 7.748923441087154 5.429505281960527 5.4070020549111995 7.748923441087154 
33.00096648251025 5.1293373996795495 5.269136998646896 5.170956097448926 7.748923441087161 5.914605332875595 5.4070020549111995 7.517376819498303 
34.00096648251025 5.1293373996795495 5.269136998646896 5.170956097448929 7.748923441087161 5.914605332875595 5.407002054911203 7.517376819498303 
35.00096648251025 35.02798421380616 5.269136998646896 5.170956097448929 34.702950731481145 5.914605332875595 5.407002054911203 7.517376819498303 
36.00096648251025 5.786185978284067 5.269136998646896 5.170956097448929 7.517376819498303 5.991920928493535 5.407002054911203 7.517376819498303 
37.00096648251025 5.179750463290972 5.269136998646896 37.156727774648715 7.517376819498303 6.138178792940284 5.651950638439665 7.517376819498303 
38.00096648251025 5.1293373996795495 6.874653243185328 6.441858085787523 7.517376819498303 6.138178792940288 37.91974949175984 7.517376819498303 
39.00096648251025 5.1293373996795495 6.038429365082365 6.441858085787523 7.517376819498303 6.138178792940288 5.717970306859435 7.517376819498303 
40.00096648251025 5.179750463290972 6.038429365082365 6.441858085787523 7.517376819498303 6.138178792940288 5.717970306859435 7.517376819498303 
41.00096648251025 5.786185978284067 6.038429365082365 6.175176219434263 7.517376819498303 37.680714408181196 5.717970306859435 7.517376819498303 
42.00096648251025 5.786185978284067 6.038429365082365 6.175176219434263 7.517376819498303 7.2404090929898 5.717970306859435 7.517376819498303 
43.00096648251025 5.786185978284067 6.038429365082365 41.24558051849143 7.517376819498303 7.2404090929898 42.9591849673871 7.517376819498303 
44.00096648251025 5.786185978284067 6.312845719641409 6.175176219434263 7.517376819498303 7.2404090929898 5.717970306859435 7.517376819498303 
45.00096648251025 5.786185978284067 7.099142393897189 5.784478299792703 7.517376819498303 7.2404090929898 5.717970306859435 7.517376819498303 
46.00096648251025 5.786185978284067 6.76870096815226 7.175176219434263 45.410306907841324 7.2404090929898 5.717970306859435 45.566087189511926 
47.00096648251025 5.786185978284067 6.76870096815226 7.175176219434263 7.748923441087165 7.2404090929898 6.03135157263339 7.517376819498303 
48.00096648251025 5.786185978284067 6.76870096815226 7.156727774648715 7.748923441087165 7.2404090929898 6.03135157263339 7.748923441087165 
49.00096648251025 5.786185978284067 6.76870096815226 8.175176219434263 7.748923441087165 7.2404090929898 6.071515741244653 7.748923441087165 
50.00096648251025 5.786185978284067 6.76870096815226 8.116186351353136 7.748923441087165 8.339151910942675 6.677951256237748 7.748923441087165 
51.00096648251025 6.1395862946797095 6.76870096815226 51.183434745657884 7.748923441087165 47.77462587686345 6.677951256237748 7.748923441087165 
52.00096648251025 6.1395862946797095 6.76870096815226 8.116186351353136 7.748923441087165 8.31604618936111 6.677951256237748 7.748923441087165 
53.00096648251025 6.1395862946797095 6.77768872342282 8.116186351353136 7.748923441087165 50.25111047365747 6.708182291056254 7.748923441087165 
54.00096648251025 6.1395862946797095 6.77768872342282 8.116186351353136 7.748923441087165 8.31604618936111 6.807381843461954 7.748923441087165 
55.00096648251025 6.1395862946797095 6.77768872342282 8.116186351353136 7.748923441087165 8.31604618936111 6.83821565162399 7.748923441087165 
56.00096648251025 6.1395862946797095 6.77768872342282 8.116186351353136 7.748923441087165 8.31604618936111 6.83821565162399 7.748923441087165 
57.00096648251025 6.1395862946797095 6.77768872342282 8.116186351353136 7.748923441087165 8.31604618936111 6.83821565162399 7.748923441087165 
58.00096648251025 6.1395862946797095 7.517079338693783 8.116186351353136 7.748923441087165 8.31604618936111 6.83821565162399 7.748923441087165 
59.00096648251025 6.1395862946797095 7.517079338693783 8.116186351353136 7.748923441087165 8.31604618936111 6.83821565162399 7.748923441087165 
60.00096648251025 6.1395862946797095 7.517079338693783 8.116186351353136 7.748923441087165 8.31604618936111 6.83821565162399 7.748923441087165 
61.00096648251025 60.730715192305325 7.897082498773365 8.116186351353136 7.748923441087165 8.31604618936111 6.83821565162399 7.748923441087165 
62.00096648251025 6.1395862946797095 8.284961769993522 8.116186351353136 7.748923441087165 8.31604618936111 7.558119991772855 7.748923441087165 
63.00096648251025 6.1395862946797095 63.099142393897196 8.116186351353136 7.748923441087165 8.31604618936111 60.61523953608275 7.748923441087165 
64.00096648251025 6.1395862946797095 8.499480540186639 8.116186351353136 7.748923441087165 8.31604618936111 7.558119991772855 7.748923441087165 
65.00096648251025 6.4720150100410905 8.83277999885268 8.116186351353136 7.7489234410871575 8.316046189361103 7.5581199917728625 7.7489234410871575 
66.00096648251025 6.946450373670302 8.83277999885268 8.116186351353136 7.7489234410871575 8.316046189361103 7.5581199917728625 7.7489234410871575 
67.00096648251025 6.946450373670302 8.83277999885268 8.116186351353136 7.7489234410871575 8.316046189361103 7.5581199917728625 7.7489234410871575 
68.00096648251025 6.946450373670302 8.83277999885268 8.116186351353136 7.7489234410871575 8.316046189361103 7.5581199917728625 7.7489234410871575 
69.00096648251025 6.946450373670302 8.83277999885268 8.116186351353136 7.7489234410871575 8.316046189361103 7.5581199917728625 7.7489234410871575 
70.00096648251025 6.946450373670302 8.83277999885268 8.116186351353136 7.7489234410871575 8.316046189361103 7.5581199917728625 7.7489234410871575 
71.00096648251025 6.946450373670302 9.126716753058318 8.116186351353136 7.7489234410871575 8.316046189361103 7.5581199917728625 7.7489234410871575 
72.00096648251025 6.946450373670302 9.126716753058318 8.116186351353136 7.7668642340242116 8.316046189361103 7.55811999177287 7.7668642340242116 
73.00096648251025 6.946450373670302 9.126716753058318 8.116186351353136 7.7668642340242116 8.316046189361103 7.55811999177287 7.7668642340242116 
74.00096648251025 6.946450373670302 74.02433332953086 8.116186351353136 7.7668642340242116 8.316046189361103 7.55811999177287 7.7668642340242116 
75.00096648251025 6.946450373670302 9.126716753058318 8.116186351353136 7.7668642340242116 8.316046189361103 7.55811999177287 7.7668642340242116 
76.00096648251025 6.946450373670302 9.126716753058318 8.116186351353136 8.071177984594598 8.316046189361103 7.55811999177287 7.7668642340242116 
77.00096648251025 8.735305192467592 9.126716753058318 8.116186351353136 8.071177984594598 8.316046189361103 7.55811999177287 8.071177984594598 
78.00096648251025 7.6663547138191745 9.126716753058318 8.116186351353136 8.071177984594598 8.316046189361103 7.55811999177287 8.071177984594598 
79.00096648251025 7.6663547138191745 71.84449628000203 8.116186351353136 8.071177984594598 8.99630689799902 7.55811999177287 8.071177984594598 
80.00096648251025 7.6663547138191745 9.126716753058318 8.116186351353136 8.071177984594598 8.99630689799902 7.55811999177287 8.071177984594598 
81.00096648251025 7.6663547138191745 9.358863670097534 8.116186351353136 8.071177984594598 8.99630689799902 7.55811999177287 8.071177984594598 
82.00096648251025 7.6663547138191745 9.717910833048222 8.116186351353136 8.071177984594598 8.99630689799902 7.55811999177287 8.071177984594598 
83.00096648251025 7.6663547138191745 9.717910833048222 8.116186351353136 8.071177984594598 8.99630689799902 7.55811999177287 8.071177984594598 
84.00096648251025 7.6663547138191745 9.717910833048222 8.116186351353136 8.071177984594598 9.043856402806384 7.55811999177287 8.071177984594598 
85.00096648251025 7.6663547138191745 9.717910833048222 8.116186351353136 8.071177984594598 9.043856402806384 7.55811999177287 8.071177984594598 
86.00096648251025 7.6663547138191745 9.717910833048222 8.116186351353136 8.071177984594598 9.043856402806384 7.55811999177287 8.071177984594598 
87.00096648251025 7.6663547138191745 9.717910833048222 8.116186351353136 8.071177984594598 9.043856402806384 7.55811999177287 8.071177984594598 
88.00096648251025 7.6663547138191745 9.717910833048222 8.116186351353136 8.071177984594598 9.043856402806384 7.55811999177287 8.071177984594598 
#####################################################################
# End of data export. Simulation finished at: 2020-03-22T21:34+0000 #
#####################################################################
