#####################################################################
# Alchemist log file - simulation started at: 2020-03-20T17:39+0000 #
#####################################################################
# seed = 2.0, diameter = 250
#
# The columns have the following meaning: 
# time error-central[Sum] error-extreme[Sum] error-random[Sum] error-pageRank[Sum] error-harmonic[Sum] error-closeness[Sum] error-degree[Sum] 
0.0 NaN NaN NaN NaN NaN NaN NaN 
1.0002668521400264 0.0 0.0 0.0 0.0 0.0 0.7071084536397023 0.0 
2.0002668521400264 26.875375573485922 1.3956427741601076 26.74490186172522 28.93598078136172 81.82108164701137 22.635510358208077 58.24052487037678 
3.0002668521400264 24.326637598752924 2.011036169472881 26.920091342130693 29.678008707758586 146.01771593590186 28.84626873566281 33.1018623530903 
4.000266852140026 27.934879139030713 2.011036169472881 25.57862985339568 28.40941461055819 156.9576441234321 19.12959134655377 20.305167951016628 
5.000266852140026 13.189574101178023 4.806399449706907 25.242837184191 23.852585747774928 133.91028988037584 13.845785315163607 17.96787857112996 
6.000266852140026 20.333652219092635 3.06678670223601 27.662062805433077 16.227541245717976 85.44385751597426 16.668934061819975 23.747800139599377 
7.000266852140026 16.412266448008992 6.89052515643324 32.192456093113115 12.424505699624664 57.51884472701729 15.4027314418239 20.897148440904616 
8.000266852140026 24.102902966410085 7.621315387619072 20.380259171043612 14.167823444970026 31.933537794663998 19.1211175765958 32.95308271092932 
9.000266852140026 18.776401277020025 3.4526339845461855 18.351829416709187 17.073627197336382 28.372639035226758 21.789893132699305 22.154243661162724 
10.000266852140026 15.033729130031087 6.29545903811073 15.57189781448115 22.582177873305742 27.05432984120926 23.233684622527107 18.15482540836249 
11.000266852140026 19.191704589405912 4.89052515643324 12.273705083731157 25.01758290895212 19.218463211507007 18.91808690737681 20.114339449106666 
12.000266852140026 10.02728237990221 9.838528398439964 8.450402644664326 18.216325171063687 23.687377750495834 19.29070609188268 30.19205099922124 
13.000266852140026 8.982929973734969 4.89052515643324 4.629247049265956 12.970050570379938 16.531292582437704 14.047235178472434 15.161559868384295 
14.000266852140026 18.564212748696693 7.478344524782458 4.850005150818383 22.374394541320065 14.807437324036641 24.22433748753412 18.896228200630063 
15.000266852140026 19.055516555906216 5.909377151008348 4.850005150818383 19.540075838836707 17.33223110488239 28.051414416534538 33.41078614127637 
16.000266852140026 12.05804182842986 6.627202769682521 5.0526922262006515 35.37313937939702 13.724182445004733 19.105535455203924 35.99700969549829 
17.000266852140026 21.904398585975027 6.856326241941781 5.112069144864435 18.995783893846603 15.953145500608448 20.54443703791444 21.50447948778776 
18.000266852140026 12.89191595664557 7.546125030310156 5.18005058224176 22.05298092414305 9.706785620597348 19.36604331447458 21.126989358878596 
19.000266852140026 16.491650430910397 7.546125030310156 18.363063743195646 22.101741764346514 12.833980550140092 15.649369318399707 22.093481252980283 
20.000266852140026 14.357251215941723 7.609159670476004 6.922561430207304 23.557414270062296 5.17858534464642 18.771675391880756 25.90410080868078 
21.000266852140026 15.544632274316058 8.494300737116706 6.937096956367382 24.123513145410676 6.425767625342697 7.900491487008836 22.194371829557046 
22.000266852140026 16.287465523623343 8.494300737116706 7.035518622220092 23.5251358008493 6.190374126823819 7.900491487008836 35.52671742834981 
23.000266852140026 16.66905742686071 9.284368431302777 7.046837110603221 37.649148315152026 14.483872192392083 7.900491487008836 24.93535464753728 
24.000266852140026 23.36558135281824 14.478344524782457 7.926981886696272 26.90942402129984 11.309257865959403 8.206572031628525 38.86802976950485 
25.000266852140026 11.829572647685309 9.397690967820852 16.563653752568047 25.89851367001433 21.09597604423734 8.206572031628525 17.52659965750837 
26.000266852140026 10.708586924120947 9.834513297171352 10.363063743195646 19.80072218224489 8.807681977512559 9.166450100465665 17.01382181033349 
27.000266852140026 12.829572647685309 10.239798867191173 8.674331836031183 19.87609252846842 8.807681977512559 9.166450100465664 17.612595175328686 
28.000266852140026 12.829572647685309 10.743613224118047 11.563653752568047 24.693464860910446 9.015648695944872 9.166450100465664 18.05968836890882 
29.000266852140026 12.829572647685309 11.544778385311425 11.563653752568047 9.489913095315366 9.295443115938426 9.166450100465664 19.22905555229459 
30.000266852140026 11.072290695275257 29.83451329717135 11.563653752568047 9.856421916632389 9.454068396220606 9.166450100465664 10.298712045714812 
31.000266852140026 13.221477766739582 13.01244357740297 10.880477171801633 10.125638469259936 9.454068396220606 9.709584949297394 30.212281772984266 
32.00026685214003 12.708586924120947 11.709298321172334 11.476011921688848 10.895049464354674 10.464250428028667 9.834901506353791 11.246759382378823 
33.00026685214003 13.113723293160255 12.39640609118888 11.476011921688848 10.86053888888361 24.454068396220606 10.142093686994691 13.460608082429793 
34.00026685214003 33.416016428084994 12.63617340984294 11.476011921688848 10.875074415043692 9.469955868820904 12.142093686994691 11.878526410353754 
35.00026685214003 13.82957264768531 12.765522562197027 11.476011921688848 10.9734960808964 14.00513048748423 11.153259286949133 12.350146212191898 
36.00026685214003 14.079212717689188 13.275854415429514 11.476011921688848 11.544676148289117 9.469955868820904 10.946628276805264 12.350146212191898 
37.00026685214003 16.445820224256472 13.729882272976926 11.476011921688848 11.86495934537258 14.852880736643186 22.855537924716103 12.350146212191898 
38.00026685214003 16.616178535753562 13.729882272976926 11.480233539790348 26.962328823266493 14.852880736643186 12.120155191128209 21.62183464827978 
39.00026685214003 15.083633174178157 14.277312803871006 11.476011921688848 14.301041201871953 10.34476179385495 12.120155191128209 12.350146212191898 
40.00026685214003 30.36558135281824 14.277312803871006 12.459527248271677 14.501631211244355 12.015648695944872 12.120155191128209 12.627836073540031 
41.00026685214003 16.632663209170733 14.913281616137528 13.381389309202838 14.501631211244355 12.015648695944872 12.120155191128209 13.219066278873775 
42.00026685214003 17.03712845928352 15.863306519157774 13.381389309202838 14.501631211244355 12.015648695944872 12.127462078307946 13.219066278873775 
43.00026685214003 15.830983123513068 15.863306519157774 13.627401863725986 41.87856135665108 12.483872192392084 12.54957621486627 13.91536917187123 
44.00026685214003 17.616178535753562 16.693259272535343 13.883216519932624 20.147416324738856 13.454068396220606 42.92441892256121 14.066613468039993 
45.00026685214003 17.616178535753562 16.693259272535343 14.912585052454524 18.227146395450895 13.451285279742876 13.605486426418885 44.40561333011892 
46.00026685214003 17.632663209170733 17.23109354542009 14.838664940553237 18.110711595513386 22.00513048748423 13.605486426418885 27.951204815236682 
47.00026685214003 17.936092998255983 17.725100864846 15.172645928787762 18.110711595513386 16.590659731432748 14.18997277428668 15.124147282785671 
48.00026685214003 18.632663209170733 41.012443577402976 15.860935344222451 16.596154939701997 46.634665258696934 39.64650403674082 15.659863992113891 
49.00026685214003 18.632663209170733 19.492358427804866 48.328983801678525 17.333933934491558 16.192663538930013 23.06538359309889 16.08455929650612 
50.00026685214003 19.616178535753562 19.492358427804866 16.442648090482685 20.792178289134537 17.590659731432748 23.06538359309889 16.921089001255787 
51.00026685214003 20.538040596684723 19.492358427804866 26.977076919457186 19.41761850715078 17.590659731432744 19.490372557611014 21.25476484536493 
52.00026685214003 20.538040596684723 19.9831506570981 17.071579106493594 19.058530848310255 16.968904263918468 24.06538359309889 17.37914848760311 
53.00026685214003 20.78405315120787 20.865885683082894 19.977076919457183 18.84977843169589 17.192663538930013 19.49037255761101 20.884509180080386 
54.00026685214003 20.78405315120787 20.977043096094143 34.563653752568044 19.38429134669125 17.192663538930013 19.49037255761101 19.25476484536493 
55.00026685214003 21.03986780741451 21.441670018197577 21.105246396304068 19.467868171630585 17.590659731432744 19.49037255761101 19.25476484536493 
56.00026685214003 21.77923606273508 21.849377004469105 19.533043920041315 19.467868171630585 17.590659731432744 19.49037255761101 19.25476484536493 
57.00026685214003 21.77923606273508 22.324620841938803 20.663776471317348 55.89597222446296 18.131596223384456 19.49037255761101 18.386416357362428 
58.00026685214003 21.77923606273508 22.668878584931207 20.533043920041315 19.79217828913454 18.131596223384456 19.49037255761101 18.386416357362428 
59.00026685214003 22.40773298502762 58.863306519157774 20.663776471317348 20.30082680939647 18.54432157397381 19.478695401452747 19.28919740869013 
60.00026685214003 22.40773298502762 23.413637016056043 20.663776471317348 24.361871756648384 18.54432157397381 20.49037255761101 19.28919740869013 
61.00026685214003 23.017586631704333 27.206270070119196 60.33166540167525 21.618384387866648 18.827363564219162 60.002410635696926 19.558413961317676 
62.00026685214003 23.292823407593545 25.763543004428413 21.226836764621986 21.69444923533439 18.827363564219162 20.453233185742874 19.5914688707132 
63.00026685214003 23.292823407593545 26.206270070119196 24.344111226104303 21.227146395450895 59.51220178074336 21.818959016962197 19.7801934913602 
64.00026685214003 24.02557076939174 26.206270070119196 23.056784358655868 22.038717318997236 20.361404012905354 21.818959016962197 20.11183432912511 
65.00026685214003 24.22823039397548 26.206270070119196 22.597122474010376 22.147416324738856 20.36140401290536 21.928792257886748 20.641366711316564 
66.00026685214003 24.22823039397548 25.78604437676202 30.238624980649185 22.55095618057137 20.675249234712638 21.958596054058226 20.722172371597487 
67.00026685214003 24.976753268804465 25.78604437676202 24.451072748896905 23.052532069018213 20.54612267648094 22.818959016962197 21.590046252859736 
68.00026685214003 24.976753268804465 26.684902686082054 25.07079369265449 23.04845089366713 20.73184816996239 22.818959016962197 21.590046252859736 
69.00026685214003 26.743305736845542 26.684902686082054 25.07079369265449 23.61311174797713 21.452265219032583 22.958596054058226 68.62733497485944 
70.00026685214003 25.734871191177405 26.950884724363775 30.2807051750123 24.052532069018213 21.691726238799532 23.92600914140902 24.766709426549298 
71.00026685214003 26.310152320167006 27.108412239269583 26.34411122610431 24.052532069018213 23.691726238799532 23.92600914140902 22.45844442949314 
72.00026685214003 27.488316689157138 27.663347245167444 28.039931235782113 24.283706176627362 22.831717135183965 37.93485172621372 24.18126063782877 
73.00026685214003 27.454142976208047 72.68328554644994 28.039931235782113 24.541280536348737 22.831717135183965 71.99841091896216 32.347829870191234 
74.00026685214003 27.454142976208047 31.59754154356788 28.2807051750123 24.91505437813349 23.009807120689956 25.482939149004288 28.952538671047577 
75.00026685214003 28.04302854505344 31.59754154356788 27.34411122610431 24.91505437813349 24.55624044557827 28.32760459830933 27.54348708757113 
76.00026685214003 28.38348805210387 30.59754154356788 29.039931235782113 25.275881570068293 23.79297043923713 28.32760459830933 29.5801918167966 
77.00026685214003 28.38348805210387 28.54630745006078 27.75259824843554 25.421524102317534 24.896385609974907 28.065383593098886 26.31105711878078 
78.00026685214003 30.11686958648513 37.11415851133632 29.004738215625437 25.67802165963908 67.97850932407674 27.44362812558461 28.659921887508638 
79.00026685214003 30.11686958648513 31.59754154356788 29.37745833632018 26.41032466445452 25.519790425507118 27.448062646438217 28.54348708757113 
80.00026685214003 29.753773761492255 31.59754154356788 30.039931235782113 26.41032466445452 25.896385609974907 27.448062646438217 28.54348708757113 
81.00026685214003 30.439778116606632 31.53684723452443 30.039931235782113 27.0520904469681 26.519790425507118 27.448062646438217 28.994924500499422 
82.00026685214003 30.837058216672226 32.59754154356788 30.0782069893338 27.6576602795851 27.08980973268632 27.448062646438217 28.85039399920852 
83.00026685214003 30.837058216672226 32.59754154356788 30.338202391971173 27.6576602795851 28.112915456462716 27.448062646438217 28.54348708757113 
84.00026685214003 31.46517097956894 32.59754154356788 30.338202391971173 28.203443109477867 28.112915456462716 28.065383593098886 28.900643663688328 
85.00026685214003 31.91007226687377 39.11415851133632 30.912365532357796 28.203443109477867 28.57952914124006 28.065383593098886 28.900643663688328 
86.00026685214003 31.91007226687377 32.93506864410595 30.912365532357796 28.424759406816392 28.563597194428013 28.065383593098886 28.900643663688328 
87.00026685214003 32.95298416688088 33.310208556221305 31.56338213227771 29.32570429257619 29.660245904000845 28.479854349150372 28.900643663688328 
88.00026685214003 33.0786120484253 34.22968787197797 31.988697142275015 30.089080991836624 50.97850932407674 28.606320085050598 28.900643663688328 
89.00026685214003 33.52227617195102 38.11415851133632 31.988697142275015 30.089080991836624 30.97850932407674 28.606320085050598 29.1842649824547 
90.00026685214003 33.713199491032434 35.479571068729186 70.91504215553718 30.329683538350203 29.938145909411055 28.934851726213722 29.1842649824547 
91.00026685214003 34.50076251358619 35.479571068729186 37.9347481200191 30.329683538350203 31.97850932407674 29.019045435639953 29.224953781192283 
92.00026685214003 34.50076251358619 35.479571068729186 37.9347481200191 31.95145537971974 31.63466525869694 29.019045435639953 29.224953781192283 
93.00026685214003 34.90924953591742 35.49315827737686 35.7973327569659 31.381971571674526 32.07703385130198 29.302087425885304 29.733602301454212 
94.00026685214003 35.52449402956027 35.95179517545539 38.470399941398156 32.075371175142095 33.97850932407674 29.302087425885304 29.733602301454212 
95.00026685214003 35.70850202306083 36.311031287177656 35.86536242416645 32.628839813215464 32.97850932407674 29.302087425885304 29.733602301454212 
96.00026685214003 36.29932880027301 36.928909504112724 37.9347481200191 32.39601241970061 32.97850932407674 29.75711859604273 29.99632604333067 
97.00026685214003 36.53410962380206 36.928909504112724 35.64865976233343 32.39601241970061 44.41541917559666 29.75711859604273 30.489183706352833 
98.00026685214003 37.19658252326399 37.60253728524748 38.9347481200191 32.39601241970061 32.97850932407674 30.864965893620436 30.489183706352833 
99.00026685214003 37.54095561081813 38.15473278179614 36.7973327569659 32.39601241970061 32.97850932407674 30.83612787457149 30.627334974859423 
100.00026685214003 38.069016819839675 38.15473278179614 39.470399941398156 32.39601241970061 32.97850932407674 30.83612787457149 30.627334974859423 
101.00026685214003 37.49485367945305 39.1065500110485 36.081241095152365 32.39601241970061 32.97850932407674 30.83612787457149 30.65992188750863 
102.00026685214003 37.49485367945306 39.1065500110485 38.9347481200191 33.09683822151429 32.97850932407674 31.02084653814707 30.96996908932907 
103.00026685214003 38.069016819839675 39.29440341122536 37.28957866438813 33.09683822151429 34.03188900379894 31.53292318002603 31.471492811054986 
104.00026685214003 38.069016819839675 39.29440341122536 39.9347481200191 33.09683822151429 32.97850932407674 32.410508495674705 31.5801918167966 
105.00026685214003 38.72003341975959 39.855101996511934 37.84803680323387 33.2143076332996 32.97850932407674 32.410508495674705 32.10630935873094 
106.00026685214003 39.14534842975689 39.80877187918486 40.470399941398156 33.2143076332996 33.03188900379894 32.8901430372628 32.10630935873094 
107.00026685214003 39.489176613155365 40.855101996511934 39.49999839188686 33.74090265956711 32.97850932407674 32.8901430372628 32.485307561075956 
108.00026685214003 107.52227617195102 107.88927570946103 39.934748120019094 33.999287530819515 32.97850932407674 33.58787157523973 33.48122638572488 
109.00026685214003 46.627051228880035 43.12126406035382 39.934748120019094 34.40859800785208 33.44611883370452 33.58787157523973 33.12356350209606 
110.00026685214003 45.09139940750097 43.12126406035382 39.934748120019094 34.95896145467191 33.93381283753024 34.0068467758656 33.485307561075956 
111.00026685214003 45.09139940750097 43.12126406035382 40.30827537529713 35.417383927398134 34.03623207786772 34.998410918962165 33.77086979017187 
112.00026685214003 42.95398404444778 43.12126406035382 40.92341229459386 35.5695521348744 34.618103485736754 34.998410918962165 33.97405602840648 
113.00026685214003 41.89667274257843 43.12126406035382 64.54621657017536 36.147994118966366 108.93381283753024 35.24219424131611 34.347829870191234 
114.00026685214003 46.627051228880035 42.56731784678772 41.73326577378876 36.51222990256838 34.95143067452169 35.796085414920086 34.347829870191234 
115.00026685214003 42.805311049815316 44.12126406035382 43.30569621137201 36.51222990256838 34.79054870137756 35.933709117498196 35.11079715169683 
116.00026685214003 46.09139940750097 44.12126406035382 42.91504215553718 37.86719002887355 35.95143067452169 35.90522506455338 35.034529422051406 
117.00026685214003 46.09139940750097 44.1398668436788 42.91504215553718 37.86719002887355 35.62866098505512 36.933709117498196 36.916969520909404 
118.00026685214003 43.95398404444778 44.82484790025029 42.91504215553718 38.38050008194749 36.80661790798749 37.38323346305572 35.843100156512264 
119.00026685214003 44.004688090715746 45.12126406035382 43.5898236354212 38.41064402838737 36.414681431475856 37.59606637620348 36.48486593902584 
120.00026685214003 47.627051228880035 45.12126406035382 44.20070679761085 39.10345184774647 37.80661790798749 38.38323346305572 36.48486593902584 
121.00026685214003 45.02201371164833 45.33705201855987 44.20070679761085 39.10345184774647 117.90794496839796 38.38323346305572 37.090435771642845 
122.00026685214003 47.09139940750097 45.43808747958741 44.71970249608523 39.12408826610877 45.05563859983995 38.83654266482414 37.090435771642845 
123.00026685214003 47.09139940750097 46.29049499012147 44.75324707067864 39.921859547705225 44.10728830807203 39.052173795339684 39.124000021412684 
124.00026685214003 46.627051228880035 46.338165732430184 45.46276310404269 39.921859547705225 38.54583997578895 39.36528763458959 37.857534898874135 
125.00026685214003 46.65664967936874 47.581961672375954 45.600715689236665 41.169041828401504 41.86762461582093 39.75928224897939 37.857534898874135 
126.00026685214003 46.65664967936874 47.23194214381695 46.17227196519116 40.51070392640605 47.05563859983995 39.75928224897939 38.758479784633934 
127.00026685214003 47.09139940750097 47.61109908264051 46.20791225441127 40.93364832988263 45.10728830807203 39.92651024008963 39.52185648389437 
128.00026685214004 47.58219163679422 48.11138412723247 46.802600344648425 42.04173615481494 46.05563859983995 80.47985434915037 39.52185648389437 
129.00026685214004 47.62652619780026 48.32703410862891 46.802600344648425 41.23111659911444 45.10728830807203 40.43371953110258 39.76245903040794 
130.00026685214004 48.08006358207574 49.21617528119549 46.91789634934298 41.48766104203854 41.86762461582093 43.50661286546509 39.76245903040794 
131.00026685214004 81.80452060108846 49.48459219448203 47.90331980701127 42.17199870027687 47.05563859983995 41.23812950574397 41.384230871777476 
132.00026685214004 49.46234749885389 49.604447418388986 47.90331980701127 42.62400495010755 42.12168514231378 41.23812950574397 119.57668564737669 
133.00026685214004 48.88991706127064 50.14852505785653 48.987168077525666 42.62400495010755 46.10728830807203 42.50661286546509 41.50814666719984 
134.00026685214004 50.87635378356711 50.48017173799306 133.33291484864748 43.55966902454813 47.05563859983995 42.50661286546509 41.50814666719984 
135.00026685214004 50.804520601088456 50.75523326896905 51.28091809065421 43.621100814002034 46.10728830807203 42.90948883966635 49.82417881242117 
136.00026685214004 50.93442444744878 51.04614060587056 51.94701859157355 43.621100814002034 47.05563859983995 42.90948883966635 42.612555895522334 
137.00026685214004 50.746474922903076 51.514682313464135 57.45342586168712 135.77600992505066 46.10728830807203 44.18438173214449 47.82417881242117 
138.00026685214004 137.41323331160726 51.6696794526502 55.45342586168712 44.27731186503465 46.10728830807203 43.44214796157617 43.3177715423076 
139.00026685214004 51.87635378356711 52.10954594442482 51.28091809065421 44.8985472461718 47.05563859983995 44.05845942586831 43.173678151624856 
140.00026685214004 51.87635378356711 53.00353068833199 56.45342586168712 45.08803599691376 46.10728830807203 44.40853669919639 49.82417881242117 
141.00026685214004 52.61941439152457 53.18685735705171 140.2441774337984 46.0026288583517 47.05563859983995 44.40853669919639 49.82417881242117 
142.00026685214004 56.90989835816052 53.30032664457954 57.45342586168712 45.83925024729615 46.10728830807203 111.74694332347927 48.82417881242117 
143.00026685214004 53.73987133780065 142.6696794526502 56.45342586168712 46.21707538001465 46.36734918440527 45.26527256304371 46.81327557400523 
144.00026685214004 53.36456354189315 54.06605651502716 54.95910293597365 46.74301119962635 47.10728830807203 46.44212552872557 49.82417881242117 
145.00026685214004 53.959251632130304 55.16952496015574 57.45342586168712 46.74301119962635 48.05563859983995 46.281341769653636 46.70366779938152 
146.00026685214004 53.959251632130304 55.392946190134 57.45342586168712 47.52152723523125 47.36734918440527 45.42615453618784 50.82417881242117 
147.00026685214004 54.07454763682486 55.593097353482065 57.45342586168712 51.21707538001465 48.05563859983995 46.10338484672127 50.82417881242117 
148.00026685214004 54.308339300868454 56.56264985118146 57.45342586168712 48.79236086583842 48.05563859983995 46.48798137540096 49.82417881242117 
149.00026685214004 148.36394374786084 56.56264985118146 57.45342586168712 48.70293045598753 48.330875375729164 46.889405293142005 48.53622733980421 
150.00026685214004 55.771199181298186 56.78793305691838 57.45342586168712 48.70293045598753 48.63735134610019 48.281341769653636 50.82417881242117 
151.00026685214004 57.29022623648166 144.37616456590305 57.45342586168712 48.99053090590162 48.63735134610019 48.08286432562886 50.82417881242117 
152.00026685214004 65.610077149169 58.15345575354581 57.45342586168712 49.05002005821041 49.2662823621111 150.95945722711343 50.82417881242117 
153.00026685214004 56.750678031842824 58.15345575354581 57.45342586168712 49.05002005821041 49.2662823621111 55.0324908604793 49.82417881242117 
154.00026685214004 63.610077149169 59.39913913003598 57.45342586168712 49.776248888909436 115.23463449139962 53.87835718262001 49.943479418463795 
155.00026685214004 59.10366987905543 59.12635236232077 57.45342586168712 145.39140332036342 54.56254599769589 49.0205638374551 49.943479418463795 
156.00026685214004 64.610077149169 59.21365612176331 57.45342586168712 50.11856928740427 49.772923159313024 55.233080869851705 50.82417881242117 
157.00026685214004 64.610077149169 59.39913913003598 57.45342586168712 50.75785400025532 57.53290564758868 54.87835718262001 50.92043653409628 
158.00026685214004 63.610077149169 59.94664261637041 58.95910293597365 58.39140332036342 53.6457760045144 52.34234847748708 51.006870928638335 
159.00026685214004 63.610077149169 60.07256492264659 57.45342586168712 51.076925846414824 57.433328236266675 56.0324908604793 51.28195758440306 
160.00026685214004 59.10366987905543 60.6776548441359 57.45342586168712 56.39140332036342 53.25148761427337 54.87835718262001 51.60477419233462 
161.00026685214004 59.94685379204364 60.6776548441359 57.45342586168712 51.88499605024985 55.56254599769589 55.233080869851705 52.05678044216529 
162.00026685214004 65.610077149169 61.0842086317096 57.95910293597365 51.83702550146175 57.53290564758868 52.591988547490956 52.05678044216529 
163.00026685214004 65.610077149169 61.39100780124443 57.45342586168712 58.39140332036342 52.839394853893424 55.87835718262001 52.99244451660587 
164.00026685214004 64.610077149169 61.90634668249885 57.45342586168712 58.39140332036342 54.6457760045144 56.0324908604793 53.05387630605978 
165.00026685214004 64.610077149169 61.90634668249885 57.45342586168712 57.39140332036342 54.25148761427337 55.87835718262001 53.20893992048056 
166.00026685214004 64.610077149169 62.39100780124443 57.45342586168712 57.39140332036342 59.433328236266675 55.87835718262001 57.64600556393745 
167.00026685214004 97.0748634883271 63.065383767405464 57.45342586168712 53.94575225198386 56.56254599769589 56.233080869851705 54.5208114889715 
168.00026685214004 65.610077149169 63.065383767405464 167.14960339015485 54.55757498853079 56.5388144817218 55.87835718262001 54.5208114889715 
169.00026685214004 64.610077149169 168.87406039930727 58.32508716988963 59.39140332036342 59.53290564758868 56.0324908604793 55.27202573935389 
170.00026685214004 64.610077149169 64.00848892142952 58.32508716988963 59.39140332036342 58.433328236266675 55.87835718262001 55.64985087207239 
171.00026685214004 64.610077149169 66.1079463583075 57.91821220084522 58.39140332036342 58.4754084306298 55.87835718262001 55.31224517991342 
172.00026685214004 64.610077149169 66.27141665355784 58.38482588562256 58.39140332036342 58.272910244951305 56.233080869851705 55.64985087207239 
173.00026685214004 64.610077149169 66.27141665355784 58.701682354357416 56.435000441858335 57.56254599769589 55.87835718262001 56.175786691684095 
174.00026685214004 117.94045735594112 66.63512651398138 58.91821220084522 59.39140332036342 59.53290564758868 56.233080869851705 173.39840669242056 
175.00026685214004 64.610077149169 66.31100463983739 135.78380606845923 59.39140332036342 58.4754084306298 57.0324908604793 56.97762715563829 
176.00026685214004 64.610077149169 66.8467213491656 59.46554264838335 58.39140332036342 58.4754084306298 57.55264363721628 63.7178314970587 
177.00026685214004 64.610077149169 67.1079463583075 61.78380606845924 58.39140332036342 59.464103977400384 57.51656598838571 63.7178314970587 
178.00026685214004 64.610077149169 67.27141665355784 61.78380606845924 58.39140332036342 59.13522772440854 57.58201216973818 60.756180396582465 
179.00026685214004 64.610077149169 67.4842495667056 61.439962003079444 58.53624464229594 60.272910244951305 57.92050881482939 64.29324314730383 
180.00026685214004 64.610077149169 67.82189230800032 61.439962003079444 59.39140332036342 60.433328236266675 58.6791346562856 58.48279555026815 
181.00026685214004 64.610077149169 68.2762460863012 63.78380606845924 59.39140332036342 60.433328236266675 58.80559923739531 63.7178314970587 
182.00026685214004 64.610077149169 68.2762460863012 62.88233059568448 59.81812655625893 60.433328236266675 59.11207520776634 63.9729747010235 
183.00026685214004 64.610077149169 68.87015929680803 62.78380606845924 60.63965981303372 61.107068787975294 59.489529098606226 64.7178314970587 
184.00026685214004 64.610077149169 69.6842686054222 63.53717246756702 60.85618965952152 61.464103977400384 59.74100622377725 61.756180396582465 
185.00026685214004 64.610077149169 69.6842686054222 63.53717246756702 60.81812655625893 61.75808538789521 183.9660905737285 65.29324314730383 
186.00026685214004 64.610077149169 69.6842686054222 63.53717246756702 61.458523115679355 62.18340039789251 62.72621147593952 63.7178314970587 
187.00026685214004 64.610077149169 69.87406039930727 63.53717246756702 62.26306462856593 62.6826154886557 60.24764702097917 63.9729747010235 
188.00026685214004 64.610077149169 70.47605476574185 63.53717246756702 62.26306462856593 185.83211199940988 61.0010925189589 64.7178314970587 
189.00026685214004 64.610077149169 70.74527131836939 63.53717246756702 62.85618965952152 63.9857781784566 68.23280924956136 62.59077051942498 
190.00026685214004 64.610077149169 70.77832622776492 63.53717246756702 189.0401195489136 66.9920360125834 63.74022080993814 62.59077051942498 
191.00026685214004 64.610077149169 71.49819420576054 63.53717246756702 63.40352010705965 65.93472471071405 68.23280924956136 66.29324314730383 
192.00026685214004 64.610077149169 71.70102234032449 63.53717246756702 64.0759085162116 70.66510319701565 63.72621147593952 65.32985588670769 
193.00026685214004 64.610077149169 71.96705084841192 63.53717246756702 64.1388960896885 69.12945137563659 66.41778961667436 65.7178314970587 
194.00026685214004 64.610077149169 71.96705084841192 63.53717246756702 64.68142011246985 69.12945137563659 64.12049986618055 66.29324314730383 
195.00026685214004 64.610077149169 194.78126549450215 63.53717246756702 68.72178352713554 65.40063595226016 69.23280924956136 66.9729747010235 
196.00026685214004 64.610077149169 79.7670491738483 63.53717246756702 66.72178352713553 67.9920360125834 64.349834046474 66.29324314730383 
197.00026685214004 64.610077149169 77.90333902573681 63.53717246756702 66.37793946175574 66.90794496839797 66.12049986618055 66.29324314730383 
198.00026685214004 64.610077149169 73.62208009013527 63.53717246756702 67.72178352713553 71.66510319701565 70.23280924956136 67.7322901406948 
199.00026685214004 64.610077149169 75.19027061638742 63.53717246756702 67.72178352713553 69.06006567978395 67.01353834338795 66.62171710036591 
200.00026685214004 64.610077149169 74.42720153579118 63.53717246756702 67.72178352713553 71.12945137563659 68.66967610493646 67.19189060528791 
201.00026685214004 64.610077149169 81.13939602809928 63.53717246756702 67.72178352713553 71.12945137563659 74.00104279560321 67.96902013435368 
202.00026685214004 64.610077149169 76.19027061638742 63.53717246756702 67.72178352713553 68.99203601258338 71.5624323452054 126.28896515157926 
203.00026685214004 64.610077149169 80.7670491738483 63.53717246756702 67.72178352713553 69.27052108697822 71.90187215345108 69.69584012062367 
204.00026685214004 64.610077149169 80.90333902573681 63.53717246756702 67.72178352713553 72.66510319701567 85.57443514262442 68.79772672851695 
205.00026685214004 64.610077149169 79.73034444462283 63.53717246756702 67.72178352713553 71.12945137563659 68.41778961667436 70.69584012062367 
206.00026685214004 64.610077149169 77.953566783601 63.53717246756702 67.72178352713553 71.12945137563659 73.00705019227067 70.28896515157928 
207.00026685214004 64.610077149169 82.90333902573681 63.53717246756702 67.72178352713553 71.50297863091461 86.18179751537949 71.26585942780287 
208.00026685214004 64.610077149169 80.7670491738483 63.53717246756702 67.72178352713553 71.50297863091461 71.64788566345297 71.29061958369593 
209.00026685214004 64.610077149169 80.90333902573681 63.53717246756702 67.72178352713553 71.50297863091461 92.1457765167464 72.75557883635659 
210.00026685214004 64.610077149169 80.73034444462283 63.53717246756702 67.72178352713553 71.66457816593586 78.71681991813276 72.28896515157928 
211.00026685214004 64.610077149169 80.73034444462283 63.53717246756702 67.72178352713553 198.64812911730462 103.16746526701641 149.1545590191933 
212.00026685214004 64.610077149169 82.90333902573681 63.53717246756702 67.72178352713553 74.64953652523471 130.89042369672154 72.83629559911739 
213.00026685214004 64.610077149169 83.13939602809927 63.53717246756702 67.72178352713553 72.92796902940626 79.0929243409548 75.15455901919327 
214.00026685214004 64.610077149169 83.13939602809927 63.53717246756702 67.72178352713553 75.82954819263091 131.7388167326442 75.15455901919327 
215.00026685214004 64.610077149169 82.37855574811311 63.53717246756702 67.72178352713553 76.0334990390206 112.54051216389857 74.1141956045276 
216.00026685214004 64.610077149169 84.13939602809927 63.53717246756702 67.72178352713553 76.04960841220051 146.8923727325665 75.81071495381349 
217.00026685214004 64.610077149169 83.7670491738483 63.53717246756702 67.72178352713553 76.0334990390206 157.61057665840704 77.15455901919327 
218.00026685214004 64.610077149169 85.16091338545817 63.53717246756702 67.72178352713553 75.64953652523471 112.90777199167863 75.81071495381349 
219.00026685214004 64.610077149169 84.90333902573681 63.53717246756702 93.32355956935402 75.82954819263091 246.11595516857346 77.25308354641854 
220.00026685214004 64.610077149169 84.7670491738483 63.53717246756702 110.47957161325897 74.94795032629614 198.33353263904831 77.15455901919327 
221.00026685214004 64.610077149169 85.90333902573681 63.53717246756702 134.81260632201406 77.0334990390206 236.26986204256582 77.15455901919327 
222.00026685214004 64.610077149169 85.66296643216685 63.53717246756702 214.62698278569465 77.04960841220051 190.5905710027585 77.15455901919327 
223.00026685214004 64.610077149169 86.67216491812766 63.53717246756702 226.66611147837477 77.0334990390206 508.7660182779741 77.15455901919327 
224.00026685214004 64.610077149169 86.90333902573681 63.53717246756702 206.0213377095526 77.11259960496048 876.94913754686 77.15455901919327 
225.00026685214004 64.610077149169 87.16091338545817 63.53717246756702 210.5243500488972 77.27326635767466 297.7216804736056 77.15455901919327 
226.00026685214004 64.610077149169 87.07475155116748 63.53717246756702 416.5256727193706 78.0334990390206 177.73972135178224 77.15455901919327 
227.00026685214004 64.610077149169 87.76473779097239 63.53717246756702 117.926760226885 78.09802306262876 107.18057093630887 77.15455901919327 
228.00026685214004 64.610077149169 87.91119151187132 63.53717246756702 320.4929667740274 167.64812911730462 32.59751166276041 77.15455901919327 
229.00026685214004 64.610077149169 88.16091338545817 63.53717246756702 308.8074508955345 79.12301411983995 17.70628839877429 77.15455901919327 
230.00026685214004 64.610077149169 88.21773482210875 63.53717246756702 335.17092602946155 80.0761812301806 100.51088918146706 77.15455901919327 
231.00026685214004 64.610077149169 88.89551441917774 63.53717246756702 556.900588334219 90.64812911730462 86.44167587318333 77.15455901919327 
232.00026685214004 64.610077149169 89.19701808251963 63.53717246756702 78.44308791942981 87.64812911730462 28.372482195207596 77.15455901919327 
233.00026685214004 64.610077149169 89.42462019673656 63.53717246756702 17.950979234773484 87.64812911730462 14.380515173945554 77.15455901919327 
234.00026685214004 64.610077149169 90.14596170751855 63.53717246756702 14.963102244208642 80.78872999997844 20.877944604559985 77.15455901919327 
235.00026685214004 64.610077149169 90.14596170751855 63.53717246756702 67.68471314619961 88.64812911730462 17.364359827700753 77.15455901919327 
236.00026685214004 64.610077149169 90.67172329607754 63.53717246756702 18.926418592459868 87.64812911730462 14.192717543071268 77.15455901919327 
237.00026685214004 64.610077149169 90.67172329607754 63.53717246756702 16.043641190516837 83.47562134627171 35.20179393657875 77.15455901919327 
238.00026685214004 64.610077149169 90.83968293571974 63.53717246756702 17.28401157384988 88.64812911730462 16.6353284457617 77.15455901919327 
239.00026685214004 64.610077149169 90.83968293571974 63.53717246756702 68.50097174391684 84.11543747261419 14.786624070599999 77.15455901919327 
240.00026685214004 64.610077149169 91.45545715544532 63.53717246756702 23.52291061249747 89.64812911730462 18.55097220875703 77.15455901919327 
241.00026685214004 64.610077149169 91.94533714168563 63.53717246756702 27.03974825145221 89.64812911730462 16.410353903039947 77.15455901919327 
242.00026685214004 64.610077149169 92.70871384094607 63.53717246756702 24.12296727883566 89.64812911730462 18.911291203170435 77.15455901919327 
243.00026685214004 64.610077149169 92.70871384094607 63.53717246756702 18.069030644242048 89.64812911730462 19.736047908124533 77.15455901919327 
244.00026685214004 64.610077149169 92.94489407198935 63.53717246756702 19.8426826219046 89.64812911730462 19.819896178638942 77.15455901919327 
245.00026685214004 64.610077149169 93.63312642439175 63.53717246756702 19.36144172812908 89.64812911730462 45.478268196395135 77.15455901919327 
246.00026685214004 64.610077149169 94.57108822882918 63.53717246756702 20.011437795170792 86.6989780109333 22.15841728370779 77.15455901919327 
247.00026685214004 64.610077149169 94.57108822882918 63.53717246756702 20.011437795170792 90.64812911730462 20.8658491825187 77.15455901919327 
248.00026685214004 64.610077149169 94.96802882698859 63.53717246756702 20.41842483683672 90.64812911730462 28.043308667436065 77.15455901919327 
249.00026685214004 64.610077149169 94.96802882698859 63.53717246756702 20.937948716177317 89.64812911730462 23.42675484547422 77.15455901919327 
250.00026685214004 64.610077149169 95.2484726623249 63.53717246756702 21.811737248455074 89.64812911730462 25.809948770551443 77.15455901919327 
251.00026685214004 64.610077149169 95.90458119922994 63.53717246756702 22.966566944900904 89.64812911730462 25.4760492714708 77.15455901919327 
252.00026685214004 64.610077149169 96.01564526881006 63.53717246756702 24.44886155700027 88.67161401595601 24.41060915724117 77.15455901919327 
253.00026685214004 64.610077149169 96.71647107062375 63.53717246756702 24.44886155700027 90.64812911730462 26.4760492714708 77.15455901919327 
254.00026685214004 64.610077149169 98.00833838163032 63.53717246756702 26.071771633716452 90.64812911730462 47.982456541584355 77.15455901919327 
255.00026685214004 64.610077149169 98.00833838163032 63.53717246756702 25.714254500378104 90.64812911730462 27.364541862456008 77.15455901919327 
256.00026685214004 64.610077149169 98.00833838163032 63.53717246756702 26.530661148512166 90.64812911730462 27.569327043144995 77.15455901919327 
257.00026685214004 64.61007714916897 98.03701677650758 63.53717246756702 27.21776891852869 90.64812911730459 27.28398628053148 77.1545590191933 
258.00026685214004 64.61007714916897 98.83481146730739 63.53717246756702 27.761233658398794 90.64812911730459 28.184023710761323 77.1545590191933 
259.00026685214004 64.61007714916897 98.83481146730739 63.53717246756702 29.083097487883975 90.64812911730459 50.05173595732933 77.1545590191933 
260.00026685214004 64.61007714916897 99.76762696807583 63.53717246756702 29.16649665851432 90.64812911730459 31.63355253096759 77.1545590191933 
261.00026685214004 64.61007714916897 260.83968293571974 63.53717246756702 29.62052451606172 90.64812911730459 31.89766399481266 77.1545590191933 
262.00026685214004 64.61007714916897 103.19372828569004 63.53717246756702 29.88463597990679 90.64812911730459 20.574408147954358 77.1545590191933 
263.00026685214004 64.61007714916897 101.78867467751095 63.53717246756702 31.105302503844797 90.64812911730459 79.9925915743161 77.1545590191933 
264.00026685214004 64.61007714916897 103.8507494482239 63.53717246756702 31.967349918650825 90.64812911730459 36.992591574316094 77.1545590191933 
265.00026685214004 64.61007714916897 103.55328117899208 63.53717246756702 32.28681717847499 90.64812911730459 22.992591574316094 77.1545590191933 
266.00026685214004 64.61007714916897 102.54149239681468 63.53717246756702 33.69423300955867 90.64812911730459 21.992591574316094 77.1545590191933 
267.00026685214004 64.61007714916897 104.66136900392439 63.53717246756702 33.45530961700595 90.64812911730459 21.992591574316094 77.1545590191933 
268.00026685214004 64.61007714916897 104.66136900392439 63.53717246756702 34.71461863264406 90.64812911730459 21.992591574316094 77.1545590191933 
269.00026685214004 64.61007714916897 105.19372828569004 63.53717246756702 35.00602030486249 90.64812911730459 21.016076472967484 77.1545590191933 
270.00026685214004 64.61007714916897 105.66136900392439 63.53717246756702 35.427018182729995 90.64812911730459 22.992591574316094 77.1545590191933 
271.00026685214004 64.61007714916897 105.8507494482239 63.53717246756702 91.63600689854857 90.64812911730459 22.992591574316094 77.1545590191933 
272.00026685214004 64.61007714916897 105.27943456004346 63.53717246756702 86.36019121623039 90.64812911730459 22.992591574316094 77.1545590191933 
273.00026685214004 64.61007714916897 105.46881494145475 63.53717246756702 40.520731181668054 90.64812911730459 22.992591574316094 77.1545590191933 
274.00026685214004 64.61007714916897 105.46881494145475 63.53717246756702 38.887220488961304 90.64812911730459 22.992591574316094 77.1545590191933 
275.00026685214004 64.61007714916897 106.17930187365758 63.53717246756702 39.509395356242806 90.64812911730459 22.992591574316094 77.1545590191933 
276.00026685214004 64.61007714916897 106.73513381021584 63.53717246756702 39.54961479680236 90.64812911730459 22.992591574316094 77.1545590191933 
277.00026685214004 64.61007714916897 106.93719684252218 63.53717246756702 40.05763704800165 90.64812911730459 22.992591574316094 77.1545590191933 
278.00026685214004 64.61007714916897 107.37271410954389 63.53717246756702 40.79327274797504 90.64812911730459 22.992591574316094 77.1545590191933 
279.00026685214004 64.61007714916897 107.39579727753227 63.53717246756702 41.29659282409864 90.64812911730459 22.992591574316094 77.1545590191933 
280.00026685214004 64.61007714916897 108.28390450742376 63.53717246756702 20.457003810673882 90.64812911730459 22.992591574316123 77.1545590191933 
281.00026685214004 64.61007714916897 108.28390450742376 63.53717246756702 20.392922017518913 90.64812911730459 22.992591574316123 77.1545590191933 
282.00026685214004 64.61007714916897 108.77841692151509 63.53717246756702 20.392922017518913 90.64812911730459 22.992591574316123 77.1545590191933 
283.00026685214004 64.61007714916897 109.70766884602321 63.53717246756702 21.22961436361811 90.64812911730459 22.992591574316123 77.1545590191933 
284.00026685214004 64.61007714916897 110.62226170746115 63.53717246756702 21.22961436361811 90.64812911730459 22.992591574316123 77.1545590191933 
285.00026685214004 64.61007714916897 110.62226170746115 63.53717246756702 21.49725593905191 90.64812911730459 22.992591574316123 77.1545590191933 
286.00026685214004 64.61007714916897 110.62226170746115 63.53717246756702 24.29519290674557 90.64812911730459 22.992591574316123 77.1545590191933 
287.00026685214004 64.61007714916897 111.4588830964056 63.53717246756702 22.16411065677812 90.64812911730459 22.992591574316123 77.1545590191933 
288.00026685214004 64.61007714916897 111.73211660499936 63.53717246756702 22.35169064591605 90.64812911730459 22.992591574316123 77.1545590191933 
289.00026685214004 64.61007714916897 111.73211660499936 63.53717246756702 22.753787382219798 90.64812911730459 23.56351707721916 77.1545590191933 
290.00026685214004 64.61007714916897 112.72831954094076 63.53717246756702 23.308733772915502 90.64812911730459 23.56351707721916 77.1545590191933 
291.00026685214004 64.61007714916897 112.72831954094076 63.53717246756702 23.308733772915502 90.64812911730459 24.213497548660143 77.1545590191933 
292.00026685214004 64.61007714916897 113.1411600843407 63.53717246756702 24.113340275521864 90.64812911730459 24.613935641880573 77.1545590191933 
293.00026685214004 64.61007714916897 292.89559517737695 63.53717246756702 26.113340275521864 90.64812911730459 24.613935641880573 77.1545590191933 
294.00026685214004 64.61007714916897 116.55557059109827 63.53717246756702 24.690395872045258 90.64812911730459 25.466147599325268 77.1545590191933 
295.00026685214004 64.61007714916897 116.55557059109827 63.53717246756702 25.34873377404074 90.64812911730459 26.050022184991064 77.1545590191933 
296.00026685214004 64.61007714916897 116.45665835057122 63.53717246756702 25.34873377404074 90.64812911730459 26.19773068603871 77.1545590191933 
297.00026685214004 64.61007714916897 115.77948621638308 63.53717246756702 25.34873377404074 90.64812911730459 26.586002823232207 77.1545590191933 
298.00026685214004 64.61007714916897 117.45665835057122 63.53717246756702 25.79223970162741 90.64812911730459 27.21208707283239 77.1545590191933 
299.00026685214004 64.61007714916897 116.20002658504413 63.53717246756702 26.15782723632924 90.64812911730459 27.574684334849053 77.1545590191933 
300.00026685214004 64.61007714916897 118.55557059109827 63.53717246756702 26.56019202758671 90.64812911730459 27.73678867381227 77.1545590191933 
301.00026685214004 64.61007714916897 118.55557059109827 63.53717246756702 26.590335974026573 90.64812911730459 28.476262668996355 77.1545590191933 
302.00026685214004 64.61007714916897 118.55557059109827 63.53717246756702 27.046881974512758 90.64812911730459 28.496237718307327 77.1545590191933 
303.00026685214004 64.61007714916897 118.45665835057122 63.53717246756702 27.688620325509987 90.64812911730459 28.68294612454173 77.1545590191933 
304.00026685214004 64.61007714916897 119.14333489763561 63.53717246756702 27.619154468354168 90.64812911730459 29.376236369695505 77.1545590191933 
305.00026685214004 64.61007714916897 119.45665835057122 63.53717246756702 28.394870563837117 90.64812911730459 29.591857938829605 77.1545590191933 
306.00026685214004 64.61007714916897 119.94303775363417 63.53717246756702 29.359472349103783 90.64812911730459 31.091101349268058 77.1545590191933 
307.00026685214004 64.61007714916897 120.25187316988223 63.53717246756702 28.74924408051362 90.64812911730459 30.1684127618949 77.1545590191933 
308.00026685214004 64.61007714916897 120.59998645760908 63.53717246756702 39.34873377404074 90.64812911730459 31.028507291780556 77.1545590191933 
309.00026685214004 64.61007714916897 120.59998645760908 63.53717246756702 29.920594605206304 90.64812911730459 31.028507291780556 77.1545590191933 
310.00026685214004 64.61007714916897 121.17720783764025 63.53717246756702 30.312362393609078 90.64812911730459 31.8157675651492 77.1545590191933 
311.00026685214004 64.61007714916897 121.18792676863538 63.53717246756702 30.393999578938804 90.64812911730459 35.028507291780556 77.1545590191933 
312.00026685214004 64.61007714916897 121.91115611543509 63.53717246756702 31.27653016715351 90.64812911730459 32.57465275832527 77.1545590191933 
313.00026685214004 64.61007714916897 122.21682200657301 63.53717246756702 31.27653016715351 90.64812911730459 32.57465275832527 77.1545590191933 
314.00026685214004 64.61007714916897 122.21682200657301 63.53717246756702 31.57570436533979 90.64812911730459 32.952602920974186 77.1545590191933 
315.00026685214004 64.61007714916897 123.05463329096779 63.53717246756702 31.57570436533979 90.64812911730459 34.15108036499896 77.1545590191933 
316.00026685214004 64.61007714916897 123.97926294474425 63.53717246756702 32.03498911539924 90.64812911730459 34.3577199707463 77.1545590191933 
317.00026685214004 64.61007714916897 124.48010050435553 63.53717246756702 32.56166351731372 90.64812911730459 35.07466765259886 77.1545590191933 
318.00026685214004 64.61007714916897 124.80857445741762 63.53717246756702 32.56166351731372 90.64812911730459 35.135011158389034 77.1545590191933 
319.00026685214004 64.61007714916897 124.48010050435553 63.53717246756702 33.367070776406194 90.64812911730459 35.38069453487918 77.1545590191933 
320.00026685214004 64.61007714916897 125.3727141728582 63.53717246756702 33.523771508187565 90.64812911730459 35.195211526606556 77.1545590191933 
321.00026685214004 64.61007714916897 125.3727141728582 63.53717246756702 34.193185520921475 90.64812911730459 35.9625659427482 77.1545590191933 
322.00026685214004 64.610077149169 125.58645388066498 63.53717246756702 34.47547540265367 90.64812911730459 36.27827529454174 77.1545590191933 
323.00026685214004 64.610077149169 126.15587749140539 63.53717246756702 34.47547540265367 90.64812911730459 36.27827529454174 77.1545590191933 
324.00026685214004 64.610077149169 126.91914749774651 63.53717246756702 35.0155162519751 90.64812911730459 36.92819802121363 77.1545590191933 
325.00026685214004 64.610077149169 126.91914749774651 63.53717246756702 35.463826123963656 90.64812911730459 36.92819802121363 77.1545590191933 
326.00026685214004 64.610077149169 325.8279414778575 63.53717246756702 35.80737199453898 90.64812911730459 37.46761157214087 77.1545590191933 
327.00026685214004 64.610077149169 128.25929266214317 63.53717246756702 36.39974203224949 90.64812911730459 37.794520932394505 77.1545590191933 
328.00026685214004 64.610077149169 127.88269747767538 63.53717246756702 36.83735222522432 90.64812911730459 38.06576403655282 77.1545590191933 
329.00026685214004 64.610077149169 128.25929266214317 63.53717246756702 37.28799839563652 90.64812911730459 38.37635146081044 77.1545590191933 
330.00026685214004 64.610077149169 128.47582250863098 63.53717246756702 37.5900166100937 90.64812911730459 38.942596764611096 77.1545590191933 
331.00026685214004 64.610077149169 128.65586416455852 63.53717246756702 37.85771360527826 90.64812911730459 39.37256320608765 77.1545590191933 
332.00026685214004 64.610077149169 129.0231529561691 63.53717246756702 37.85771360527826 90.64812911730459 39.60118825395267 77.1545590191933 
333.00026685214004 64.610077149169 332.8826974776754 63.53717246756702 38.2229158006196 90.64812911730459 39.60118825395267 77.1545590191933 
334.00026685214004 64.610077149169 133.34141637624498 63.53717246756702 38.60121604795677 90.64812911730459 40.467124807609764 77.1545590191933 
335.00026685214004 64.610077149169 130.75852893879795 63.53717246756702 38.843663788166 90.64812911730459 162.9925915743161 77.1545590191933 
336.00026685214004 64.610077149169 132.34141637624498 63.53717246756702 38.843663788166 90.64812911730459 44.61668191882461 77.1545590191933 
337.00026685214004 64.610077149169 130.9975723108652 63.53717246756702 39.29029098461399 90.64812911730459 44.25297205840104 77.1545590191933 
338.00026685214004 64.610077149169 130.9975723108652 63.53717246756702 39.47125060840108 90.64812911730459 44.61668191882461 77.1545590191933 
339.00026685214004 64.610077149169 133.34141637624498 63.53717246756702 40.188633074427685 90.64812911730459 50.75988163260814 77.1545590191933 
340.00026685214004 64.610077149169 132.09478277535277 63.53717246756702 40.188633074427685 90.64812911730459 44.13227877892285 77.1545590191933 
341.00026685214004 64.610077149169 132.09478277535277 63.53717246756702 40.46339812226654 90.64812911730459 45.61668191882461 77.1545590191933 
342.00026685214004 64.610077149169 132.09478277535277 63.53717246756702 40.634810647697236 90.64812911730459 45.61668191882461 77.1545590191933 
343.00026685214004 64.610077149169 132.09478277535277 63.53717246756702 41.23222401465739 90.64812911730459 45.25297205840104 77.1545590191933 
344.00026685214004 64.610077149169 132.09478277535277 63.53717246756702 41.23222401465739 90.64812911730459 46.22853973834077 77.1545590191933 
345.00026685214004 64.610077149169 132.09478277535277 63.53717246756702 41.23222401465739 90.64812911730459 46.61668191882461 77.1545590191933 
346.00026685214004 64.610077149169 132.09478277535277 63.53717246756702 41.73064812621055 90.64812911730459 46.803447712843536 77.1545590191933 
347.00026685214004 64.610077149169 132.09478277535277 63.53717246756702 41.73064812621055 90.64812911730459 53.75988163260814 77.1545590191933 
348.00026685214004 64.610077149169 132.09478277535277 63.53717246756702 42.32710827037806 90.64812911730462 49.45761017058504 77.1545590191933 
349.00026685214004 64.610077149169 132.09478277535277 63.53717246756702 42.406838341090065 90.64812911730462 48.019399252419305 77.1545590191933 
350.00026685214004 64.610077149169 132.09478277535277 63.53717246756702 42.406838341090065 90.64812911730462 48.45761017058504 77.1545590191933 
351.00026685214004 64.610077149169 132.09478277535277 63.53717246756702 43.37425142844086 90.64812911730462 48.019399252419305 77.1545590191933 
352.00026685214004 64.610077149169 132.09478277535277 63.53717246756702 43.689822594149064 90.64812911730462 49.45761017058504 77.1545590191933 
353.00026685214004 64.610077149169 132.09478277535277 63.53717246756702 43.7432424969121 90.64812911730462 49.45761017058504 77.1545590191933 
354.00026685214004 64.610077149169 132.09478277535277 63.53717246756702 44.044452567284736 90.64812911730462 49.45761017058504 77.1545590191933 
355.00026685214004 64.610077149169 132.09478277535277 63.53717246756702 44.59731045279 90.64812911730462 49.72682672321258 77.1545590191933 
356.00026685214004 64.610077149169 132.09478277535277 63.53717246756702 44.971870234773746 90.64812911730462 49.72682672321258 77.1545590191933 
357.00026685214004 64.610077149169 132.09478277535277 63.53717246756702 45.290403541152614 90.64812911730462 49.83050508291666 77.1545590191933 
358.00026685214004 64.610077149169 132.09478277535277 63.53717246756702 45.56398329233048 90.64812911730462 50.280247091020044 77.1545590191933 
359.00026685214004 64.610077149169 132.09478277535277 63.53717246756702 45.56398329233048 90.64812911730462 50.40266177537137 77.1545590191933 
360.00026685214004 64.610077149169 132.09478277535277 63.53717246756702 45.896304933470105 90.64812911730462 50.809779473211506 77.1545590191933 
361.00026685214004 64.610077149169 132.09478277535277 63.53717246756702 45.896304933470105 90.64812911730462 50.809779473211506 77.1545590191933 
362.00026685214004 64.610077149169 132.09478277535277 63.53717246756702 45.896304933470105 90.64812911730462 50.809779473211506 77.1545590191933 
363.00026685214004 64.610077149169 132.09478277535277 63.53717246756702 46.513625880130746 90.64812911730462 50.809779473211506 77.1545590191933 
364.00026685214004 64.610077149169 132.09478277535277 63.53717246756702 47.0545623720825 90.64812911730462 50.809779473211506 77.1545590191933 
365.00026685214004 64.610077149169 132.09478277535277 63.53717246756702 47.0545623720825 90.64812911730462 50.809779473211506 77.1545590191933 
366.00026685214004 64.610077149169 132.09478277535277 63.53717246756702 47.82913496801007 90.64812911730462 50.809779473211506 77.1545590191933 
367.00026685214004 64.610077149169 132.09478277535277 63.53717246756702 48.0693083617486 90.64812911730462 50.809779473211506 77.1545590191933 
368.00026685214004 64.610077149169 132.09478277535277 63.53717246756702 48.0693083617486 90.64812911730462 50.809779473211506 77.1545590191933 
369.00026685214004 64.610077149169 132.09478277535277 63.53717246756702 89.36869393459745 90.64812911730462 50.809779473211506 77.1545590191933 
370.00026685214004 64.610077149169 132.09478277535277 63.53717246756702 49.85875078270658 90.64812911730462 50.809779473211506 77.1545590191933 
371.00026685214004 64.610077149169 132.09478277535277 63.53717246756702 49.85875078270658 90.64812911730462 50.89058513349238 77.1545590191933 
372.00026685214004 64.610077149169 132.09478277535277 63.53717246756702 50.28437016160336 90.64812911730462 50.89058513349238 77.1545590191933 
373.00026685214004 64.610077149169 132.09478277535277 63.53717246756702 50.85875078270658 90.64812911730462 51.75845901475469 77.1545590191933 
374.00026685214004 64.610077149169 132.09478277535277 63.53717246756702 50.981165467057906 90.64812911730462 51.75845901475469 77.1545590191933 
375.00026685214004 64.610077149169 132.09478277535277 63.53717246756702 52.09643253829012 90.64812911730462 51.75845901475469 77.1545590191933 
376.00026685214004 64.610077149169 132.09478277535277 63.53717246756702 51.59821538341066 90.64812911730462 51.75845901475469 77.1545590191933 
377.00026685214004 64.610077149169 132.09478277535277 63.53717246756702 53.09643253829012 90.64812911730462 51.75845901475469 77.1545590191933 
378.00026685214004 64.610077149169 132.09478277535277 63.53717246756702 53.09643253829012 90.64812911730462 51.75845901475469 77.1545590191933 
379.00026685214004 64.610077149169 132.09478277535277 63.53717246756702 52.981165467057906 90.64812911730462 52.61360213607247 77.1545590191933 
380.00026685214004 64.610077149169 132.09478277535277 63.53717246756702 53.33838532429468 90.64812911730462 52.61360213607247 77.1545590191933 
381.00026685214004 64.610077149169 132.09478277535277 63.53717246756702 54.30533041489912 90.64812911730462 52.61360213607247 77.1545590191933 
382.00026685214004 64.610077149169 132.09478277535277 63.53717246756702 54.55351699360858 90.64812911730462 52.62685719138807 77.1545590191933 
383.00026685214004 64.610077149169 132.09478277535277 63.53717246756702 55.03611386227158 90.64812911730462 52.62685719138807 77.1545590191933 
384.00026685214004 64.610077149169 132.09478277535277 63.53717246756702 55.03611386227158 90.64812911730462 53.57317412047331 77.1545590191933 
385.00026685214004 64.610077149169 132.09478277535277 63.53717246756702 55.45508906289746 90.64812911730462 53.57317412047331 77.1545590191933 
386.00026685214004 64.610077149169 132.09478277535277 63.53717246756702 56.44665320599404 90.64812911730462 53.57844109702228 77.1545590191933 
387.00026685214004 64.610077149169 132.09478277535277 63.53717246756702 56.44665320599404 90.64812911730462 53.736406597120094 77.1545590191933 
388.00026685214004 64.610077149169 132.09478277535277 63.53717246756702 56.69043652834796 90.64812911730462 54.550142139756986 77.1545590191933 
389.00026685214004 64.610077149169 132.09478277535277 63.53717246756702 57.24432770195199 90.64812911730462 54.550142139756986 77.1545590191933 
390.00026685214004 64.610077149169 132.09478277535277 63.53717246756702 58.38195140453007 90.64812911730462 54.80459032155903 77.1545590191933 
391.00026685214004 64.610077149169 132.09478277535277 63.53717246756702 58.38195140453007 90.64812911730462 55.25063127632353 77.1545590191933 
392.00026685214004 64.610077149169 132.09478277535277 63.53717246756702 58.38195140453007 90.64812911730462 55.349592944495726 77.1545590191933 
393.00026685214004 64.610077149169 132.09478277535277 63.53717246756702 58.83147575008758 90.64812911730462 56.19734319365466 77.1545590191933 
394.00026685214004 64.610077149169 132.09478277535277 63.53717246756702 58.83147575008758 90.64812911730462 56.19734319365466 77.1545590191933 
395.00026685214004 64.610077149169 132.09478277535277 63.53717246756702 59.40678044569535 90.64812911730462 56.93512218844421 77.1545590191933 
396.00026685214004 64.610077149169 132.09478277535277 63.53717246756702 59.71078247060939 90.64812911730462 56.93512218844421 77.1545590191933 
397.00026685214004 64.610077149169 132.09478277535277 63.53717246756702 60.28478495185601 90.64812911730462 57.31780124178357 77.1545590191933 
398.00026685214004 64.610077149169 132.09478277535277 63.53717246756702 60.886003598822185 90.64812911730462 57.31780124178357 77.1545590191933 
399.00026685214004 64.610077149169 132.09478277535277 63.53717246756702 60.987288677523225 90.64812911730462 58.25994347447289 77.1545590191933 
400.00026685214004 64.610077149169 132.09478277535277 63.53717246756702 61.66228562545268 90.64812911730462 58.25994347447289 77.1545590191933 
401.00026685214004 64.610077149169 132.09478277535277 63.53717246756702 61.66228562545268 90.64812911730462 58.45096668564855 77.1545590191933 
402.00026685214004 64.610077149169 132.09478277535277 63.53717246756702 62.37475252712147 90.64812911730462 58.98547960064394 77.1545590191933 
403.00026685214004 64.610077149169 132.09478277535277 63.53717246756702 62.625442863935234 90.64812911730462 59.069056425583256 77.1545590191933 
404.00026685214004 64.610077149169 132.09478277535277 63.53717246756702 231.90147547277473 90.64812911730462 59.35267774434959 77.1545590191933 
405.00026685214004 64.610077149169 132.09478277535277 63.53717246756702 62.881961818134414 90.64812911730462 59.902015063349154 77.1545590191933 
406.00026685214004 64.610077149169 132.09478277535277 63.53717246756702 63.26638705657865 90.64812911730462 60.16473880522557 77.1545590191933 
407.00026685214004 64.610077149169 132.09478277535277 63.53717246756702 65.31079334866047 90.64812911730462 60.65759646824773 77.1545590191933 
408.00026685214004 64.610077149169 132.09478277535277 63.53717246756702 64.12918534655103 90.64812911730462 60.79853085323208 77.1545590191933 
409.00026685214004 64.610077149169 132.09478277535277 63.53717246756702 64.6751218140327 90.64812911730462 60.79853085323208 77.1545590191933 
410.00026685214004 64.610077149169 132.09478277535277 63.53717246756702 64.6751218140327 90.64812911730462 61.13838185122398 77.1545590191933 
411.00026685214004 64.610077149169 132.09478277535277 63.53717246756702 64.6751218140327 90.64812911730462 61.639905572949885 77.1545590191933 
412.00026685214004 64.610077149169 132.09478277535277 63.53717246756702 64.6751218140327 90.64812911730462 61.74860457869153 77.1545590191933 
413.00026685214004 64.610077149169 132.09478277535277 63.53717246756702 64.6751218140327 90.64812911730462 62.27472212062588 77.1545590191933 
414.00026685214004 64.610077149169 132.09478277535277 63.53717246756702 64.6751218140327 90.64812911730462 62.644521837010075 77.1545590191933 
415.00026685214004 64.610077149169 132.09478277535277 63.53717246756702 64.6751218140327 90.64812911730462 62.64963914761978 77.1545590191933 
416.00026685214004 64.610077149169 132.09478277535277 63.53717246756702 64.6751218140327 90.64812911730462 63.653720322970855 77.1545590191933 
417.00026685214004 64.610077149169 132.09478277535277 63.53717246756702 64.6751218140327 90.64812911730462 63.322574991021554 77.1545590191933 
418.00026685214004 64.610077149169 132.09478277535277 63.53717246756702 64.6751218140327 90.64812911730462 63.884894430580005 77.1545590191933 
419.00026685214004 64.610077149169 132.09478277535277 63.53717246756702 64.95106689777418 90.64812911730462 63.9392825520668 77.1545590191933 
420.00026685214004 64.610077149169 132.09478277535277 63.53717246756702 64.95106689777418 90.64812911730462 64.1424687903014 77.1545590191933 
421.00026685214004 64.610077149169 132.09478277535277 63.53717246756702 64.95106689777418 90.64812911730462 64.51624263208618 77.1545590191933 
422.00026685214004 64.610077149169 132.09478277535277 63.53717246756702 64.95106689777418 90.64812911730462 64.87706982402096 77.1545590191933 
423.00026685214004 64.610077149169 132.09478277535277 63.53717246756702 64.95106689777418 90.64812911730462 65.02271235627023 77.1545590191933 
424.00026685214004 64.610077149169 132.09478277535277 63.53717246756702 65.32027860712549 90.64812911730462 65.20294218394633 77.1545590191933 
425.00026685214004 64.610077149169 132.09478277535277 63.53717246756702 65.89039024860801 90.64812911730462 66.27920991359173 77.1545590191933 
426.00026685214004 64.610077149169 132.09478277535277 63.53717246756702 65.89039024860801 90.64812911730462 66.01151291840716 77.1545590191933 
427.00026685214004 64.610077149169 132.09478277535277 63.53717246756702 65.95485515249698 90.64812911730462 66.6532787009208 77.1545590191933 
428.00026685214004 64.610077149169 132.09478277535277 63.53717246756702 66.7524119016615 90.64812911730462 66.6532787009208 77.1545590191933 
429.00026685214004 64.610077149169 132.09478277535277 63.53717246756702 66.7524119016615 90.64812911730462 67.25884853353779 77.1545590191933 
430.00026685214004 64.610077149169 132.09478277535277 63.53717246756702 66.7524119016615 90.64812911730462 67.25884853353779 77.1545590191933 
431.00026685214004 64.610077149169 132.09478277535277 63.53717246756702 67.37302462408104 90.64812911730462 67.80463136343053 77.1545590191933 
432.00026685214004 64.610077149169 132.09478277535277 63.53717246756702 67.37302462408104 90.64812911730462 68.02594766076908 77.1545590191933 
433.00026685214004 64.610077149169 132.09478277535277 63.53717246756702 67.63262401917632 90.64812911730462 68.92689254652885 77.1545590191933 
434.00026685214004 64.610077149169 132.09478277535277 63.53717246756702 68.23771394066569 90.64812911730462 68.92689254652885 77.1545590191933 
435.00026685214004 64.610077149169 132.09478277535277 63.53717246756702 68.23771394066569 90.64812911730462 69.25480713185158 77.1545590191933 
436.00026685214004 64.610077149169 132.09478277535277 63.53717246756702 68.50670171290017 90.64812911730462 69.6902692457893 77.1545590191933 
437.00026685214004 64.610077149169 132.09478277535277 63.53717246756702 69.09699747085489 90.64812911730462 69.93087179230287 77.1545590191933 
438.00026685214004 64.610077149169 132.09478277535277 63.53717246756702 69.09699747085489 90.64812911730462 70.78856708471966 77.1545590191933 
439.00026685214004 64.610077149169 132.09478277535277 63.53717246756702 69.6116263144483 90.64812911730462 70.9495842318318 77.1545590191933 
440.00026685214004 64.610077149169 132.09478277535277 63.53717246756702 69.95919822656572 90.64812911730462 71.08390867574013 77.1545590191933 
441.00026685214004 64.610077149169 132.09478277535277 63.53717246756702 70.4513993095261 90.64812911730462 71.67655942909477 77.1545590191933 
442.00026685214004 64.610077149169 132.09478277535277 63.53717246756702 70.4513993095261 90.64812911730462 71.99720067365325 77.1545590191933 
443.00026685214004 64.610077149169 132.09478277535277 63.53717246756702 70.71351485007557 90.64812911730462 71.99720067365325 77.1545590191933 
444.00026685214004 64.610077149169 132.09478277535277 63.53717246756702 70.83333882497152 90.64812911730462 72.69802647546697 77.1545590191933 
445.00026685214004 64.610077149169 132.09478277535277 63.53717246756702 71.1176694043155 90.64812911730462 73.98989378647354 77.1545590191933 
446.00026685214004 64.610077149169 132.09478277535277 63.53717246756702 71.6531713442854 90.64812911730462 73.98989378647354 77.1545590191933 
447.00026685214004 64.610077149169 132.09478277535277 63.53717246756702 72.26349680613629 90.64812911730462 73.60047578477219 77.1545590191933 
448.00026685214004 64.610077149169 132.09478277535277 63.53717246756702 72.3479921534481 90.64812911730462 74.0185721813508 77.1545590191933 
449.00026685214004 64.610077149169 132.09478277535277 63.53717246756702 72.3479921534481 90.64812911730462 74.56014970862458 77.1545590191933 
450.00026685214004 64.610077149169 132.09478277535277 63.53717246756702 72.7295840566855 90.64812911730462 75.81636687215058 77.1545590191933 
451.00026685214004 64.610077149169 132.09478277535277 63.53717246756702 73.1227089477112 90.64812911730462 75.74918237291905 77.1545590191933 
452.00026685214004 64.610077149169 132.09478277535277 63.53717246756702 73.1227089477112 90.64812911730462 76.11341815652105 77.1545590191933 
453.00026685214004 64.610077149169 132.09478277535277 63.53717246756702 73.70268516987966 90.64812911730462 76.11341815652105 77.1545590191933 
454.00026685214004 64.610077149169 132.09478277535277 63.53717246756702 73.95300528666377 90.64812911730462 77.98168833590017 77.1545590191933 
455.00026685214004 64.610077149169 132.09478277535277 63.53717246756702 73.95300528666377 90.64812911730462 77.98168833590017 77.1545590191933 
456.00026685214004 64.610077149169 132.09478277535277 63.53717246756702 73.95300528666377 90.64812911730462 78.01183228234004 77.1545590191933 
457.00026685214004 64.610077149169 132.09478277535277 63.53717246756702 74.2447276079335 90.64812911730462 78.72527652006141 77.1545590191933 
458.00026685214004 64.610077149169 132.09478277535277 63.53717246756702 74.2447276079335 90.64812911730462 78.72527652006141 77.1545590191933 
459.00026685214004 64.610077149169 132.09478277535277 63.53717246756702 75.03330881210888 90.64812911730462 79.52304780165792 77.1545590191933 
460.00026685214004 64.610077149169 132.09478277535277 63.53717246756702 75.56358978486173 90.64812911730462 79.7702300823542 77.1545590191933 
461.00026685214004 64.610077149169 132.09478277535277 63.53717246756702 75.9676745551339 90.64812911730462 80.11189218035872 77.1545590191933 
462.00026685214004 64.610077149169 132.09478277535277 63.53717246756702 76.17036163051614 90.64812911730462 80.11189218035872 77.1545590191933 
463.00026685214004 64.610077149169 132.09478277535277 63.53717246756702 76.17036163051614 90.64812911730462 80.53483658383533 77.1545590191933 
464.00026685214004 64.610077149169 132.09478277535277 63.53717246756702 76.26144981622826 90.64812911730462 80.73023008122897 77.1545590191933 
465.00026685214004 64.610077149169 132.09478277535277 63.53717246756702 77.07474140999386 90.64812911730462 80.83230485306711 77.1545590191933 
466.00026685214004 64.610077149169 132.09478277535277 63.53717246756702 77.07474140999386 90.64812911730462 81.08884929599122 77.1545590191933 
467.00026685214004 64.610077149169 132.09478277535277 63.53717246756702 78.05476636068289 90.64812911730462 81.45037034629797 77.1545590191933 
468.00026685214004 64.610077149169 132.09478277535277 63.53717246756702 78.05476636068289 90.64812911730462 81.77318695422952 77.1545590191933 
469.00026685214004 64.610077149169 132.09478277535277 63.53717246756702 78.15318802653559 90.64812911730462 82.71668921505903 77.1545590191933 
470.00026685214004 64.610077149169 132.09478277535277 63.53717246756702 78.6285258766776 90.64812911730462 83.16085727850083 77.1545590191933 
471.00026685214004 64.610077149169 132.09478277535277 63.53717246756702 79.0446512910118 90.64812911730462 83.2222890679547 77.1545590191933 
472.00026685214004 64.610077149169 132.09478277535277 63.53717246756702 79.6677481386568 90.64812911730462 83.2222890679547 77.1545590191933 
473.00026685214004 64.610077149169 132.09478277535277 63.53717246756702 79.19243933356711 90.64812911730462 84.37735268237549 77.1545590191933 
474.00026685214004 64.610077149169 132.09478277535277 63.53717246756702 79.79200124034668 90.64812911730462 84.81441832583238 77.1545590191933 
475.00026685214004 64.610077149169 132.09478277535277 63.53717246756702 81.1420207689057 90.64812911730462 84.49973550012447 77.1545590191933 
476.00026685214004 64.610077149169 132.09478277535277 63.53717246756702 81.1420207689057 90.64812911730462 84.6892242508664 77.1545590191933 
477.00026685214004 64.610077149169 132.09478277535277 63.53717246756702 81.1420207689057 90.64812911730462 85.44043850124882 77.1545590191933 
478.00026685214004 64.610077149169 132.09478277535277 63.53717246756702 81.37601133093585 90.64812911730462 85.81826363396732 77.1545590191933 
479.00026685214004 64.610077149169 132.09478277535277 63.53717246756702 81.89711111508961 90.64812911730462 85.48065794180837 77.1545590191933 
480.00026685214004 64.610077149169 132.09478277535277 63.53717246756702 82.59368132600434 90.64812911730462 85.81826363396732 77.1545590191933 
481.00026685214004 64.610077149169 132.09478277535277 63.53717246756702 82.59368132600434 90.64812911730462 86.34419945357905 77.1545590191933 
482.00026685214004 64.610077149169 132.09478277535277 63.53717246756702 83.57719665258719 90.64812911730462 91.6892242508664 77.1545590191933 
483.00026685214004 64.610077149169 132.09478277535277 63.53717246756702 83.57719665258719 90.64812911730462 87.14603991753319 77.1545590191933 
484.00026685214004 64.610077149169 132.09478277535277 63.53717246756702 84.49905871351837 90.64812911730462 89.39354911979109 77.1545590191933 
485.00026685214004 64.610077149169 132.09478277535277 63.53717246756702 84.53574418364184 90.64812911730462 88.30411870994021 77.1545590191933 
486.00026685214004 64.610077149169 132.09478277535277 63.53717246756702 85.00088592424811 90.64812911730462 88.30411870994021 77.1545590191933 
487.00026685214004 64.610077149169 132.09478277535277 63.53717246756702 85.96480827541757 90.64812911730462 88.59171915985428 77.1545590191933 
488.00026685214004 64.610077149169 132.09478277535277 63.53717246756702 85.95633434486876 90.64812911730462 88.65120831216308 77.1545590191933 
489.00026685214004 64.610077149169 132.09478277535277 63.53717246756702 86.36875110186122 90.64812911730462 88.65120831216308 77.1545590191933 
490.00026685214004 64.610077149169 132.09478277535277 63.53717246756702 86.97860474853798 90.64812911730462 89.3774371428621 77.1545590191933 
491.00026685214004 64.610077149169 132.09478277535277 63.53717246756702 87.25384152442717 90.64812911730462 89.71975754135696 77.1545590191933 
492.00026685214004 64.610077149169 132.09478277535277 63.53717246756702 87.5603174947982 90.64812911730462 89.71975754135696 77.1545590191933 
493.00026685214004 64.610077149169 132.09478277535277 63.53717246756702 88.18924851080908 90.64812911730462 90.35904225420796 77.1545590191933 
494.00026685214004 64.610077149169 132.09478277535277 63.53717246756702 88.18924851080908 90.64812911730462 90.35904225420796 77.1545590191933 
495.00026685214004 64.610077149169 132.09478277535277 63.53717246756702 88.93777138563809 90.64812911730462 90.67811410036751 77.1545590191933 
496.00026685214004 64.610077149169 132.09478277535277 63.53717246756702 88.93777138563809 90.64812911730462 90.67811410036751 77.1545590191933 
497.00026685214004 64.610077149169 132.09478277535277 63.53717246756702 142.4664057790286 90.64812911730462 91.43821375541444 77.1545590191933 
498.00026685214004 64.610077149169 132.09478277535277 63.53717246756702 90.65071332435684 90.64812911730462 91.43821375541444 77.1545590191933 
499.00026685214004 64.610077149169 132.09478277535277 63.53717246756702 90.44933480599076 90.64812911730462 91.92459315847742 77.1545590191933 
500.00026685214004 64.610077149169 132.09478277535277 63.53717246756702 91.22351730694788 90.64812911730462 91.92459315847742 77.1545590191933 
501.00026685214004 64.610077149169 132.09478277535277 63.53717246756702 91.41516109304166 90.64812911730462 92.5815418624523 77.1545590191933 
502.00026685214004 64.610077149169 132.09478277535277 63.53717246756702 91.48837808830928 90.64812911730462 93.54694050593656 77.1545590191933 
503.00026685214004 64.610077149169 132.09478277535277 63.53717246756702 92.00404666188706 90.64812911730462 93.54694050593656 77.1545590191933 
504.00026685214004 64.610077149169 132.09478277535277 63.53717246756702 92.34450616893753 90.64812911730462 94.15876324248347 77.1545590191933 
505.00026685214004 64.610077149169 132.09478277535277 63.53717246756702 93.05983797425665 90.64812911730462 94.48018977172268 77.1545590191933 
506.00026685214004 64.610077149169 132.09478277535277 63.53717246756702 93.05983797425665 90.64812911730462 94.48018977172268 77.1545590191933 
507.00026685214004 64.610077149169 132.09478277535277 63.53717246756702 93.71479187832585 90.64812911730462 95.19837741141623 77.1545590191933 
508.00026685214004 64.610077149169 132.09478277535277 63.53717246756702 94.07788770331877 90.64812911730462 95.38896725677643 77.1545590191933 
509.00026685214004 64.610077149169 132.09478277535277 63.53717246756702 94.40079623344025 90.64812911730462 96.036188695811 77.1545590191933 
510.00026685214004 64.610077149169 132.09478277535277 63.53717246756702 94.79807633350583 90.64812911730462 96.036188695811 77.1545590191933 
511.00026685214004 64.610077149169 132.09478277535277 63.53717246756702 95.4261890964026 90.64812911730462 96.11259228129109 77.1545590191933 
512.00026685214 64.610077149169 132.09478277535277 63.53717246756702 95.4261890964026 90.64812911730462 96.79012986226081 77.1545590191933 
513.00026685214 64.610077149169 132.0947827753527 63.53717246756702 95.87109038370738 90.64812911730462 97.35426957770136 77.1545590191933 
514.00026685214 64.610077149169 132.0947827753527 63.53717246756702 96.05321737390659 90.64812911730462 97.36030336718278 77.1545590191933 
515.00026685214 64.610077149169 132.0947827753527 63.53717246756702 96.51185427198516 90.64812911730462 97.36870723780464 77.1545590191933 
516.00026685214 64.610077149169 132.0947827753527 63.53717246756702 97.03963016525893 90.64812911730462 98.13743289624858 77.1545590191933 
517.00026685214 64.610077149169 132.0947827753527 63.53717246756702 97.48329428878463 90.64812911730462 516.9098376991681 77.1545590191933 
518.00026685214 64.610077149169 132.0947827753527 63.53717246756702 97.67421760786607 90.64812911730462 98.96613949041182 77.1545590191933 
519.00026685214 64.610077149169 132.0947827753527 63.53717246756702 98.46178063041981 90.64812911730462 99.43427218969771 77.1545590191933 
520.00026685214 64.610077149169 132.0947827753527 63.53717246756702 98.46178063041981 90.64812911730462 101.86425288251854 77.1545590191933 
521.00026685214 64.610077149169 132.0947827753527 63.53717246756702 98.87026765275107 90.64812911730462 99.95571085190574 77.1545590191933 
522.00026685214 64.610077149169 132.0947827753527 63.53717246756702 99.48551214639389 90.64812911730462 101.45737791347415 77.1545590191933 
523.00026685214 64.610077149169 132.0947827753527 63.53717246756702 99.66952013989447 90.64812911730462 102.24084806698636 77.1545590191933 
524.00026685214 64.610077149169 132.0947827753527 63.53717246756702 100.49512774063567 90.64812911730462 102.24084806698636 77.1545590191933 
525.00026685214 64.610077149169 132.0947827753527 63.53717246756702 101.1576006400976 90.64812911730462 102.45737791347415 77.1545590191933 
526.00026685214 64.610077149169 132.0947827753527 63.53717246756702 101.1576006400976 90.64812911730462 259.32297178108814 77.1545590191933 
527.00026685214 64.610077149169 132.0947827753527 63.53717246756702 101.19587639364931 90.64812911730462 103.43794142646368 77.1545590191933 
528.00026685214 64.610077149169 132.0947827753527 63.53717246756702 101.45587179628671 90.64812911730462 104.97912771570839 77.1545590191933 
529.00026685214 64.610077149169 132.0947827753527 63.53717246756702 101.45587179628671 90.64812911730462 104.56779923985016 77.1545590191933 
530.00026685214 64.610077149169 132.0947827753527 63.53717246756702 101.54827378531206 90.64812911730462 104.28260836642244 77.1545590191933 
531.00026685214 64.610077149169 132.0947827753527 63.53717246756702 102.0300349366733 90.64812911730462 108.32297178108814 77.1545590191933 
532.00026685214 64.610077149169 132.0947827753527 63.53717246756702 102.6810515365932 90.64812911730462 105.97912771570839 77.1545590191933 
533.00026685214 64.610077149169 132.0947827753527 63.53717246756702 102.6810515365932 90.64812911730462 107.32297178108814 77.1545590191933 
534.00026685214 64.610077149169 132.0947827753527 63.53717246756702 103.1063665465905 90.64812911730462 107.32297178108814 77.1545590191933 
535.00026685214 64.610077149169 132.0947827753527 63.53717246756702 103.60558163735368 90.64812911730462 107.32297178108814 77.1545590191933 
536.00026685214 64.610077149169 132.0947827753527 63.53717246756702 103.54252978891645 90.64812911730462 107.32297178108814 77.1545590191933 
537.00026685214 64.610077149169 132.0947827753527 63.53717246756702 103.69692296498044 90.64812911730462 107.32297178108814 77.1545590191933 
538.00026685214 64.610077149169 132.0947827753527 63.53717246756702 103.69692296498044 90.64812911730462 107.32297178108814 77.1545590191933 
539.00026685214 64.610077149169 132.0947827753527 63.53717246756702 104.00618890277542 90.64812911730462 107.32297178108814 77.1545590191933 
540.00026685214 64.610077149169 132.0947827753527 63.53717246756702 104.22340634169717 90.64812911730462 107.32297178108814 77.1545590191933 
541.00026685214 64.610077149169 132.0947827753527 63.53717246756702 104.69812126881817 90.64812911730462 107.32297178108814 77.1545590191933 
542.00026685214 64.610077149169 132.0947827753527 63.53717246756702 104.69812126881817 90.64812911730462 107.32297178108814 77.1545590191933 
543.00026685214 64.610077149169 132.0947827753527 63.53717246756702 105.24496178261177 90.64812911730462 107.32297178108814 77.1545590191933 
544.00026685214 64.610077149169 132.0947827753527 63.53717246756702 105.32360210095817 90.64812911730462 107.32297178108814 77.1545590191933 
545.00026685214 64.610077149169 132.0947827753527 63.53717246756702 107.51094382089354 90.64812911730462 107.32297178108814 77.1545590191933 
546.00026685214 64.610077149169 132.0947827753527 63.53717246756702 106.31071452422151 90.64812911730462 107.32297178108814 77.1545590191933 
547.00026685214 64.610077149169 132.0947827753527 63.53717246756702 106.883682863194 90.64812911730462 107.32297178108814 77.1545590191933 
548.00026685214 64.610077149169 132.0947827753527 63.53717246756702 107.19891049946784 90.64812911730462 107.32297178108814 77.1545590191933 
549.00026685214 64.610077149169 132.0947827753527 63.53717246756702 107.19891049946784 90.64812911730462 107.32297178108814 77.1545590191933 
550.00026685214 64.610077149169 132.0947827753527 63.53717246756702 107.8923173091714 90.64812911730462 107.32297178108814 77.1545590191933 
551.00026685214 64.610077149169 132.0947827753527 63.53717246756702 108.92188335072382 90.64812911730462 107.32297178108814 77.1545590191933 
552.00026685214 64.610077149169 132.0947827753527 63.53717246756702 108.9150021612814 90.64812911730462 107.32297178108814 77.1545590191933 
553.00026685214 64.610077149169 132.0947827753527 63.53717246756702 108.96570620754937 90.64812911730462 107.32297178108814 77.1545590191933 
554.00026685214 64.610077149169 132.0947827753527 63.53717246756702 108.96570620754937 90.64812911730462 107.32297178108814 77.1545590191933 
555.00026685214 64.610077149169 132.0947827753527 63.53717246756702 109.50766643376733 90.64812911730462 107.32297178108814 77.1545590191933 
556.00026685214 64.610077149169 132.0947827753527 63.53717246756702 109.518562107236 90.64812911730462 107.32297178108814 77.1545590191933 
557.00026685214 64.610077149169 132.0947827753527 63.53717246756702 110.40943610099885 90.64812911730462 107.32297178108814 77.1545590191933 
558.00026685214 64.610077149169 132.0947827753527 63.53717246756702 110.40943610099885 90.64812911730462 107.32297178108814 77.1545590191933 
559.00026685214 64.610077149169 132.0947827753527 63.53717246756702 110.61766779620234 90.64812911730462 107.32297178108814 77.1545590191933 
560.00026685214 64.610077149169 132.0947827753527 63.53717246756702 110.61766779620234 90.64812911730462 107.32297178108814 77.1545590191933 
561.00026685214 64.610077149169 132.0947827753527 63.53717246756702 111.42594477961262 90.64812911730462 107.32297178108814 77.1545590191933 
562.00026685214 64.610077149169 132.0947827753527 63.53717246756702 112.04108169890935 90.64812911730462 107.32297178108814 77.1545590191933 
563.00026685214 64.610077149169 132.0947827753527 63.53717246756702 112.04108169890935 90.64812911730462 107.32297178108814 77.1545590191933 
564.00026685214 64.610077149169 132.0947827753527 63.53717246756702 112.55948614406884 90.64812911730462 107.32297178108814 77.1545590191933 
565.00026685214 64.610077149169 132.0947827753527 63.53717246756702 112.74502187731645 90.64812911730462 107.32297178108814 77.1545590191933 
566.00026685214 64.610077149169 132.0947827753527 63.53717246756702 112.74502187731645 90.64812911730462 107.32297178108814 77.1545590191933 
567.00026685214 64.610077149169 132.0947827753527 63.53717246756702 113.28515996137571 90.64812911730462 107.32297178108814 77.1545590191933 
568.00026685214 64.610077149169 132.0947827753527 63.53717246756702 113.79115264194985 90.64812911730462 107.32297178108814 77.1545590191933 
569.00026685214 64.610077149169 132.0947827753527 63.53717246756702 114.03271155985271 90.64812911730462 107.32297178108814 77.1545590191933 
570.00026685214 64.610077149169 132.0947827753527 63.53717246756702 114.70749303973673 90.64812911730462 107.32297178108814 77.1545590191933 
571.00026685214 64.610077149169 132.0947827753527 63.53717246756702 114.70749303973673 90.64812911730462 107.32297178108814 77.1545590191933 
572.00026685214 64.610077149169 132.0947827753527 63.53717246756702 115.31837620192636 90.64812911730462 107.32297178108814 77.1545590191933 
573.00026685214 64.610077149169 132.0947827753527 63.53717246756702 115.83737190040074 90.64812911730462 107.32297178108814 77.1545590191933 
574.00026685214 64.610077149169 132.0947827753527 63.53717246756702 115.83737190040074 90.64812911730462 107.32297178108814 77.1545590191933 
575.00026685214 64.610077149169 132.0947827753527 63.53717246756702 116.58043250835817 90.64812911730462 107.32297178108814 77.1545590191933 
576.00026685214 64.610077149169 132.0947827753527 63.53717246756702 117.70088945463431 90.64812911730462 107.32297178108814 77.1545590191933 
577.00026685214 64.610077149169 132.0947827753527 63.537172467567075 117.70088945463431 90.64812911730462 107.32297178108814 77.1545590191933 
578.00026685214 64.610077149169 132.0947827753527 63.537172467567075 117.32558165872678 90.64812911730462 107.32297178108814 77.1545590191933 
579.00026685214 64.610077149169 132.0947827753527 63.537172467567075 117.92026974896396 90.64812911730462 107.32297178108814 77.1545590191933 
580.00026685214 64.610077149169 132.0947827753527 63.537172467567075 117.92026974896396 90.64812911730462 107.32297178108814 77.1545590191933 
581.00026685214 64.610077149169 132.0947827753527 63.537172467567075 118.03556575365849 90.64812911730462 107.32297178108814 77.1545590191933 
582.00026685214 64.610077149169 132.0947827753527 63.537172467567075 118.26935741770205 90.64812911730462 107.32297178108814 77.1545590191933 
583.00026685214 64.610077149169 132.0947827753527 63.537172467567075 119.02098921132676 90.64812911730462 107.32297178108814 77.1545590191933 
584.00026685214 64.610077149169 132.0947827753527 63.537172467567075 408.57109526600266 90.64812911730462 107.32297178108814 77.1545590191933 
585.00026685214 64.610077149169 132.0947827753527 63.537172467567075 120.04598026853796 90.64812911730462 107.32297178108814 77.1545590191933 
586.00026685214 64.610077149169 132.0947827753527 63.537172467567075 130.57109526600266 90.64812911730462 107.32297178108814 77.1545590191933 
587.00026685214 64.610077149169 132.0947827753527 63.537172467567075 127.57109526600266 90.64812911730462 107.32297178108814 77.1545590191933 
588.00026685214 64.610077149169 132.0947827753527 63.537172467567075 127.57109526600266 90.64812911730462 107.32297178108814 77.1545590191933 
589.00026685214 64.610077149169 132.0947827753527 63.537172467567075 127.57109526600266 90.64812911730462 107.32297178108814 77.1545590191933 
590.00026685214 64.610077149169 132.0947827753527 63.537172467567075 127.57109526600266 90.64812911730462 107.32297178108814 77.15455901919336 
591.00026685214 64.610077149169 132.0947827753527 63.537172467567075 122.39858749496972 90.64812911730462 107.32297178108814 77.15455901919336 
592.00026685214 64.610077149169 132.0947827753527 63.537172467567075 127.57109526600266 90.64812911730462 107.32297178108814 77.15455901919336 
593.00026685214 64.610077149169 132.0947827753527 63.537172467567075 127.57109526600266 90.64812911730462 107.32297178108814 77.15455901919336 
594.00026685214 64.610077149169 132.0947827753527 63.537172467567075 127.57109526600266 90.64812911730462 107.32297178108814 77.15455901919336 
595.00026685214 64.610077149169 132.0947827753527 63.537172467567075 123.90787190887727 90.64812911730462 107.32297178108814 77.15455901919336 
596.00026685214 64.610077149169 132.0947827753527 63.537172467567075 128.57109526600266 90.64812911730462 107.32297178108814 77.15455901919336 
597.00026685214 64.610077149169 132.0947827753527 63.537172467567075 128.57109526600266 90.64812911730462 107.32297178108814 77.15455901919336 
598.00026685214 64.610077149169 132.0947827753527 63.537172467567075 128.57109526600266 90.64812911730462 107.32297178108814 77.15455901919336 
599.00026685214 64.610077149169 132.0947827753527 63.537172467567075 128.57109526600266 90.64812911730462 107.32297178108814 77.15455901919336 
600.00026685214 64.610077149169 132.0947827753527 63.537172467567075 128.57109526600266 90.64812911730462 107.32297178108814 77.15455901919336 
601.00026685214 64.610077149169 132.0947827753527 63.537172467567075 128.57109526600266 90.64812911730462 107.32297178108814 77.15455901919336 
#####################################################################
# End of data export. Simulation finished at: 2020-03-20T21:05+0000 #
#####################################################################
