#####################################################################
# Alchemist log file - simulation started at: 2020-03-22T20:05+0000 #
#####################################################################
# seed = 90.0, diameter = 50
#
# The columns have the following meaning: 
# time error-central[Sum] error-extreme[Sum] error-random[Sum] error-pageRank[Sum] error-harmonic[Sum] error-closeness[Sum] error-degree[Sum] 
0.0 NaN NaN NaN NaN NaN NaN NaN 
1.0010048134567824 0.0 0.0 0.0 0.0 0.0 0.0 0.0 
2.0010048134567824 22.949990228920726 23.41720070243894 18.168901560817122 16.309050359956352 53.87316802559374 16.58360465936584 23.39453214000994 
3.0010048134567824 7.331580499456512 7.48914511949029 7.08646032499232 16.25118754527918 73.50280836121067 12.86850055101423 23.169901639752485 
4.001004813456783 4.773259270078114 4.925273713171929 5.96967292656817 7.528313530419201 72.44354390224112 13.195888648947264 10.026303409619931 
5.001004813456783 2.8237067198950463 1.9348695983431368 8.045492257151324 7.174528264041723 49.87233153905551 7.125494735118589 3.182573882489848 
6.001004813456783 2.8237067198950463 2.433145817794108 7.419228189796447 5.523819153978625 44.85309741604429 1.7901579984819112 3.411576470254218 
7.001004813456783 1.586316857790428 6.778529441491623 6.677872853002535 7.126632930113103 33.42543261585931 2.762748359740564 4.754111708754894 
8.001004813456783 7.553247162814476 3.280350178106035 2.3199314184345496 9.62065625810402 19.86725606315423 2.35197329886537 7.340636569361363 
9.001004813456783 1.5863168577904272 3.2803501781060342 2.3199314184345505 4.826303339213487 10.4603589552038 2.351973298865369 1.7877505449390751 
10.001004813456783 1.5870234464024477 3.280350178106035 2.3199314184345505 18.658844442832006 15.61022722580268 2.351973298865369 8.670716063322097 
11.001004813456783 1.5870234464024477 0.6732941499296814 2.3199314184345496 6.329991431091284 13.114350299466025 10.011774983073053 3.198682149374732 
12.001004813456783 1.5870234464024477 0.6732941499296814 2.3199314184345496 3.432210369278125 4.645590697449077 2.9677308645213145 3.432210369278125 
13.001004813456783 1.5870234464024477 0.6732941499296814 2.647213098820778 3.432210369278124 1.020303714240793 11.947549106242567 3.432210369278124 
14.001004813456783 13.61424312279825 0.6732941499296814 2.647213098820778 12.331662663711642 1.4833899091412857 3.1463279781479994 12.331662663711642 
15.001004813456783 3.3205089259536855 3.6519264848538633 2.647213098820778 12.659519169666305 4.577698134479229 3.1463279781479994 13.648141452875784 
16.00100481345678 15.480763583227047 1.6519264848538633 2.647213098820778 2.776883813912839 2.4530158050051654 3.113537222325217 2.776883813912839 
17.00100481345678 3.3205089259536855 1.6519264848538633 2.647213098820778 2.776883813912839 2.45188802108364 3.113537222325217 2.776883813912839 
18.00100481345678 3.3205089259536855 1.6519264848538633 2.6657466951599584 3.1539561927728705 2.45188802108364 3.113537222325217 3.1539561927728705 
19.00100481345678 3.3205089259536855 1.6519264848538633 2.6657466951599567 3.1539561927728705 2.45188802108364 3.113537222325217 3.1539561927728705 
20.00100481345678 3.3205089259536855 1.6519264848538633 2.6657466951599567 3.3316626637116418 2.45188802108364 3.7878521932605125 3.3316626637116418 
21.00100481345678 3.3205089259536855 3.4335881381875595 2.6657466951599567 19.80416289845225 2.7352981408106096 3.7878521932605125 19.62090600702078 
22.00100481345678 3.3205089259536855 3.4335881381875595 2.6657466951599567 3.3316626637116435 2.7352981408106096 3.7878521932605125 3.3316626637116435 
23.00100481345678 3.3205089259536855 3.4335881381875595 2.6657466951599567 3.7312308374049117 2.7352981408106096 3.8137318463072667 3.7312308374049117 
24.00100481345678 3.3205089259536855 3.4335881381875595 2.6657466951599567 3.3316626637116435 2.7352981408106096 3.8137318463072667 3.3316626637116435 
25.00100481345678 3.3205089259536855 3.4335881381875595 2.832358356868326 3.3316626637116435 2.7352981408106096 3.8137318463072667 3.3316626637116435 
26.00100481345678 3.61424312279825 25.59750003434566 3.366624572309643 3.3316626637116435 21.709426279129442 3.8137318463072667 3.3316626637116435 
27.00100481345678 3.61424312279825 4.170143415014685 3.4117854447455827 3.88602760631991 2.7352981408106096 3.8137318463072667 3.88602760631991 
28.00100481345678 3.61424312279825 4.170143415014685 3.509380170964583 3.88602760631991 2.7352981408106096 3.8137318463072667 3.88602760631991 
29.00100481345678 3.61424312279825 4.170143415014685 3.509380170964583 3.88602760631991 2.7352981408106096 3.8137318463072667 3.88602760631991 
30.00100481345678 3.61424312279825 29.435817540166664 3.509380170964583 3.88602760631991 2.7352981408106096 3.8137318463072667 3.88602760631991 
31.00100481345678 3.61424312279825 5.771444234587346 30.45886695427254 3.88602760631991 2.7352981408106096 3.8137318463072667 3.88602760631991 
32.00100481345678 3.61424312279825 5.771444234587346 3.936266966762343 3.88602760631991 2.7352981408106096 3.8137318463072667 3.88602760631991 
33.00100481345678 3.6142431227982463 5.771444234587342 3.9362669667623464 3.9595919049122514 3.0185882363875827 31.94645118904899 3.9595919049122514 
34.00100481345678 3.6142431227982463 5.771444234587342 4.311306185003801 3.9595919049122514 3.0185882363875827 3.8137318463072667 3.9595919049122514 
35.00100481345678 3.6142431227982463 5.771444234587342 4.311306185003801 3.9595919049122514 3.450926504863606 3.9677308645213145 3.9595919049122514 
36.00100481345678 3.614243122798243 5.771444234587342 4.311306185003801 4.620906007020778 3.4509265048636024 3.9677308645213145 4.620906007020778 
37.00100481345678 3.614243122798243 5.837843083533585 4.311306185003801 4.620906007020778 3.4509265048636024 3.9677308645213145 4.620906007020778 
38.00100481345678 3.614243122798243 5.837843083533585 4.311306185003801 4.620906007020778 26.492935151046304 3.9677308645213145 4.620906007020778 
39.00100481345678 3.614243122798243 5.837843083533585 4.311306185003801 4.620906007020778 3.4509265048636024 38.04760271188398 4.620906007020778 
40.00100481345678 3.614243122798243 5.837843083533585 4.311306185003801 4.620906007020778 3.5848490793094214 5.0749842713704965 5.069745934584134 
41.00100481345678 40.59728131789678 6.048281082493688 4.404468995572515 5.069745934584134 3.5848490793094214 5.0749842713704965 5.069745934584134 
42.00100481345678 4.742262186676292 6.048281082493688 4.404468995572515 5.069745934584134 3.5848490793094214 5.0749842713704965 5.069745934584134 
43.00100481345678 4.742262186676292 6.048281082493688 4.404468995572515 5.069745934584134 3.5848490793094214 5.0749842713704965 5.069745934584134 
44.00100481345678 4.742262186676292 6.048281082493688 4.404468995572515 5.069745934584134 3.5848490793094214 5.0749842713704965 5.069745934584134 
45.00100481345678 3.6942806848153538 6.048281082493688 4.550427300927247 5.069745934584134 32.71426102644395 5.0749842713704965 5.069745934584134 
46.00100481345678 3.8693057822078885 6.048281082493688 4.550427300927247 44.58356258439687 4.164683758099272 5.0749842713704965 45.004067983510126 
47.00100481345678 3.8693057822078885 6.048281082493688 4.550427300927247 5.473793230464317 4.164683758099272 45.99457454389005 5.473793230464317 
48.00100481345678 3.8693057822078885 6.746830637879626 4.550427300927247 5.473793230464317 4.164683758099272 5.0749842713704965 5.473793230464317 
49.00100481345678 3.8693057822078885 6.746830637879626 4.550427300927247 5.473793230464317 3.9270629163285875 5.0749842713704965 5.473793230464317 
50.00100481345678 3.8693057822078885 6.746830637879626 4.550427300927247 5.422371941100934 3.9270629163285875 5.0749842713704965 5.422371941100934 
51.00100481345678 3.8693057822078885 6.746830637879626 4.696073317045887 5.422371941100934 3.9270629163285875 4.958604011292998 5.422371941100934 
52.00100481345678 3.8693057822078885 6.746830637879626 4.696073317045887 5.473793230464317 4.804382940737717 4.958604011292998 5.473793230464317 
53.00100481345678 4.115509303216996 6.746830637879626 4.92466527868352 5.473793230464317 4.804382940737717 4.958604011292998 5.473793230464317 
54.00100481345678 4.115509303216996 6.746830637879626 53.6035982727073 5.473793230464317 4.804382940737717 4.958604011292998 5.473793230464317 
55.00100481345678 4.115509303216996 6.746830637879626 5.949239761469286 5.473793230464317 4.804382940737717 4.958604011292998 5.473793230464317 
56.00100481345678 4.115509303216996 6.746830637879626 5.413897737819788 5.473793230464317 4.804382940737717 4.958604011292998 5.473793230464317 
57.00100481345678 4.115509303216996 6.746830637879626 5.413897737819788 5.473793230464317 4.804382940737717 4.958604011292998 5.473793230464317 
58.00100481345678 4.115509303216996 57.53774765277401 5.8618750906186605 5.473793230464317 4.804382940737717 4.958604011292998 5.473793230464317 
59.00100481345678 4.95582100713569 6.746830637879626 5.8618750906186605 6.38568949566573 4.804382940737717 4.958604011292998 6.38568949566573 
60.00100481345678 4.95582100713569 6.746830637879626 5.8618750906186605 6.38568949566573 4.804382940737717 4.958604011292998 6.38568949566573 
61.00100481345678 4.95582100713569 6.746830637879626 60.43540369968186 6.38568949566573 4.804382940737717 4.958604011292998 6.38568949566573 
62.00100481345678 5.029935151791207 6.746830637879626 5.8618750906186605 6.38568949566573 58.235841243473764 4.958604011292998 6.38568949566573 
63.00100481345678 5.029935151791207 6.746830637879626 5.8618750906186605 6.38568949566573 4.804382940737717 4.958604011292998 6.38568949566573 
64.00100481345677 5.029935151791207 6.746830637879626 5.8618750906186605 6.38568949566573 4.804382940737717 4.958604011292998 6.38568949566573 
65.00100481345677 5.029935151791207 6.746830637879626 5.8618750906186605 6.38568949566573 4.804382940737717 4.958604011292998 6.38568949566573 
66.00100481345677 5.029935151791207 6.746830637879626 5.8618750906186605 6.9391951252687605 4.804382940737717 4.958604011292998 6.9391951252687605 
67.00100481345677 5.029935151791207 6.746830637879626 5.8618750906186605 6.9391951252687605 4.804382940737717 4.958604011292998 6.9391951252687605 
68.00100481345677 5.029935151791207 6.746830637879626 5.8618750906186605 6.9391951252687605 4.804382940737717 4.958604011292998 6.9391951252687605 
69.00100481345677 5.029935151791207 6.746830637879626 5.8618750906186605 6.38568949566573 4.804382940737717 4.958604011292998 6.38568949566573 
70.00100481345677 5.029935151791207 6.746830637879626 5.8618750906186605 6.38568949566573 4.8043829407377245 4.958604011293005 6.38568949566573 
71.00100481345677 5.029935151791207 6.746830637879626 70.64721309882079 6.38568949566573 4.8043829407377245 4.958604011293005 6.38568949566573 
72.00100481345677 5.029935151791207 6.746830637879626 5.861875090618668 6.747113639502942 4.8043829407377245 4.958604011293005 6.747113639502942 
73.00100481345677 5.318372278021187 6.746830637879626 5.861875090618668 6.826760792237209 4.8043829407377245 4.958604011293005 6.826760792237209 
74.00100481345677 73.65424895308786 6.746830637879626 5.949239761469286 6.826760792237209 4.8043829407377245 4.958604011293005 6.826760792237209 
75.00100481345677 74.55996102118803 6.746830637879626 6.603598272707302 6.976648633398611 67.29910395937952 4.958604011293005 6.976648633398611 
76.00100481345677 5.318372278021187 6.746830637879626 6.603598272707302 6.976648633398611 5.186501284556414 4.958604011293005 6.976648633398611 
77.00100481345677 5.318372278021187 6.807430417578161 6.603598272707302 6.976648633398611 5.186501284556414 5.67079209327494 6.976648633398611 
78.00100481345677 5.318372278021187 6.807430417578161 6.603598272707302 6.976648633398611 5.186501284556414 5.67079209327494 6.976648633398611 
79.00100481345677 5.318372278021187 6.807430417578161 6.808611769896814 6.976648633398611 4.8043829407377245 5.67079209327494 6.976648633398611 
80.00100481345677 5.318372278021187 6.807430417578161 6.808611769896814 6.976648633398611 4.8043829407377245 5.67079209327494 6.976648633398611 
81.00100481345677 5.318372278021187 6.807430417578161 6.808611769896814 6.976648633398611 5.546106122826359 5.67079209327494 6.976648633398611 
82.00100481345677 5.318372278021187 6.807430417578161 6.808611769896814 6.976648633398611 5.546106122826359 5.67079209327494 6.976648633398611 
83.00100481345677 5.318372278021187 6.807430417578161 6.808611769896814 80.77875546013644 5.546106122826359 5.67079209327494 80.77875546013644 
84.00100481345677 5.318372278021187 6.807430417578161 6.808611769896814 6.976648633398611 5.546106122826359 5.67079209327494 6.976648633398611 
85.00100481345677 5.746400939072146 6.807430417578161 6.808611769896814 7.178951737692728 5.751119620015871 5.67079209327494 7.178951737692728 
86.00100481345677 5.746400939072146 6.807430417578161 6.808611769896814 7.178951737692728 5.751119620015871 5.67079209327494 7.178951737692728 
87.00100481345677 5.86793170070986 6.807430417578161 6.808611769896814 7.178951737692728 5.751119620015871 5.484794103238613 7.178951737692728 
88.00100481345677 5.86793170070986 6.807430417578161 6.808611769896814 7.2915582973980975 5.751119620015871 5.5052376312706315 7.2915582973980975 
89.00100481345677 6.1154982381953715 6.807430417578161 6.808611769896814 7.2915582973980975 5.751119620015871 5.484794103238613 7.2915582973980975 
90.00100481345677 6.1154982381953715 6.807430417578161 6.808611769896814 7.2915582973980975 5.751119620015871 5.484794103238613 7.2915582973980975 
91.00100481345677 6.1154982381953715 6.807430417578161 6.808611769896814 7.2915582973980975 5.751119620015871 5.484794103238613 7.2915582973980975 
92.00100481345677 6.1154982381953715 6.807430417578161 7.18302641851524 7.2915582973980975 5.751119620015871 5.484794103238613 7.2915582973980975 
93.00100481345677 6.1154982381953715 6.807430417578161 7.18302641851524 7.2915582973980975 5.751119620015871 5.484794103238613 7.2915582973980975 
94.00100481345677 7.099736458281981 6.807430417578161 7.18302641851524 7.2915582973980975 5.751119620015871 5.484794103238613 7.2915582973980975 
95.00100481345677 7.099736458281981 6.807430417578161 7.18302641851524 7.2915582973980975 5.751119620015871 5.484794103238613 7.2915582973980975 
96.00100481345677 7.099736458281981 6.807430417578161 7.18302641851524 7.2915582973980975 5.751119620015871 5.484794103238613 7.2915582973980975 
97.00100481345677 7.099736458281981 6.807430417578161 7.18302641851524 7.2915582973980975 5.751119620015871 95.98293732633104 7.2915582973980975 
98.00100481345677 7.099736458281981 6.807430417578161 7.18302641851524 7.2915582973980975 6.125534268634297 5.829211009165817 7.2915582973980975 
99.00100481345677 7.099736458281981 6.807430417578161 7.18302641851524 7.2915582973980975 6.125534268634297 5.829211009165817 7.2915582973980975 
100.00100481345677 7.099736458281981 6.807430417578161 7.18302641851524 7.2915582973980975 6.125534268634297 5.829211009165817 7.2915582973980975 
101.00100481345677 7.099736458281981 6.807430417578161 7.18302641851524 7.2915582973980975 6.125534268634297 5.829211009165817 7.2915582973980975 
102.00100481345677 7.099736458281981 6.807430417578161 7.18302641851524 7.2915582973980975 6.125534268634297 5.829211009165817 7.2915582973980975 
103.00100481345677 7.099736458281981 6.807430417578161 7.18302641851524 7.2915582973980975 6.125534268634297 5.829211009165817 7.2915582973980975 
#####################################################################
# End of data export. Simulation finished at: 2020-03-22T20:20+0000 #
#####################################################################
