#####################################################################
# Alchemist log file - simulation started at: 2020-03-22T03:31+0000 #
#####################################################################
# seed = 44.0, diameter = 100
#
# The columns have the following meaning: 
# time error-central[Sum] error-extreme[Sum] error-random[Sum] error-pageRank[Sum] error-harmonic[Sum] error-closeness[Sum] error-degree[Sum] 
0.0 NaN NaN NaN NaN NaN NaN NaN 
1.0000912566776823 0.0 0.0 0.0 0.0 0.0 0.0 0.0 
2.000091256677682 41.25957059413444 39.97004606648548 37.479613899001315 51.662037395725406 130.40900206648575 33.99970375360657 58.732065395235324 
3.000091256677682 17.17499668950163 17.15920265028257 15.180154461373785 25.721027814440426 151.77811662773277 16.578428557170103 37.390498834880624 
4.000091256677682 13.199453989229838 13.254157631227224 16.62910832851326 16.132152318300207 136.27016934263312 14.684154378621699 17.992902148608437 
5.000091256677682 9.122562984516328 12.483611962226142 18.377950382059637 11.589944206151504 109.21807095367187 15.076373736980495 16.606595527446423 
6.000091256677682 8.120742836816165 8.670063449890883 19.830963915365317 7.310468220369827 74.12142057964822 18.638547176444604 6.316683954086466 
7.000091256677682 17.23903137267227 19.939439094157883 7.314137140222356 11.056379472807393 54.7539075378351 12.679044520627393 13.10035994447605 
8.000091256677681 9.079154032030004 8.114694382806602 6.691764361932571 11.771586909210857 36.18996761664188 10.308613176296475 7.417442468167668 
9.000091256677681 14.815482555406128 12.8178424928605 7.171908769430978 6.227740421132496 55.951172927055296 6.791092026655611 15.912357978700495 
10.000091256677681 16.807699623432967 15.424787486226425 20.569909022004527 20.74272039988859 47.035412013974984 10.103965426196734 5.684893902873144 
11.000091256677681 5.10360316307305 4.576531554517566 4.868073163352925 4.924945115166181 46.94649880192421 7.452136752905533 5.684893902873144 
12.000091256677681 5.4180721028368914 5.01283560181872 2.4654132643744937 4.324606508926321 36.526302560359014 13.580286511816128 5.684893902873144 
13.000091256677681 2.5861066597353464 5.01283560181872 12.602523233944416 4.324606508926321 29.228238163289753 16.20668453728603 5.684893902873144 
14.000091256677681 2.5861066597353464 5.01283560181872 2.4654132643744937 15.293969988003134 15.839603325586628 8.231563275778925 5.684893902873144 
15.000091256677681 14.566299727105463 5.323906168820008 2.4654132643744937 4.970061100514997 31.152322493269715 27.97949097440847 17.48518616522513 
16.00009125667768 2.9975404072543377 5.664303005530842 2.4654132643744937 5.026099264626328 6.144085527216733 19.143362207022186 6.205419371645677 
17.00009125667768 2.9975404072543377 18.73380545706876 2.4654132643744937 5.352663760494307 3.5403226292728878 31.992961295659164 6.205419371645677 
18.00009125667768 2.9975404072543377 6.595473335598189 17.620856160478038 5.352663760494307 3.4258627099002616 8.892382818420337 19.816600629553378 
19.00009125667768 18.721613698485577 6.74546156768505 3.848901019484458 20.79634950680137 3.759407271538091 8.804003435135254 6.951799914583887 
20.00009125667768 3.808296840877471 2.5579273085104006 3.848901019484458 5.482380170576057 3.759407271538091 9.460100094165268 6.951799914583889 
21.00009125667768 3.6656923342186793 2.5579273085104006 3.848901019484458 5.482380170576057 3.759407271538091 9.460100094165268 7.117586310122224 
22.00009125667768 3.6656923342186793 2.5579273085104006 3.848901019484458 5.482380170576057 3.759407271538091 9.460100094165268 7.117586310122224 
23.00009125667768 3.6656923342186793 2.5579273085104006 3.848901019484458 4.928979904957483 3.759407271538091 25.95423322971229 7.117586310122224 
24.00009125667768 23.766788367279673 4.462430568181482 4.7315172140479795 3.164451473193669 3.8293583888577984 9.460100094165266 7.248815757864595 
25.00009125667768 4.528093993336874 4.462430568181482 4.7315172140479795 24.23248933353954 3.8293583888577984 9.460100094165266 7.248815757864595 
26.00009125667768 4.528093993336874 4.462430568181482 4.7315172140479795 25.207269558280856 3.8293583888577984 9.780785658751139 7.248815757864595 
27.00009125667768 5.226753766199458 4.462430568181482 4.7315172140479795 3.9239968644139687 3.8293583888577984 4.1540571315536 7.248815757864595 
28.00009125667768 5.533163418566055 4.462430568181482 4.7315172140479795 3.9239968644139687 3.857530227701499 4.315607511031551 7.396370243406178 
29.00009125667768 5.533163418566055 4.462430568181482 28.431929902887212 3.9239968644139687 3.857530227701499 4.315607511031551 8.095384562837332 
30.00009125667768 5.533163418566055 4.462430568181482 4.7315172140479795 3.9239968644139687 3.857530227701499 4.315607511031551 8.095384562837332 
31.00009125667768 5.533163418566055 4.462430568181482 30.612965115409235 3.9239968644139687 3.857530227701499 5.826734403176594 9.167695255625848 
32.00009125667768 5.533163418566055 4.462430568181482 4.7315172140479795 3.9239968644139687 3.857530227701499 4.826734403176594 5.188801895094713 
33.00009125667768 5.533163418566055 4.462430568181482 32.42773022947511 3.9239968644139687 3.857530227701499 5.604455340204961 5.188801895094716 
34.00009125667768 5.533163418566055 4.462430568181482 5.777442849346642 3.9239968644139687 3.857530227701499 5.604455340204961 5.188801895094716 
35.00009125667768 5.591317836353284 4.462430568181482 5.777442849346642 3.9239968644139687 3.857530227701499 34.07942754244348 5.188801895094716 
36.00009125667768 5.591317836353284 4.462430568181482 34.46539650559959 3.923996864413965 3.857530227701499 5.773047617811706 5.188801895094716 
37.00009125667768 5.591317836353284 4.462430568181482 5.777442849346642 4.159955512907956 3.8575302277015027 5.773047617811706 5.188801895094716 
38.00009125667768 5.591317836353284 4.462430568181482 5.4788201761021895 37.71374769816613 3.8575302277015027 5.773047617811706 5.188801895094713 
39.00009125667768 5.591317836353284 4.462430568181482 5.4788201761021895 4.823169277617929 3.8575302277015027 5.773047617811706 5.188801895094713 
40.00009125667768 5.591317836353284 39.03361584807654 5.4788201761021895 4.823169277617929 3.8575302277015027 6.186240534821032 5.188801895094713 
41.00009125667768 5.591317836353284 5.901657585442244 5.200889115433874 40.26498348934177 3.8575302277015027 6.555816013173001 5.188801895094713 
42.00009125667768 41.3947871273915 5.901657585442244 5.4788201761021895 6.021061462078869 3.8575302277015027 6.555816013173001 5.188801895094713 
43.00009125667768 5.591317836353284 5.468285296113677 5.4788201761021895 6.021061462078869 3.862400485751145 6.580208192530272 6.050060658433409 
44.00009125667768 5.591317836353284 5.468285296113677 5.4788201761021895 5.263108718179311 4.2155994294338655 6.580208192530272 6.0662499383852975 
45.00009125667768 5.591317836353284 5.468285296113677 5.4788201761021895 5.263108718179311 4.2155994294338655 6.580208192530272 6.0662499383852975 
46.00009125667768 5.591317836353284 10.442579346731357 5.4788201761021895 5.263108718179311 5.197855846580367 7.074263194943299 6.0662499383852975 
47.00009125667768 5.591317836353284 6.427803813057018 5.4788201761021895 5.263108718179311 5.197855846580367 7.074263194943299 6.0662499383852975 
48.00009125667768 5.591317836353284 5.946250994827317 5.4788201761021895 5.263108718179311 5.197855846580367 7.074263194943299 6.0662499383852975 
49.00009125667768 5.591317836353284 5.946250994827317 5.4788201761021895 5.263108718179311 5.197855846580367 7.074263194943299 6.0662499383852975 
50.00009125667768 5.591317836353284 5.946250994827317 5.4788201761021895 5.263108718179311 42.4073589301614 7.074263194943299 6.0662499383852975 
51.00009125667768 5.591317836353284 5.946250994827317 5.4788201761021895 5.263108718179311 5.197855846580367 7.074263194943299 6.4489207672376025 
52.00009125667768 5.591317836353284 5.715775691345208 5.4788201761021895 5.263108718179311 5.197855846580367 7.074263194943299 6.4489207672376025 
53.00009125667768 5.591317836353284 5.715775691345208 5.716767387436995 5.263108718179311 5.197855846580367 7.089482021474026 6.4489207672376025 
54.00009125667768 5.591317836353284 5.715775691345208 5.716767387436995 5.263108718179311 5.197855846580367 7.089482021474026 6.4489207672376025 
55.00009125667768 5.591317836353284 5.715775691345208 6.289597098836552 54.68448463304913 5.197855846580367 7.089482021474026 6.4489207672376025 
56.00009125667768 55.77654889459456 5.715775691345208 6.289597098836552 5.263108718179311 5.197855846580367 54.76551535768132 6.4489207672376025 
57.00009125667768 5.591317836353284 6.442579346731357 8.984687040555166 5.263108718179311 5.307047891061174 7.089482021474026 6.4489207672376025 
58.00009125667768 5.591317836353284 6.442579346731357 8.984687040555166 5.56698032302161 5.937909387349606 57.18624053482103 6.4489207672376025 
59.00009125667768 5.591317836353284 6.442579346731357 8.984687040555166 5.684484633049131 5.937909387349606 7.359315712767973 6.4489207672376025 
60.00009125667768 5.591317836353284 6.442579346731357 59.510392339617205 6.6387482828599005 5.937909387349606 7.359315712767973 6.4489207672376025 
61.00009125667768 5.591317836353284 6.442579346731357 8.984687040555166 6.6387482828599005 5.937909387349606 7.359315712767973 6.4489207672376025 
62.00009125667768 5.591317836353284 6.442579346731357 8.984687040555166 6.6387482828599005 5.937909387349606 7.359315712767973 6.4489207672376025 
63.00009125667768 5.591317836353284 6.442579346731357 8.984687040555166 6.6387482828599005 5.937909387349606 7.713442147001437 6.4489207672376025 
64.00009125667768 5.591317836353284 6.442579346731357 8.984687040555166 6.6387482828599005 5.937909387349606 7.713442147001437 6.544699052600301 
65.00009125667768 5.591317836353284 6.44257934673135 8.984687040555166 6.6387482828599005 5.937909387349606 7.713442147001437 64.2249044138691 
66.00009125667768 5.591317836353284 6.44257934673135 8.984687040555166 6.6387482828599005 5.937909387349606 7.713442147001437 7.347254841942821 
67.00009125667768 5.591317836353284 6.44257934673135 8.984687040555166 6.6387482828599005 5.937909387349606 7.713442147001437 7.347254841942821 
68.00009125667768 5.748062267743691 6.44257934673135 8.984687040555166 6.6387482828599005 5.937909387349606 8.005444678436987 7.347254841942821 
69.00009125667768 68.50469230844159 6.44257934673135 8.984687040555166 6.6387482828599005 7.170841019057079 8.005444678436987 7.347254841942821 
70.00009125667768 5.748062267743691 6.44257934673135 8.984687040555166 6.6387482828599005 7.170841019057079 8.005444678436987 7.960047659382646 
71.00009125667768 6.329070846890545 6.44257934673135 8.984687040555166 6.638748282859893 7.170841019057079 8.005444678436987 7.347254841942821 
72.00009125667768 6.329070846890545 6.44257934673135 8.984687040555166 6.638748282859893 7.170841019057079 8.005444678436987 7.737768596411016 
73.00009125667768 6.329070846890545 6.44257934673135 8.984687040555166 6.638748282859893 7.170841019057079 8.005444678436987 7.737768596411016 
74.00009125667768 6.329070846890545 6.44257934673135 8.984687040555158 6.638748282859893 69.17084101905708 8.005444678436987 73.04372020206466 
75.00009125667768 6.329070846890545 6.44257934673135 8.984687040555158 6.638748282859893 7.170841019057079 8.005444678436987 8.932479807858968 
76.00009125667768 6.329070846890545 6.44257934673135 8.984687040555158 6.638748282859893 7.170841019057079 8.005444678436987 8.932479807858968 
77.00009125667768 6.329070846890545 6.44257934673135 8.984687040555158 6.638748282859893 7.170841019057079 8.005444678436987 8.749474125712723 
78.00009125667768 6.329070846890545 6.44257934673135 8.984687040555158 6.638748282859893 7.504511326856914 8.005444678436987 8.749474125712723 
79.00009125667768 6.329070846890545 6.44257934673135 8.984687040555158 6.638748282859893 7.504511326856914 8.005444678436987 8.749474125712723 
80.00009125667768 6.329070846890545 6.803029408989417 8.984687040555158 6.638748282859893 75.77923952056945 8.005444678436987 8.413278340264313 
81.00009125667768 6.329070846890545 79.80302940898942 8.984687040555158 6.638748282859893 9.774201621467626 8.005444678436987 8.413278340264313 
82.00009125667768 6.329070846890545 6.859524159648714 8.984687040555158 6.638748282859893 9.774201621467626 8.005444678436987 8.413278340264313 
83.00009125667768 6.329070846890545 6.859524159648714 8.984687040555158 6.638748282859893 9.774201621467626 8.005444678436987 8.413278340264313 
84.00009125667768 6.329070846890545 6.859524159648714 8.984687040555158 6.638748282859893 9.774201621467626 8.01689691990839 8.413278340264313 
85.00009125667768 6.329070846890545 6.859524159648714 8.984687040555158 6.638748282859893 9.774201621467626 8.01689691990839 8.689129269379052 
86.00009125667768 6.47888148295614 6.859524159648714 8.984687040555158 6.638748282859893 9.774201621467626 8.01689691990839 8.689129269379052 
87.00009125667768 6.47888148295614 6.859524159648714 8.984687040555158 6.638748282859893 8.513287364298094 8.26384638566202 8.689129269379052 
88.00009125667768 6.47888148295614 6.859524159648714 8.984687040555158 6.638748282859893 8.513287364298094 8.26384638566202 8.689129269379052 
89.00009125667768 6.47888148295614 6.859524159648714 8.984687040555158 6.638748282859893 8.513287364298094 8.26384638566202 87.76015954870455 
90.00009125667768 6.47888148295614 6.859524159648714 8.984687040555158 6.638748282859893 8.290766617537216 8.26384638566202 9.20757645114935 
91.00009125667768 6.47888148295614 89.87401959306416 8.984687040555158 6.638748282859893 10.23548992339957 8.26384638566202 9.20757645114935 
92.00009125667768 6.47888148295614 7.155863558097849 8.984687040555158 6.638748282859893 10.23548992339957 8.26384638566202 9.20757645114935 
93.00009125667768 6.47888148295614 7.155863558097849 8.984687040555158 6.638748282859893 10.23548992339957 8.26384638566202 9.20757645114935 
94.00009125667768 6.47888148295614 7.155863558097849 8.984687040555158 6.638748282859893 10.23548992339957 8.26384638566202 9.20757645114935 
95.00009125667768 6.47888148295614 7.155863558097849 8.984687040555158 6.638748282859893 10.23548992339957 8.840431242224426 9.20757645114935 
96.00009125667768 6.47888148295614 7.155863558097849 8.984687040555158 6.638748282859893 9.941095983448761 8.840431242224426 9.20757645114935 
97.00009125667768 7.252562098097513 7.155863558097849 8.984687040555158 6.638748282859893 9.513287364298094 8.840431242224426 9.846755403207496 
98.00009125667768 7.252562098097513 7.155863558097849 8.984687040555158 6.638748282859893 9.513287364298094 8.840431242224426 9.846755403207496 
99.00009125667768 7.252562098097513 7.155863558097849 8.984687040555158 6.638748282859893 9.513287364298094 8.840431242224426 9.846755403207496 
100.00009125667768 7.252562098097513 7.334177527287153 8.984687040555158 6.638748282859893 9.513287364298094 8.840431242224426 9.846755403207496 
101.00009125667768 7.252562098097513 7.334177527287153 8.984687040555158 6.638748282859893 9.513287364298094 8.840431242224426 9.846755403207496 
102.00009125667768 7.252562098097513 7.334177527287153 8.984687040555158 6.638748282859893 9.513287364298094 8.840431242224426 9.846755403207496 
103.00009125667768 7.252562098097513 7.334177527287153 8.984687040555158 6.638748282859893 9.513287364298094 8.840431242224426 9.846755403207496 
104.00009125667768 7.252562098097513 7.334177527287153 8.984687040555158 6.638748282859893 9.513287364298094 8.840431242224426 9.846755403207496 
105.00009125667768 7.252562098097513 7.334177527287153 8.984687040555158 6.638748282859893 9.513287364298094 10.339788132227667 9.846755403207496 
106.00009125667768 7.252562098097513 7.334177527287153 8.984687040555158 6.638748282859893 9.513287364298094 10.339788132227667 9.846755403207496 
107.00009125667768 7.252562098097513 7.334177527287153 8.984687040555158 6.638748282859893 9.513287364298094 10.339788132227667 9.846755403207496 
108.00009125667768 7.252562098097513 7.334177527287153 8.984687040555158 6.638748282859893 9.513287364298094 10.339788132227667 9.846755403207496 
109.00009125667768 7.252562098097513 7.334177527287153 8.984687040555158 6.638748282859893 9.513287364298094 10.339788132227667 9.846755403207496 
110.00009125667768 7.252562098097513 7.5418745120614545 8.984687040555158 6.638748282859893 9.513287364298094 10.339788132227667 9.846755403207496 
111.00009125667768 7.252562098097513 7.5418745120614545 8.984687040555158 6.753017725674681 9.513287364298094 10.339788132227667 9.846755403207496 
112.00009125667768 7.252562098097513 7.5418745120614545 8.984687040555158 6.753017725674681 9.513287364298094 10.57059154684734 9.846755403207496 
113.00009125667768 7.252562098097513 7.781955945536566 8.984687040555158 6.638748282859893 9.513287364298094 10.57059154684734 9.846755403207496 
114.00009125667768 7.252562098097513 7.781955945536566 8.984687040555158 6.638748282859893 9.513287364298094 10.57059154684734 9.846755403207496 
115.00009125667768 7.252562098097513 7.781955945536566 8.984687040555158 6.638748282859893 9.513287364298094 10.57059154684734 9.846755403207496 
116.00009125667768 7.252562098097513 7.781955945536566 8.984687040555158 6.638748282859893 9.513287364298094 10.57059154684734 9.846755403207496 
117.00009125667768 7.252562098097513 7.781955945536566 8.984687040555158 6.638748282859893 9.513287364298094 10.57059154684734 9.846755403207496 
118.00009125667768 7.252562098097513 7.781955945536566 8.984687040555158 6.638748282859893 9.513287364298094 10.57059154684734 9.846755403207496 
#####################################################################
# End of data export. Simulation finished at: 2020-03-22T04:05+0000 #
#####################################################################
