#####################################################################
# Alchemist log file - simulation started at: 2020-03-20T19:03+0000 #
#####################################################################
# seed = 6.0, diameter = 200
#
# The columns have the following meaning: 
# time error-central[Sum] error-extreme[Sum] error-random[Sum] error-pageRank[Sum] error-harmonic[Sum] error-closeness[Sum] error-degree[Sum] 
0.0 NaN NaN NaN NaN NaN NaN NaN 
1.001281360956031 0.9239630897630444 0.0 0.0 0.0 0.0 0.9239630897630444 0.0 
2.001281360956031 21.96015355043903 0.8301164777791465 27.38806559641276 20.31117009179994 84.24221249972847 20.109708300012386 46.42287453465056 
3.001281360956031 21.487979285108192 0.6226782810652558 23.030532778020163 26.492288125519508 135.82210041518115 18.188938843262093 29.010464237946696 
4.001281360956031 22.65097347028818 0.8301164777791463 21.703174453968863 23.321649233309174 157.07896732139622 28.230505052881174 24.898829026947606 
5.001281360956031 16.100336283493593 3.7081673829633157 18.121512847753607 23.961577204146494 129.58562583569184 23.24174802334652 19.700272865732124 
6.001281360956031 16.92523481239102 2.250318014159014 14.885884739651328 20.882564701257884 99.83384753939224 25.345113061528497 19.939073880233426 
7.001281360956031 26.522544589336505 2.250318014159014 12.764210146581613 28.408873497192186 53.248878432732766 20.836129933614142 20.099012370647607 
8.001281360956032 25.457762138807503 2.8984040843585115 10.903308984333455 11.7635504463346 38.043977159534194 19.180516344130368 22.41363838172596 
9.001281360956032 19.558170195347124 4.85247468280539 12.054540743782928 11.640362866911552 17.564360595238895 14.199851479770434 19.817207754546835 
10.001281360956032 19.631724314347768 3.4507112264003723 14.96694373196781 14.246139547139268 17.692639942526625 17.748974508257298 12.988008086704866 
11.001281360956032 23.13533638513497 3.580915633693955 21.50651712657497 13.369968905358762 20.723297705405567 17.715657930231814 15.733348802666107 
12.001281360956032 19.859483594884495 3.4507112264003723 14.884977372762174 13.461187579720512 12.955100528614388 8.747290756351294 16.11732561687817 
13.001281360956032 16.9686838836692 3.877138109671808 18.484879026860163 14.610258394478386 11.578136687011447 12.096573659311384 8.452831372585264 
14.001281360956032 21.257726358574928 4.755155624268738 10.318738465950991 17.34566709833458 8.217315937427712 9.024032736782383 9.175430204000214 
15.001281360956032 15.9228614865609 5.624380929254951 12.586324854536022 14.729307953081253 8.720424854895901 11.14742143215012 17.153220141099645 
16.001281360956032 17.297072449032292 5.393581540975838 11.760494981812483 12.330360213239274 23.404017291637185 19.849015727031883 11.386924125600775 
17.001281360956032 20.90967625181913 5.675601432384706 13.241427909160164 13.54707449170873 11.223582963100684 20.206182357241406 12.361716757498918 
18.001281360956032 19.52484125164841 6.013911433328916 24.75104579284197 12.098493980005163 29.93550474748622 12.027155276749813 15.901402138064874 
19.001281360956032 19.52484125164841 6.481881330253742 13.477625212766378 14.845747292024019 12.044765276631912 13.665891573653953 13.518960909281915 
20.001281360956032 20.515901065643096 6.806593418873085 14.414522091858942 15.709165939416547 11.81385599079595 12.467976301241611 13.518960909281915 
21.001281360956032 14.827367518687643 6.806593418873085 15.150442532532619 19.98291917860909 17.172118345026632 12.467976301241611 13.896998491565247 
22.001281360956032 27.628680949597175 21.085458627569043 21.32107151306883 7.473482832548772 13.33505119678041 12.467976301241611 27.287618847403884 
23.001281360956032 9.855422749423456 10.593996937417105 15.413338177625654 7.473482832548772 14.784648804156173 28.406677293806712 15.879545332876704 
24.001281360956032 10.047760562997201 7.839877164152723 19.404245213723687 8.449255244409581 14.35193922977653 24.21008674947869 14.948966412973746 
25.001281360956032 10.047760562997201 10.593996937417105 18.019971070473265 13.64187325866717 19.388021629285863 14.653487282347598 24.38581812911604 
26.001281360956032 10.714846020271468 8.68282408668582 17.09532707157233 9.29032569133885 18.857867070880076 16.76991929941902 16.420325145443265 
27.001281360956032 10.855422749423456 9.242247370434288 25.950848036021238 9.731371464562397 17.928642778099757 17.122463124474866 35.281281849760404 
28.001281360956032 10.855422749423454 11.921339705441387 10.256621657239517 9.731371464562397 17.896693270845596 16.55196524127145 18.95924591034184 
29.001281360956032 10.855422749423454 10.009985956681739 9.92132517061032 11.231045879719115 19.39138623578653 18.236683567642512 18.388748027138423 
30.001281360956032 10.855422749423454 12.593996937417103 10.947802602823334 10.540138475578207 36.211508055513946 22.98242624949659 19.510567943967157 
31.001281360956032 10.911831268298315 11.239048439210748 10.932254180517464 10.431834245045714 33.991845340769174 19.236683567642512 19.937483902602487 
32.00128136095603 10.911831268298315 11.239048439210748 12.042046615180496 10.91305431421609 12.527834867208053 19.236683567642512 19.937483902602487 
33.00128136095603 11.686812677001278 11.666518420079413 11.867575664210047 10.624643245257552 12.527834867208053 19.982426249496594 19.937483902602484 
34.00128136095603 33.34138391302506 12.07490729088078 13.008058827086273 10.782593713815835 12.527834867208053 20.628074352951632 20.555744967505802 
35.00128136095603 12.367565339945934 21.5798531643464 12.780986286456525 33.981695149010065 12.782092185353974 20.628074352951632 21.070349965166507 
36.00128136095603 12.263796919372734 14.909480219457947 13.02336677759617 14.616188791285786 15.792505158119429 20.628074352951632 21.385552734309947 
37.00128136095603 12.70675066857266 14.909480219457947 24.127290102341817 14.521605180382814 13.661813137097155 21.677855097421403 21.385552734309947 
38.00128136095603 12.835114098555827 14.134096898868982 13.753650068188904 15.219201647848617 13.386238783494413 22.198886021016303 22.435333478779718 
39.00128136095603 12.936313658571954 14.134096898868982 14.055939027388902 13.659259247505144 13.386238783494413 22.260411422565934 22.173161458842216 
40.00128136095603 15.031680428204659 14.614360180673625 19.402332667849507 13.903565828205647 13.386238783494413 22.615958289967057 23.01788980392425 
41.00128136095603 14.211648639941089 14.614360180673625 14.055939027388902 17.219201647848617 13.386238783494413 11.376484357240852 23.373436671325372 
42.00128136095603 13.934555263190653 16.442067315207154 17.402332667849507 14.659259247505144 13.386238783494413 12.068789336364816 24.406508650292295 
43.00128136095603 14.028191264114536 15.544246479162336 14.677364690440424 15.48752586575202 18.661813137097155 38.61921015755875 12.931763521963727 
44.00128136095603 14.671817307648482 16.119450727384084 15.342465797510027 16.109409213185586 15.747818177614256 13.054484959369866 12.931763521963727 
45.00128136095603 19.21164863994109 16.18101432992803 15.16460292150644 15.991111910101196 14.181092968722034 13.709234721678015 13.060107332319681 
46.00128136095603 15.486019287606936 16.41090782330403 20.402332667849507 16.45146375187641 14.181092968722034 13.709234721678015 13.508559498222965 
47.00128136095603 15.917935813901753 17.10359577390705 17.413589680574407 16.52814354699672 17.661813137097155 14.664314991546455 13.959719802857975 
48.00128136095603 16.07978189932776 17.134591157463934 17.413589680574407 17.38723166103039 16.661813137097155 14.411036027230146 13.959719802857975 
49.00128136095603 16.850003122960036 17.99346414844856 18.12235930614583 17.86723823400741 15.269528530594172 14.709234721678015 14.41620059460837 
50.00128136095603 36.19397972573748 17.99346414844856 17.413589680574407 17.95814131912465 17.84134197133661 48.91219087833503 14.777177392694242 
51.00128136095603 18.108015941725874 18.503406849620806 17.413589680574404 18.318772453267144 17.84134197133661 15.602600132093244 14.877815261758357 
52.00128136095603 18.124014702044626 18.62326521662701 17.413589680574404 18.68419260433724 48.71877213223312 22.895228383102896 15.567839309842697 
53.00128136095603 18.586331920192045 19.266392956284136 17.521404647159272 19.20052181026429 18.59854061759131 22.895228383102896 28.88186542382032 
54.00128136095603 18.84596599879351 19.266392956284136 18.38717423318416 19.582963039047257 17.375406865064456 17.073593791460006 16.826707722491058 
55.00128136095603 19.24589693292176 20.173124335982266 19.12235930614583 20.54963226947487 18.915418779417365 24.38930295784565 16.826707722491058 
56.00128136095603 19.84596599879351 20.23590750604997 19.12235930614583 20.0432776584813 18.84134197133661 24.326075827460045 17.45466865117197 
57.00128136095603 22.196524557404565 20.285819156352296 20.203037226135933 20.54963226947487 18.375406865064456 18.551227193793537 17.45466865117197 
58.00128136095603 19.935630414396933 20.831451143751025 57.02245836036392 21.84757601412344 19.84134197133661 25.02231243848196 17.45466865117197 
59.00128136095603 19.935630414396933 20.831451143751025 20.60384954835054 21.732217284472974 19.912198854086995 24.326075827460045 18.025761470416647 
60.00128136095603 20.48520556306932 22.14142423973375 21.167835779482694 22.00857032600112 19.912198854086995 24.326075827460045 19.109927757131402 
61.00128136095603 20.48520556306932 60.13459115746393 21.167835779482694 22.00857032600112 20.661813137097155 24.326075827460045 60.06834712423177 
62.00128136095603 20.664212039203612 22.35523322347209 53.475201186813074 22.568299242547198 20.661813137097155 24.02231243848196 21.330169711536954 
63.00128136095603 20.664212039203612 30.39018682386122 25.172046177885022 22.82136634334509 20.661813137097155 23.895228383102896 21.330169711536954 
64.00128136095603 21.141107208873287 23.93200703857655 22.409067519685138 22.82136634334509 20.661813137097155 21.75671305778657 21.67060469880724 
65.00128136095603 21.351249051707015 29.29710227831398 23.33328172955133 23.641110806005685 21.49400200897155 25.326075827460045 19.474286826913392 
66.00128136095603 22.03595618556315 23.90196311882334 23.33328172955133 23.641110806005685 21.571724736958302 25.326075827460045 22.67060469880724 
67.00128136095603 22.03595618556315 24.70555834346729 28.172046177885022 24.31051035767625 21.706887608162916 22.76336164248957 22.330169711536954 
68.00128136095603 22.03595618556315 25.26653058321798 23.98604381690687 24.31051035767625 22.324920297455606 26.326075827460045 22.330169711536954 
69.00128136095603 22.105325852650438 29.29710227831398 26.265943484524655 68.10940921318559 22.469943077352383 24.895228383102896 22.330169711536954 
70.00128136095603 22.181699680768936 29.29710227831398 26.172046177885022 30.44309851719278 23.080860665511594 24.04019339625448 22.67060469880724 
71.00128136095603 22.67460439287317 29.29710227831398 26.172046177885022 28.349201210553147 23.33377409655106 26.326075827460045 22.67060469880724 
72.00128136095603 22.67460439287317 29.29710227831398 25.49616443010388 28.349201210553147 23.370246284501846 26.38930295784565 23.192288720341068 
73.00128136095603 22.952466934389946 27.5692975374281 27.172046177885022 25.370537978593276 24.04474315655228 26.326075827460045 23.67060469880724 
74.00128136095603 23.27968564609607 29.29710227831398 30.98604381690687 26.994943194803042 24.06517471609402 25.842115230822586 23.805767570011852 
75.00128136095603 23.824142107689134 29.29710227831398 27.172046177885022 27.174967329605195 24.486131297431193 27.02231243848196 59.93969552803865 
76.00128136095603 23.981825808604142 29.29710227831398 27.645216819084766 74.98193930296881 24.486131297431193 26.350303415599235 24.785084784128912 
77.00128136095603 24.505656764323028 29.39018682386122 27.27107068032214 32.44309851719278 25.303591292146365 29.619893401733762 27.4024712539953 
78.00128136095603 24.505656764323028 29.927824371372658 27.42630349603094 27.82772160010586 25.303591292146365 27.935478389687603 26.405516687193206 
79.00128136095603 24.505656764323028 29.4078064232296 27.49616443010388 31.349201210553147 26.00586854680669 27.619893401733762 26.405516687193206 
80.00128136095603 25.025654978516215 29.96956757932017 28.172046177885022 31.349201210553147 26.143928304427035 27.715260171366467 29.4024712539953 
81.00128136095603 25.025654978516215 30.29710227831398 28.172046177885022 29.891189695160676 26.258433938462403 28.60819204761286 28.164054677942957 
82.00128136095603 25.370395872556784 30.815596111232132 29.03045009417138 30.349201210553147 26.915090596847023 28.60819204761286 27.4024712539953 
83.00128136095603 25.60624256576753 30.815596111232132 29.03045009417138 32.34920121055315 27.32412551208641 29.30865482809618 27.4024712539953 
84.00128136095603 26.000059479528147 31.602407997670454 29.03045009417138 30.603458528699065 27.627888901064495 29.370392420163085 27.462727478258245 
85.00128136095603 26.271264250252273 31.85508944739361 29.03045009417138 31.349201210553147 27.921706475338212 29.66950660701884 29.72676886291343 
86.00128136095603 26.62490106840808 32.38300927866348 29.03045009417138 31.44309851719278 28.017073244970916 30.218578537225028 28.711290308411485 
87.00128136095603 27.22650817463741 32.7744418577214 29.03045009417138 31.603458528699065 28.91000512121731 30.396441413228615 28.75099645105262 
88.00128136095603 27.22650817463741 32.95488068902756 29.03045009417138 32.2076051268395 28.92817519446141 30.91219087833504 87.1723040111263 
89.00128136095603 28.212403467537342 33.444577067248666 29.03045009417138 32.603458528699065 29.61046790170063 30.991689185107354 30.943923252735132 
90.00128136095603 28.327267450663506 33.67936176681346 29.03045009417138 32.603458528699065 29.61046790170063 89.08228033197705 30.943923252735132 
91.00128136095603 28.911990030860423 34.07497051845216 29.03045009417138 32.603458528699065 29.61046790170063 31.99000910884223 30.943923252735132 
92.00128136095603 28.911990030860423 34.083994003596914 29.03045009417138 53.03601705464272 29.61046790170063 33.46756529629299 31.008885083066247 
93.00128136095603 28.684950968853435 34.55550198689919 29.03045009417138 34.33206630223927 29.61046790170063 33.46756529629299 31.943923252735132 
94.00128136095603 30.580320292413155 35.07423388254186 29.03045009417137 36.02908466754486 29.61046790170063 34.45630828356809 31.939695528038648 
95.00128136095603 29.512714361065918 35.07423388254186 29.03045009417137 32.603458528699065 29.845043290886196 36.28683612707475 31.939695528038648 
96.00128136095603 30.58032029241315 35.623434677840905 29.03045009417137 35.95634974356581 29.845043290886196 34.45630828356809 32.1320333416124 
97.00128136095603 29.901327717933 35.623434677840905 29.03045009417137 35.95634974356581 29.845043290886196 35.807674247194946 32.797134448682 
98.00128136095603 30.521440122205377 35.6400541271298 29.03045009417137 34.99486463105212 29.845043290886196 34.237113459768736 63.27827592918878 
99.00128136095603 30.917766352687863 36.39475049626333 29.03045009417137 36.33206630223927 29.97131968062328 35.44114984890275 38.482973367430425 
100.00128136095603 31.036702594956594 36.585806697680376 29.373349678192184 36.00328371751591 29.97131968062328 35.46304313540372 37.03636255114229 
101.00128136095603 31.377331195260908 100.07745176293164 29.614568987534994 35.29277844771829 29.97131968062328 35.46304313540372 38.09988547025674 
102.00128136095603 32.080298438410665 37.53184796035744 30.179073471734924 37.00328371751591 30.803276901912454 38.28683612707475 34.39070214429562 
103.00128136095603 32.42909229352479 37.53184796035744 31.113540289007247 36.537638666867466 30.803276901912454 36.221811395201286 39.09988547025674 
104.00128136095603 32.488485660210955 39.61733013223746 31.127367558434557 38.00328371751591 30.803276901912454 37.28683612707475 39.09988547025674 
105.00128136095603 32.68076670564068 39.52994953761272 31.75950517558026 37.537638666867466 31.033153379763462 36.867074522347735 39.09988547025674 
106.00128136095603 32.704700657605244 40.12436383303975 32.71999140865279 37.537638666867466 31.21400395193949 37.7271672439514 36.208367282648325 
107.00128136095603 33.184352749989856 39.52994953761272 32.71999140865279 37.930773862155974 31.21400395193949 38.040019432625456 40.09988547025674 
108.00128136095603 33.413951863444936 40.257204587083706 33.01773608544248 38.50763269727531 31.461703643322736 39.35604638655249 40.09988547025674 
109.00128136095603 34.15138215901331 40.257204587083706 33.01773608544248 38.50763269727531 31.763611921776487 38.58212038374586 36.657705877307905 
110.00128136095603 35.411864009798194 40.65703222399735 34.048469096543826 38.50763269727531 31.763611921776487 39.02795275152056 41.09988547025674 
111.00128136095603 34.5120132931558 41.12436383303975 34.048469096543826 39.33206630223927 31.763611921776487 39.02795275152056 40.09988547025674 
112.00128136095603 35.39376265015295 41.897680074067694 34.4540548011168 39.33206630223927 32.22603516678636 39.71668214643876 38.687529162528136 
113.00128136095603 35.39376265015295 41.897680074067694 34.71403466249255 40.05614098519976 32.37558694184969 39.71668214643876 38.687529162528136 
114.00128136095603 36.12404594074569 42.61116158643246 35.16422893416079 40.05614098519976 32.609967647212045 39.963036950394326 42.09988547025674 
115.00128136095603 36.42633489994569 43.19888632157685 35.541435395741544 40.05614098519976 33.03946602131239 40.49274332068428 39.687529162528136 
116.00128136095603 36.42633489994569 44.169667732175355 37.541435395741544 40.05614098519976 33.48307879166485 40.49274332068428 43.09988547025674 
117.00128136095603 37.23651849836996 43.54817272674336 36.45595322386151 40.726356730496676 33.75812135717254 40.49274332068428 43.09988547025674 
118.00128136095603 117.33873269532016 43.79190354302585 36.46770665336358 41.02908466754485 34.87719333648231 41.420184018526555 42.042463018006444 
119.00128136095603 38.925458124361626 44.26038520499063 36.997169467389156 41.36745566200881 34.74296292250719 41.420184018526555 41.664796961328236 
120.00128136095603 39.20181116588978 44.69046372403092 36.997169467389156 41.705145547551226 35.10948732079939 41.420184018526555 42.6181002487064 
121.00128136095603 39.76154008243586 44.69046372403092 37.99407745148598 42.52884823363027 34.74296292250719 41.420184018526555 42.664796961328236 
122.00128136095603 121.36940842694165 121.09507269614313 37.99407745148598 42.52884823363027 35.55882591545897 41.420184018526555 42.47384661081918 
123.00128136095603 40.76154008243586 45.77070446640613 38.550984543620004 43.36662071902148 37.10948732079939 41.420184018526555 42.47384661081918 
124.00128136095603 40.76379828109086 46.576080994863986 38.704254467848955 43.52884823363027 36.523624468805735 41.420184018526555 42.47384661081918 
125.00128136095603 40.95918805902727 47.28602304665219 39.09069619239554 44.158008211818355 36.03792157406967 41.420184018526555 42.47384661081918 
126.00128136095603 40.89712870339896 46.97824895514712 39.875957341722156 44.71995508485831 36.19942668724795 41.420184018526555 42.47384661081918 
127.00128136095603 41.76154008243586 47.01045364586453 40.04718429266167 44.71995508485831 37.5886492006792 41.420184018526555 42.47384661081918 
128.00128136095603 42.424425873511794 115.89950201451273 40.54041232930392 44.71995508485831 37.08523679361076 41.420184018526555 42.47384661081918 
129.00128136095603 42.424425873511794 49.899502014512734 40.96885027863462 45.23570763641307 37.341832506229906 41.420184018526555 42.473846610819166 
130.00128136095603 42.763285083411176 48.899502014512734 41.47960725040325 45.47658514972868 37.41403332434213 41.420184018526555 42.473846610819166 
131.00128136095603 130.3146218779984 48.79494322096741 41.99907578195622 45.47658514972868 37.82157303818539 41.420184018526555 42.473846610819166 
132.00128136095603 44.25357565554708 49.899502014512734 42.60346703031752 45.97651579491529 38.59784001473342 41.420184018526555 42.473846610819166 
133.00128136095603 50.63633935708144 49.899502014512734 42.60346703031752 46.62519877251461 40.17939596733984 41.420184018526555 43.17371713564344 
134.00128136095603 48.54244205044181 51.0619385534028 43.15491126957113 47.03326733474876 39.07483717379452 41.420184018526555 43.3637299858477 
135.00128136095603 48.54244205044181 50.6040395045232 43.79655537596446 47.41138107554423 39.489424627989024 41.420184018526555 43.3637299858477 
136.00128136095603 45.563778818481936 51.0619385534028 43.75472621434281 47.80681863963949 40.174465960354325 41.420184018526555 43.3637299858477 
137.00128136095603 47.1881840346917 52.30875524785209 43.77919471089767 48.03601705464271 40.26012100227764 41.861918981006795 43.3637299858477 
138.00128136095603 47.368208169493855 52.30875524785209 44.526513261174514 48.03601705464271 41.0010055084078 41.861918981006795 43.3637299858477 
139.00128136095603 51.63633935708144 53.82959336797228 44.526513261174514 49.01916262764868 41.0010055084078 41.861918981006795 43.618100248706384 
140.00128136095603 47.563778818481936 53.82959336797228 44.85192963487671 52.03601705464271 42.05059841923324 41.86896215783578 43.618100248706384 
141.00128136095603 50.54244205044181 53.243730515978626 44.85192963487671 49.98193930296881 41.25814290797423 42.26348931965754 43.893436356137656 
142.00128136095603 50.54244205044181 54.82959336797228 45.72943133836641 49.98193930296881 41.85564032989454 42.26348931965754 43.893436356137656 
143.00128136095603 50.63633935708144 54.82959336797228 47.221207541818046 50.718749190971764 137.67220549376754 42.26348931965754 44.04246301800643 
144.00128136095603 49.52917515594936 114.82959336797228 46.16066286751895 50.718749190971764 42.72913836751522 42.650336875511485 44.04246301800643 
145.00128136095603 116.47352821655245 55.47822740434543 47.35169320096213 52.38707945252449 44.72913836751522 42.862593761079026 44.04246301800643 
146.00128136095603 50.54244205044181 55.3131816192689 47.29381616664682 51.38707945252449 43.72913836751522 43.00436333050793 44.82087705397993 
147.00128136095603 51.013449447685716 56.47822740434543 47.770711336316495 52.32819928231672 43.45717325881131 43.00436333050793 44.82087705397993 
148.00128136095603 51.013449447685716 56.03805963387924 48.29381616664682 52.32819928231672 44.48315624775759 43.81916111160011 45.09988547025672 
149.00128136095603 52.54244205044181 56.48948441707033 48.7451770627905 52.32819928231672 44.48931087087901 43.81916111160011 45.357022869823155 
150.00128136095603 52.63633935708144 56.759572068485284 48.763742080613255 52.61076828048317 44.48931087087901 45.16751590472583 45.357022869823155 
151.00128136095603 52.54244205044181 58.20318483883774 49.604893006638946 52.724525512799204 45.89105553925957 45.16751590472583 45.357022869823155 
152.00128136095603 52.54244205044181 57.47822740434543 50.9084419299857 53.03191485963515 46.07578009797582 45.16751590472583 45.618287178663905 
153.00128136095603 53.400845966728156 58.418360534005956 50.001557026435705 53.887057598522006 46.373524774765514 45.17785306117656 46.14947838108216 
154.00128136095603 53.400845966728156 58.56092161336261 50.31819137973085 53.887057598522006 47.40425778586686 45.58924246565512 46.14947838108216 
155.00128136095603 53.400845966728156 154.10775576549545 51.71471972816781 54.23585145363613 47.40425778586686 45.81348079129884 46.14947838108216 
156.00128136095603 53.400845966728156 60.920313868179846 51.62966360697135 54.61461607011708 47.40425778586686 46.10244471226241 46.25394509099053 
157.00128136095603 53.400845966728156 63.0839535635822 51.573225139126066 54.77803690358709 47.90189053576431 46.63511310322001 46.54630389008156 
158.00128136095603 53.400845966728156 63.023697339319256 51.62966360697135 55.22071102355628 48.069823351815586 46.63511310322001 46.97667285594726 
159.00128136095603 53.400845966728156 60.392311540940426 52.23584669321073 55.22071102355628 48.89722408506458 46.94001915261572 47.4050563659613 
160.00128136095603 53.400845966728156 64.02369733931926 52.23584669321073 55.22071102355628 48.89722408506458 161.08391143726482 48.23412943335269 
161.00128136095603 53.400845966728156 64.14081384709252 52.436610461704376 56.06216001110741 151.03315337976346 49.14903463130494 48.568208940179204 
162.00128136095603 53.400845966728156 61.920313868179846 161.03186102899951 56.47455498087042 54.20771832419976 181.75556444117194 48.582036209606514 
163.00128136095603 53.400845966728156 64.0839535635822 57.53846544417769 56.45047391180614 50.235022590823604 50.41026418216262 49.214173826752216 
164.00128136095603 53.400845966728156 64.02369733931926 57.600881870918954 56.71562047684583 54.13498340022072 55.78217137249919 49.54844164685139 
165.00128136095603 53.400845966728156 64.02369733931926 57.455502861642685 57.23535719504119 50.69214348533892 51.79364535169563 49.54844164685139 
166.00128136095603 53.400845966728156 63.917147503880244 56.273116279353744 57.59382105168376 55.20771832419976 59.461421312800965 50.174660059824745 
167.00128136095603 53.400845966728156 65.14081384709252 58.04355599088814 57.706171560300504 55.13498340022072 55.39820303052993 50.174660059824745 
168.00128136095603 53.400845966728156 64.0839535635822 57.53846544417769 58.13001557416027 54.51069995889418 54.082514208048195 50.174660059824745 
169.00128136095603 53.400845966728156 64.30834787159283 57.600881870918954 58.23285979311851 56.20771832419976 55.259449691632256 50.908723452288754 
170.00128136095603 53.400845966728156 65.02369733931926 56.600881870918954 62.09431748169709 53.716272323522375 62.826088275349576 51.16870331366451 
171.00128136095603 53.400845966728156 65.12981749233337 58.455502861642685 59.87581541366144 56.13498340022072 56.871573220098725 51.16870331366451 
172.00128136095603 53.400845966728156 65.14081384709252 57.273116279353744 63.5184011715147 56.20771832419976 81.0309213029868 51.9961040469135 
173.00128136095603 53.400845966728156 66.06211251703182 59.04355599088814 71.89505431582282 54.716272323522375 72.63082414029569 52.91062187503347 
174.00128136095603 53.400845966728156 66.06211251703182 58.53846544417769 73.75961647930191 57.13498340022072 61.350199187277184 52.91062187503347 
175.00128136095603 53.400845966728156 66.40631086945287 58.600881870918954 79.45441216247818 56.51069995889418 58.10350212490198 52.922375304535535 
176.00128136095603 53.400845966728156 66.40631086945287 57.865901523680805 85.2382947915851 58.20771832419976 105.63262453239125 53.45183811856111 
177.00128136095603 53.400845966728156 67.05388014372394 59.455502861642685 89.51405010816205 57.13498340022072 66.25817762665531 53.45183811856111 
178.00128136095603 53.400845966728156 67.61310737675544 58.455502861642685 138.28019224889772 57.20771832419976 191.4158998374683 54.02205764469947 
179.00128136095603 53.400845966728156 67.61310737675544 59.04355599088814 172.52135719516423 57.23477464185467 132.1689732215421 55.00565319479196 
180.00128136095603 53.400845966728156 68.2918307841312 59.04355599088814 191.20791295192421 57.23477464185467 103.1619780675079 55.01882804180583 
181.00128136095603 53.400845966728156 68.4269936553358 60.53846544417769 237.27109763991714 57.576996231141095 63.82168593717827 55.56706995515552 
182.00128136095603 53.400845966728156 68.95139579686091 60.53846544417769 624.3790752442086 57.576996231141095 142.96488388826114 56.00565319479196 
183.00128136095603 53.400845966728156 68.95139579686091 60.29739994820228 731.4247289774535 57.883779204206135 112.9054822313013 56.11887056285664 
184.00128136095603 53.400845966728156 69.3186466647642 60.83358548296201 356.1807360304851 57.883779204206135 217.42932821611637 57.57029206622212 
185.00128136095603 53.400845966728156 69.3186466647642 61.1333666860603 97.51877613138024 58.64960485596987 190.0108679365887 57.33062599289411 
186.00128136095603 53.400845966728156 69.63552482659026 61.20543136690705 37.607042229879795 59.126500025639544 281.5737651482375 58.05387646064324 
187.00128136095603 53.400845966728156 70.03553419313779 61.41666601901562 71.2240135050437 59.126500025639544 9.803563810458513 58.05387646064324 
188.00128136095603 53.400845966728156 70.45677564198026 148.92410526350406 44.76488632668517 59.336641868473265 64.33042030889683 58.45374443312818 
189.00128136095603 53.400845966728156 71.56144801850951 62.39876711615166 30.09610842105954 61.336641868473265 11.01038992491118 58.823350981924705 
190.00128136095603 53.400845966728156 71.0868642976487 74.92410526350406 21.974907252606783 60.382482424220115 14.974324807419634 59.208287480659806 
191.00128136095603 53.400845966728156 72.09551291223735 65.85861281811633 13.775428844120313 60.659997209639414 12.43092802962363 59.785146315779144 
192.00128136095603 53.400845966728156 71.95295772029635 64.31161597802205 14.759797450479965 61.357345715758754 12.722496706895981 59.785146315779144 
193.00128136095603 53.400845966728156 192.14081384709252 65.93801669683297 15.265752027840847 61.62355705999295 12.444525769755415 60.6095799207431 
194.00128136095603 53.400845966728156 73.98518451003521 65.5431911704418 83.01659816378321 62.546424536045095 14.457350141856296 60.6095799207431 
195.00128136095603 53.400845966728156 74.21115562826216 74.92410526350406 19.985169643593935 62.546424536045095 13.44435954659221 61.62822413559206 
196.00128136095603 53.400845966728156 74.73115384245536 66.646895309466 14.02888190622852 62.68317539340012 74.39151213570113 61.33365460370359 
197.00128136095603 53.400845966728156 74.73115384245536 66.85861281811634 15.22257988184711 63.21190099140367 14.550855966364367 61.33365460370359 
198.00128136095603 53.400845966728156 74.73115384245536 65.93801669683296 15.681018345646265 64.07050841749086 14.200986987374137 62.30659828604868 
199.00128136095603 53.400845966728156 74.73115384245536 73.92410526350406 15.826594994579182 64.21190099140367 15.295747215126255 62.00387034900052 
200.00128136095603 53.400845966728156 199.03553419313778 68.06809261786873 16.858288985873173 64.21465071129762 15.656818689253413 62.30659828604868 
201.00128136095603 53.400845966728156 75.07589473649593 67.85861281811634 17.127502181901065 64.21465071129762 11.183196944210152 62.98265916605504 
202.00128136095603 53.400845966728156 76.0764040801472 67.88317978299028 25.12512430285048 65.21190099140367 11.183196944210152 62.98265916605504 
203.00128136095603 53.400845966728156 78.12978558354692 67.85861281811634 19.386890796815038 201.4589210333187 11.976257401020376 63.8063618521341 
204.00128136095603 53.400845966728156 76.33039993234722 67.54848619275901 19.443315368691458 66.19779628430359 12.027925289292199 64.64413433752532 
205.00128136095603 53.400845966728156 77.12978558354692 68.50502089719802 19.468738075955088 76.29380538615601 12.468280788658433 64.64413433752532 
206.00128136095603 53.400845966728156 76.89542933750761 68.75937257518444 20.098121513453066 84.27989395282711 12.468280788658433 65.43552183032219 
207.00128136095603 53.400845966728156 78.48495375638096 68.19274824618492 20.89344232072085 67.12533085637185 12.543969125154604 65.43552183032219 
208.00128136095603 53.400845966728156 78.12978558354692 69.50502089719802 25.19516001845159 77.00268399878905 13.467493423336094 65.99746870336213 
209.00128136095603 53.400845966728156 77.98790437408277 69.50502089719802 21.565730183931947 74.89897985976484 13.396656685377053 65.99746870336213 
210.00128136095603 53.400845966728156 171.91460623775112 70.14548517487688 23.203775642539256 69.956670560242 14.26140012698815 66.51322125491691 
211.00128136095603 53.400845966728156 79.91460623775112 70.14548517487688 23.799801853168105 74.89897985976484 14.64128772271576 66.7540987682325 
212.00128136095603 53.400845966728156 79.91460623775112 81.92410526350406 23.755521975139146 85.27989395282711 14.64128772271576 66.7540987682325 
213.00128136095603 53.400845966728156 80.55799895133296 71.92410526350406 24.85940229434118 71.77245470833867 15.157327171064793 67.25402941341912 
214.00128136095603 53.400845966728156 80.21069858947658 73.92410526350406 24.93931858368552 74.82771769516441 15.320280297195922 67.25402941341912 
215.00128136095603 53.400845966728156 81.37538957339811 72.92410526350406 25.64585296002238 69.956670560242 15.796873798329926 68.08433225814332 
216.00128136095603 53.400845966728156 81.41512493852915 72.50939312137734 26.815254878408496 74.89897985976484 17.06722745544627 68.68889469404806 
217.00128136095603 53.400845966728156 81.08283005920006 72.92036049999231 26.926893710646027 72.77245470833867 17.06722745544627 69.31078095325259 
218.00128136095603 53.400845966728156 81.55799895133296 72.92410526350406 28.20723687733772 81.21440150743939 16.963523874589043 69.31353067314654 
219.00128136095603 53.400845966728156 82.38626556957982 72.6892193437672 28.20723687733772 72.77245470833867 18.06722745544627 69.31353067314654 
220.00128136095603 53.400845966728156 82.4101995215444 73.10313234399564 28.999949410263923 75.82771769516441 17.855339143646773 71.31078095325259 
221.00128136095603 53.400845966728156 82.88985161392898 73.10313234399564 29.971049959671518 71.85869089979508 18.389694364315716 70.29667624615251 
222.00128136095603 53.400845966728156 83.11794135167642 73.10313234399564 31.3468183404878 75.89897985976484 18.424103488317456 71.99626280947558 
223.00128136095603 53.400845966728156 83.94347040070599 73.10313234399564 40.21905459044888 81.21440150743939 20.175885380577398 71.25945292147264 
224.00128136095603 53.400845966728156 83.94347040070599 73.10313234399564 32.205116936308855 72.77245470833867 19.74001948431092 71.25945292147264 
225.00128136095603 53.400845966728156 84.5149284951136 73.10313234399564 32.63129680451823 73.51894239203784 19.74001948431092 71.99626280947558 
226.00128136095603 53.400845966728156 84.85688102295245 73.10313234399564 33.63338465816497 76.82771769516441 19.74001948431092 72.14118657216233 
227.00128136095603 53.400845966728156 85.40371872826836 73.10313234399564 34.48780018343274 75.89897985976484 20.502647042664677 73.66459307102832 
228.00128136095603 53.400845966728156 85.89211343681589 73.10313234399564 35.153860864783695 80.86080958652107 20.502647042664677 73.60571290082055 
229.00128136095603 53.400845966728156 228.12984448894653 73.10313234399564 35.22129351305023 78.23896847231333 20.817807870730917 73.60571290082055 
230.00128136095603 53.400845966728156 86.48170274287506 73.10313234399564 16.342664646304286 75.2012336582685 20.817807870730917 73.60571290082055 
231.00128136095603 53.400845966728156 86.94201736230909 73.10313234399564 17.240106800160476 76.82771769516441 21.37812424800947 73.60571290082055 
232.00128136095603 53.400845966728156 89.63095698830077 73.10313234399564 17.240106800160476 76.6674046673451 21.525145933037038 74.00203913130304 
233.00128136095603 53.400845966728156 87.64110747682031 73.10313234399564 17.240106800160476 77.82771769516441 21.715248883978518 74.00203913130304 
234.00128136095603 53.400845966728156 89.63095698830077 73.10313234399564 17.240106800160476 77.89897985976484 22.137049612236638 74.81259356249083 
235.00128136095603 53.400845966728156 88.61769174708246 73.10313234399564 17.240106800160476 82.86080958652107 22.137049612236638 75.16457121702584 
236.00128136095603 53.400845966728156 89.63095698830077 73.10313234399564 18.184849215085165 77.89897985976484 22.60375867827173 75.51336507213995 
237.00128136095603 53.400845966728156 89.79567119759139 73.10313234399564 18.184849215085165 81.23896847231333 22.60375867827173 75.89212968862091 
238.00128136095603 53.400845966728156 89.79567119759139 73.10313234399564 18.184849215085165 78.89897985976484 23.299821563692916 75.98392103476877 
239.00128136095603 53.400845966728156 90.45516855812613 73.10313234399564 18.184849215085165 81.86080958652107 23.431299203478915 76.05555052209093 
240.00128136095603 53.400845966728156 90.72010604717289 73.10313234399564 18.184849215085165 81.90427488208206 23.657116690003505 76.49822464206011 
241.00128136095603 53.400845966728156 90.72010604717289 73.10313234399564 18.979005830105223 82.11516126450749 24.331563419157618 76.49822464206011 
242.00128136095603 53.400845966728156 91.53985050983349 73.10313234399564 18.979005830105223 82.21440150743939 23.962285512216283 76.82084122988317 
243.00128136095603 53.400845966728156 92.20925006150404 73.10313234399564 18.979005830105223 81.0864873717002 25.331563419157618 77.33967362961124 
244.00128136095603 53.400845966728156 92.20925006150404 73.10313234399564 19.46622378921421 83.23896847231333 24.85005725207577 77.99313409534966 
245.00128136095603 53.400845966728156 92.20925006150404 73.10313234399564 19.597266895008545 82.86080958652107 25.636869138514072 77.99313409534966 
246.00128136095603 53.400845966728156 245.1063448306673 73.10313234399564 19.597266895008545 82.23896847231333 26.889550588237256 78.28825413413398 
247.00128136095603 53.400845966728156 97.3418382210206 73.10313234399564 19.811758913068445 83.90427488208206 26.336662279710595 78.8713346701876 
248.00128136095603 53.400845966728156 93.89368289863083 73.10313234399564 20.99743126658538 84.11516126450749 27.41747041950711 78.8713346701876 
249.00128136095603 53.400845966728156 96.24794091438096 73.10313234399564 20.9251374953011 83.86080958652107 27.265267146910702 81.51287081354502 
250.00128136095603 53.400845966728156 94.71486521216207 73.10313234399564 21.0853436714157 84.1570320624989 27.834140266642777 79.4075291926641 
251.00128136095603 53.400845966728156 94.55109592330899 73.10313234399564 21.9251374953011 84.58250970701062 28.863974706827406 80.51037341162234 
252.00128136095603 53.400845966728156 94.76528851837557 73.10313234399564 22.20784415598513 85.42388130719178 28.71382290765709 80.45368120555682 
253.00128136095603 53.400845966728156 95.26927768242106 73.10313234399564 22.214126978004117 85.42388130719178 29.10943165929578 80.95862707902245 
254.00128136095603 53.400845966728156 95.26927768242106 73.10313234399564 22.575103776089975 122.27989395282711 29.10943165929578 81.97277085209313 
255.00128136095603 53.400845966728156 100.3418382210206 73.10313234399564 22.575103776089975 87.27989395282711 29.70956368681084 81.9424501524075 
256.001281360956 53.400845966728156 98.24794091438096 73.10313234399564 23.365765693238416 87.27989395282711 30.10869502338548 255.30011362011743 
257.001281360956 53.400845966728156 98.24794091438099 73.10313234399564 23.365765693238416 86.86518181070039 30.445437136700377 82.59146307851756 
258.001281360956 53.400845966728156 98.34183822102062 73.10313234399564 29.3064858816187 88.27989395282711 30.65789581868455 83.97277085209313 
259.001281360956 53.400845966728156 98.24794091438099 73.10313234399564 24.6246341058868 87.27614918931536 30.65789581868455 84.00529542836074 
260.001281360956 53.400845966728156 97.7189483116249 73.10313234399564 24.6246341058868 88.27989395282711 30.66134042095959 84.00529542836074 
261.001281360956 53.400845966728156 99.24794091438099 73.10313234399564 25.25259503456772 88.27989395282711 31.222757181323146 84.99105908080992 
262.001281360956 53.400845966728156 99.24794091438099 73.10313234399564 25.25259503456772 88.35347432093417 31.222757181323146 84.99105908080992 
263.001281360956 53.400845966728156 99.5021982325269 73.10313234399564 25.823687853812373 88.35347432093417 31.62026783852403 85.92659765701333 
264.001281360956 53.400845966728156 99.82329970192825 73.10313234399564 26.90785414052715 88.35347432093417 31.62026783852403 85.99785982161376 
265.001281360956 53.400845966728156 100.24794091438099 73.10313234399564 26.732963745562273 88.35347432093417 32.677744870867116 86.7617114051175 
266.001281360956 53.400845966728156 100.24794091438099 73.10313234399564 109.67889853059864 88.35347432093417 32.44671067335548 234.88218076429683 
267.001281360956 53.400845966728156 100.24794091438099 73.10313234399564 67.73762191143439 88.35347432093417 32.989589778840156 89.33784843416225 
268.001281360956 53.400845966728156 100.24794091438099 73.10313234399564 31.203443070588946 88.35347432093417 33.578062530703164 88.95968954837 
269.001281360956 53.400845966728156 100.24794091438099 73.10313234399564 27.272213210309133 88.35347432093417 34.543190470388566 89.00315484393099 
270.001281360956 53.400845966728156 100.24794091438099 73.10313234399564 30.60369395340757 88.35347432093417 34.00350716812778 89.00315484393099 
271.001281360956 53.400845966728156 100.24794091438099 73.10313234399564 30.60369395340757 88.35347432093417 34.00350716812778 89.31328146928831 
272.001281360956 53.400845966728156 100.24794091438099 73.10313234399564 38.200397637391035 88.35347432093417 34.24170931703236 89.31328146928831 
273.001281360956 53.400845966728156 100.24794091438099 73.10313234399564 32.203443070588946 88.35347432093417 34.29166572792735 89.31328146928831 
274.001281360956 53.400845966728156 100.24794091438099 73.10313234399564 32.203443070588946 88.35347432093417 34.691493364840994 89.64741689735689 
275.001281360956 53.400845966728156 100.24794091438099 73.10313234399564 32.203443070588946 88.35347432093417 35.15882497388341 89.95968954837 
276.001281360956 53.400845966728156 100.24794091438099 73.10313234399564 32.203443070588946 88.35347432093417 35.287803061630996 89.82948514107642 
277.001281360956 53.400845966728156 100.24794091438099 73.10313234399564 30.90394524580364 88.35347432093417 35.83034728599239 228.5578009951676 
278.001281360956 53.400845966728156 100.24794091438099 73.10313234399564 31.955332476635704 88.35347432093417 36.24979758655843 92.37877391467603 
279.001281360956 53.400845966728156 100.24794091438099 73.10313234399564 34.317514145164296 88.35347432093417 37.22389616634683 92.37877391467603 
280.001281360956 53.400845966728156 100.24794091438099 73.10313234399564 32.58301116752466 88.35347432093417 36.93915427985854 92.37877391467603 
281.001281360956 53.400845966728156 100.24794091438099 73.10313234399564 34.203443070588946 88.35347432093417 37.54044213986839 92.37502915116428 
282.001281360956 53.400845966728156 100.24794091438099 73.10313234399564 36.200397637391035 88.35347432093417 37.54044213986839 93.37877391467603 
283.001281360956 53.400845966728156 100.24794091438099 73.10313234399564 34.203443070588946 88.35347432093417 37.54044213986839 92.45514600840102 
284.001281360956 53.400845966728156 100.24794091438099 73.10313234399564 36.200397637391035 88.35347432093417 37.54044213986839 93.14388799493918 
285.001281360956 53.400845966728156 100.24794091438099 73.10313234399564 34.96198106133869 88.35347432093417 37.54044213986839 94.37877391467603 
286.001281360956 53.400845966728156 100.24794091438099 73.10313234399564 35.200397637391035 88.35347432093417 37.54044213986839 94.134446285546 
287.001281360956 53.400845966728156 100.24794091438099 73.10313234399564 35.200397637391035 88.35347432093417 37.54044213986839 94.134446285546 
288.001281360956 53.400845966728156 100.24794091438099 73.10313234399564 35.50921669180721 88.35347432093417 37.54044213986839 94.134446285546 
289.001281360956 53.400845966728156 100.24794091438099 73.10313234399564 35.97193441730792 88.35347432093417 37.909632317158156 94.134446285546 
290.001281360956 53.400845966728156 100.24794091438099 73.10313234399564 36.15524028370709 88.35347432093417 37.91897402270001 94.134446285546 
291.001281360956 53.400845966728156 100.24794091438099 73.10313234399564 36.54892283444835 88.35347432093417 37.9253424194568 94.134446285546 
292.001281360956 53.400845966728156 100.24794091438099 73.10313234399564 165.75761593176574 88.35347432093417 38.80516560724979 94.134446285546 
293.001281360956 53.400845966728156 100.24794091438099 73.10313234399564 38.741849636130866 88.35347432093417 38.80516560724979 94.134446285546 
294.001281360956 53.400845966728156 100.24794091438099 73.10313234399564 38.741849636130866 88.35347432093417 38.80516560724979 94.134446285546 
295.001281360956 53.400845966728156 100.24794091438099 73.10313234399564 38.58910212368414 88.35347432093417 39.13866059359805 94.134446285546 
296.001281360956 53.400845966728156 100.24794091438099 73.10313234399564 39.61557847747778 88.35347432093417 39.13866059359805 94.134446285546 
297.001281360956 53.400845966728156 100.24794091438099 73.10313234399564 39.07617888774837 88.35347432093417 39.779031574482076 94.134446285546 
298.001281360956 53.400845966728156 100.24794091438099 73.10313234399564 39.73762191143442 88.35347432093417 39.779031574482076 94.134446285546 
299.001281360956 53.400845966728156 100.24794091438099 73.10313234399564 39.73762191143442 88.35347432093417 40.44474954655317 94.134446285546 
300.001281360956 53.400845966728156 100.24794091438099 73.10313234399564 39.73762191143442 88.35347432093417 40.44474954655317 94.134446285546 
301.001281360956 53.400845966728156 100.24794091438099 73.10313234399564 40.11081029718417 88.35347432093417 40.692049777309876 94.134446285546 
302.001281360956 53.400845966728156 100.24794091438099 73.10313234399564 161.93237266894175 88.35347432093417 40.69815024417403 94.134446285546 
303.001281360956 53.400845966728156 100.24794091438099 73.10313234399564 47.62594471275989 88.35347432093417 41.243991816005575 94.134446285546 
304.001281360956 53.400845966728156 100.24794091438099 73.10313234399564 51.40913421175219 88.35347432093417 41.5491235823053 94.134446285546 
305.001281360956 53.400845966728156 100.24794091438099 73.10313234399564 42.666184715142094 88.35347432093417 41.5491235823053 94.134446285546 
306.001281360956 53.400845966728156 100.24794091438099 73.10313234399564 50.706649835684516 88.35347432093417 42.019417212015355 94.134446285546 
307.001281360956 53.400845966728156 100.24794091438099 73.10313234399564 50.3010641311115 88.35347432093417 42.32048418749582 94.134446285546 
308.001281360956 53.400845966728156 100.24794091438099 73.10313234399564 50.3010641311115 88.35347432093417 42.93396315535642 94.134446285546 
309.001281360956 53.400845966728156 100.24794091438099 73.10313234399564 49.37996259300223 88.35347432093417 43.142216906339115 94.134446285546 
310.001281360956 53.400845966728184 100.24794091438099 73.10313234399564 43.666184715142094 88.35347432093417 43.773062408059786 94.134446285546 
311.001281360956 53.400845966728184 100.24794091438099 73.10313234399564 46.834288934537994 88.35347432093417 43.773062408059786 94.134446285546 
312.001281360956 53.400845966728184 100.24794091438099 73.10313234399564 49.62594471275986 88.35347432093417 44.34321638869574 94.134446285546 
313.001281360956 53.400845966728184 100.24794091438099 73.10313234399564 44.66166255425287 88.35347432093417 44.34321638869574 94.134446285546 
314.001281360956 53.400845966728184 100.24794091438099 73.10313234399564 50.0518714743863 88.35347432093417 44.44363760689089 94.134446285546 
315.001281360956 53.400845966728184 100.24794091438099 73.10313234399564 47.897811853652456 88.35347432093417 45.27819165682229 94.134446285546 
316.001281360956 53.400845966728184 100.24794091438099 73.10313234399564 45.66166255425287 88.35347432093417 45.21396319629014 94.134446285546 
317.001281360956 53.400845966728184 100.24794091438099 73.10313234399564 46.485455545923855 88.35347432093417 46.27819165682229 94.134446285546 
318.001281360956 53.400845966728184 100.24794091438099 73.10313234399564 48.84038940140215 88.35347432093417 46.49753011052371 94.134446285546 
319.001281360956 53.400845966728184 100.24794091438099 73.10313234399564 46.84149958486233 88.35347432093417 46.714205425690125 94.134446285546 
320.001281360956 53.400845966728184 100.24794091438099 73.10313234399564 49.46272334472394 88.35347432093417 47.224560281053414 94.134446285546 
321.001281360956 53.400845966728184 100.24794091438099 73.10313234399564 49.46272334472394 88.35347432093417 47.86405450881591 94.134446285546 
322.001281360956 53.400845966728184 100.24794091438099 73.10313234399564 48.88219916201092 88.35347432093417 47.86405450881591 94.134446285546 
323.001281360956 53.400845966728184 100.24794091438099 73.10313234399564 49.22657217036965 88.35347432093417 48.29349372138972 94.134446285546 
324.001281360956 53.400845966728184 100.24794091438099 73.10313234399564 49.22657217036965 88.35347432093417 48.63176052449887 94.134446285546 
325.001281360956 53.400845966728184 100.24794091438099 73.10313234399564 49.22657217036965 88.35347432093417 49.072520774722875 94.134446285546 
326.001281360956 53.400845966728184 100.24794091438099 73.10313234399564 49.22657217036965 88.35347432093417 49.51268854518912 94.134446285546 
327.001281360956 53.400845966728184 100.24794091438099 73.10313234399564 49.22657217036965 88.35347432093417 50.23764597968142 94.134446285546 
328.001281360956 53.400845966728184 100.24794091438099 73.10313234399564 49.22657217036965 88.35347432093417 50.23764597968142 94.134446285546 
329.001281360956 53.400845966728184 100.24794091438099 73.10313234399564 49.22657217036965 88.35347432093417 50.364534835228596 94.134446285546 
330.001281360956 53.400845966728184 100.24794091438099 73.10313234399564 49.22657217036965 88.35347432093417 51.13015412986624 94.134446285546 
331.001281360956 53.400845966728184 100.24794091438099 73.10313234399564 49.22657217036965 88.35347432093417 51.04806944672839 94.134446285546 
332.001281360956 53.400845966728184 100.24794091438099 73.10313234399564 49.22657217036965 88.35347432093417 52.35105407283936 94.134446285546 
333.001281360956 53.400845966728184 100.24794091438099 73.10313234399564 49.29457523111529 88.35347432093417 52.21627083133927 94.134446285546 
334.001281360956 53.400845966728184 100.24794091438099 73.10313234399564 49.29457523111529 88.35347432093417 52.21627083133927 94.134446285546 
335.001281360956 53.400845966728184 100.24794091438099 73.10313234399564 49.29457523111529 88.35347432093417 52.968571139956055 94.134446285546 
336.001281360956 53.400845966728184 100.24794091438099 73.10313234399564 49.915301565287905 88.35347432093417 53.05581114500524 94.134446285546 
337.001281360956 53.400845966728184 100.24794091438099 73.10313234399564 49.915301565287905 88.35347432093417 53.5953827542063 94.134446285546 
338.001281360956 53.400845966728184 100.24794091438099 73.10313234399564 49.915301565287905 88.35347432093417 54.42677268178409 94.134446285546 
339.001281360956 53.400845966728184 100.24794091438099 73.10313234399564 50.27177299421493 88.35347432093417 54.42677268178409 94.134446285546 
340.001281360956 53.400845966728184 100.24794091438099 73.10313234399564 50.27177299421493 88.35347432093417 54.47333932024969 94.134446285546 
341.001281360956 53.400845966728184 100.24794091438099 73.10313234399564 50.27177299421493 88.35347432093417 54.682742382477954 94.134446285546 
342.001281360956 53.400845966728184 100.24794091438099 73.10313234399564 50.27177299421493 88.35347432093417 55.575074103338636 94.134446285546 
343.001281360956 53.400845966728184 100.24794091438099 73.10313234399564 50.97164351903916 88.35347432093417 55.67627366335478 94.134446285546 
344.001281360956 53.400845966728184 100.24794091438099 73.10313234399564 51.161656369243474 88.35347432093417 56.44568321946667 94.134446285546 
345.001281360956 53.400845966728184 100.24794091438099 73.10313234399564 51.161656369243474 88.35347432093414 56.44568321946667 94.134446285546 
346.001281360956 53.400845966728184 100.24794091438099 73.10313234399564 51.4160266321021 88.35347432093414 56.6696577848636 94.134446285546 
347.001281360956 53.400845966728184 100.24794091438099 73.10313234399564 51.4160266321021 88.35347432093414 56.76815126889733 94.134446285546 
348.001281360956 53.400845966728184 100.24794091438099 73.10313234399564 51.69136273953342 88.35347432093414 57.11124887638857 94.134446285546 
349.001281360956 53.400845966728184 100.24794091438099 73.10313234399564 51.834288934537994 88.35347432093414 58.342809012436476 94.134446285546 
350.001281360956 53.400845966728184 100.24794091438099 73.10313234399564 51.84038940140215 88.35347432093414 57.86486699638738 94.134446285546 
351.001281360956 53.400845966728184 100.24794091438099 73.10313234399564 52.58698870378129 88.35347432093414 58.342809012436476 94.134446285546 
352.001281360956 53.400845966728184 100.24794091438099 73.10313234399564 52.618803437375675 88.35347432093414 58.81974190411057 94.134446285546 
353.001281360956 53.400845966728184 100.24794091438099 73.10313234399564 52.618803437375675 88.35347432093414 59.09657365787547 94.134446285546 
354.001281360956 53.400845966728184 100.24794091438099 73.10313234399564 52.897811853652456 88.35347432093414 59.09657365787547 94.134446285546 
355.001281360956 53.400845966728184 100.24794091438099 73.10313234399564 53.15494925321889 88.35347432093414 59.44072943280685 94.134446285546 
356.001281360956 53.400845966728184 100.24794091438099 73.10313234399564 53.15494925321889 88.35347432093414 60.12481347251838 94.134446285546 
357.001281360956 53.400845966728184 100.24794091438099 73.10313234399564 53.416213562059625 88.35347432093414 60.12481347251838 94.134446285546 
358.001281360956 53.400845966728184 100.24794091438099 73.10313234399564 53.7524466751392 88.35347432093414 61.07948748547216 94.134446285546 
359.001281360956 53.400845966728184 100.24794091438099 73.10313234399564 53.94740476447794 88.35347432093414 61.6475685175991 94.134446285546 
360.001281360956 53.400845966728184 100.24794091438099 73.10313234399564 53.94740476447794 88.35347432093414 61.56629547149441 94.134446285546 
361.001281360956 53.400845966728184 100.24794091438099 73.10313234399564 54.0518714743863 88.35347432093414 61.847975946508654 94.134446285546 
362.001281360956 53.400845966728184 100.24794091438099 73.10313234399564 54.34423027347731 88.35347432093414 61.98585693770457 94.134446285546 
363.001281360956 53.400845966728184 100.24794091438099 73.10313234399564 54.77459923934299 88.35347432093414 61.98585693770457 94.134446285546 
364.001281360956 53.400845966728184 100.24794091438099 73.10313234399564 55.202982749357034 88.35347432093414 62.67559041917974 94.134446285546 
365.001281360956 53.400845966728184 100.24794091438099 73.10313234399564 55.547869239373995 88.35347432093414 62.93787177263863 94.134446285546 
366.001281360956 53.400845966728184 100.24794091438099 73.10313234399564 56.032055816748425 88.35347432093414 63.225165567852116 94.134446285546 
367.001281360956 53.400845966728184 100.24794091438099 73.10313234399564 56.36613532357495 88.35347432093414 63.669985967433945 94.134446285546 
368.001281360956 53.400845966728184 100.24794091438099 73.10313234399564 56.386117216123694 88.35347432093414 63.669985967433945 94.134446285546 
369.001281360956 53.400845966728184 100.24794091438099 73.10313234399564 56.386117216123694 88.35347432093414 64.59590915935314 94.134446285546 
370.001281360956 53.400845966728184 100.24794091438099 73.10313234399564 56.386117216123694 88.35347432093414 64.92165968555173 94.134446285546 
371.001281360956 53.400845966728184 100.24794091438099 73.10313234399564 57.34636803024716 88.35347432093414 65.12997405308101 94.134446285546 
372.001281360956 53.400845966728184 100.24794091438099 73.10313234399564 57.97258644322051 88.35347432093414 65.69242693917272 94.134446285546 
373.001281360956 53.400845966728184 100.24794091438099 73.10313234399564 57.97258644322051 88.35347432093414 66.01964565087889 94.134446285546 
374.001281360956 53.400845966728184 100.24794091438099 73.10313234399564 57.97258644322051 88.35347432093414 66.56410211247191 94.134446285546 
375.001281360956 53.400845966728184 100.24794091438099 73.10313234399564 58.706649835684516 88.35347432093414 66.72178581338693 94.134446285546 
376.001281360956 53.400845966728184 100.24794091438099 73.10313234399564 58.706649835684516 88.35347432093414 67.37304116783343 94.134446285546 
377.001281360956 53.400845966728184 100.24794091438099 73.10313234399564 58.966629697060284 88.35347432093414 67.24561676910582 94.134446285546 
378.001281360956 53.400845966728184 100.24794091438099 73.10313234399564 59.79403043030925 88.35347432093414 67.76561498329903 94.134446285546 
379.001281360956 53.400845966728184 100.24794091438099 73.10313234399564 60.1457463253559 88.35347432093414 67.76561498329903 94.134446285546 
380.001281360956 53.400845966728184 100.24794091438099 73.10313234399564 60.70854825842923 88.35347432093414 67.76561498329903 94.134446285546 
381.001281360956 53.400845966728184 100.24794091438099 73.10313234399564 60.72030168793128 88.35347432093414 68.1103558773396 94.134446285546 
382.001281360956 53.400845966728184 100.24794091438099 73.10313234399564 61.24976450195686 88.35347432093414 68.48239494865868 94.134446285546 
383.001281360956 53.400845966728184 100.24794091438099 73.10313234399564 61.24976450195686 88.35347432093414 69.2235265360103 94.134446285546 
384.001281360956 53.400845966728184 100.24794091438099 73.10313234399564 61.63348041894852 88.35347432093414 69.2235265360103 94.134446285546 
385.001281360956 53.400845966728184 100.24794091438099 73.10313234399564 61.819984028095234 88.35347432093414 69.36486107319087 94.134446285546 
386.001281360956 53.400845966728184 100.24794091438099 73.10313234399564 63.24667248605368 88.35347432093414 69.43286461886186 94.134446285546 
387.001281360956 53.400845966728184 100.24794091438099 73.10313234399564 63.36499633855124 88.35347432093414 69.53350248792594 94.134446285546 
388.001281360956 53.400845966728184 100.24794091438099 73.10313234399564 63.80357957818774 88.35347432093414 70.071887820776 94.134446285546 
389.001281360956 53.400845966728184 100.24794091438099 73.10313234399564 63.91679694625236 88.35347432093414 70.61540702902562 94.134446285546 
390.001281360956 53.400845966728184 100.24794091438099 73.10313234399564 64.36821844961787 88.35347432093414 71.16424672439058 94.134446285546 
391.001281360956 53.400845966728184 100.24794091438099 73.10313234399564 65.12855237628986 88.35347432093414 71.16424672439058 94.134446285546 
392.001281360956 53.400845966728184 100.24794091438099 73.10313234399564 65.79300736387165 88.35347432093414 391.15754017000125 94.134446285546 
393.001281360956 53.400845966728184 100.24794091438099 73.10313234399564 65.85180284403896 88.35347432093414 74.42072671042348 94.134446285546 
394.001281360956 53.400845966728184 100.24794091438099 73.10313234399564 65.85180284403896 88.35347432093414 73.59246009217662 94.134446285546 
395.001281360956 53.400845966728184 100.24794091438099 73.10313234399564 66.62127736532045 88.35347432093414 73.05672222066096 94.134446285546 
396.001281360956 53.400845966728184 100.24794091438099 73.10313234399564 66.85606206488524 88.35347432093414 74.71524803357721 94.134446285546 
397.001281360956 53.400845966728184 100.24794091438099 73.10313234399564 67.58307269917486 88.35347432093414 75.40985071424177 94.134446285546 
398.001281360956 53.400845966728184 100.24794091438099 73.10313234399564 67.58307269917486 88.35347432093414 75.42072671042348 94.134446285546 
399.001281360956 53.400845966728184 100.24794091438099 73.10313234399564 68.00732124891056 88.35347432093414 75.42072671042348 94.134446285546 
400.001281360956 53.400845966728184 100.24794091438099 73.10313234399564 68.40750630413885 88.35347432093414 74.85315191387804 94.134446285546 
401.001281360956 53.400845966728184 100.24794091438099 73.10313234399564 68.62450446695391 88.35347432093414 75.22844566499373 94.134446285546 
402.001281360956 53.400845966728184 100.24794091438099 73.10313234399564 69.13158098709937 88.35347432093414 75.44466066238806 94.134446285546 
403.001281360956 53.400845966728184 100.24794091438099 73.10313234399564 69.13158098709937 88.35347432093414 76.15240249252008 94.134446285546 
404.001281360956 53.400845966728184 100.24794091438099 73.10313234399564 70.77910829574222 88.35347432093414 76.15240249252008 94.134446285546 
405.001281360956 53.400845966728184 100.24794091438099 73.10313234399564 69.80179673239627 88.35347432093414 76.97793154154965 94.134446285546 
406.001281360956 53.400845966728184 100.24794091438099 73.10313234399564 70.10452466944446 88.35347432093414 76.89134216379614 94.134446285546 
407.001281360956 53.400845966728184 100.24794091438099 73.10313234399564 70.78058554945079 88.35347432093414 77.61739344900872 94.134446285546 
408.001281360956 53.400845966728184 100.24794091438099 73.10313234399564 70.78058554945079 88.35347432093414 77.2519732979386 94.134446285546 
409.001281360956 53.400845966728184 100.24794091438099 73.10313234399564 71.60428823552985 88.35347432093414 78.13372265493575 94.134446285546 
410.001281360956 53.400845966728184 100.24794091438099 73.10313234399564 71.60428823552985 88.35347432093414 80.13372265493575 94.134446285546 
411.001281360956 53.400845966728184 100.24794091438099 73.10313234399564 72.44206072092106 88.35347432093414 78.8640059455285 94.134446285546 
412.001281360956 53.400845966728184 100.24794091438099 73.10313234399564 73.2334482137179 88.35347432093414 79.16629490472849 94.134446285546 
413.001281360956 53.400845966728184 100.24794091438099 73.10313234399564 73.2334482137179 88.35347432093414 81.51616388371872 94.134446285546 
414.001281360956 53.400845966728184 100.24794091438099 73.10313234399564 73.2334482137179 88.35347432093414 273.68358101646567 94.134446285546 
415.001281360956 53.400845966728184 100.24794091438099 73.10313234399564 73.79539508675788 88.35347432093414 91.28240205522462 94.134446285546 
416.001281360956 53.400845966728184 100.24794091438099 73.10313234399564 73.79539508675788 88.35347432093414 82.88767431955671 94.134446285546 
417.001281360956 53.400845966728184 100.24794091438099 73.10313234399564 74.31114763831266 88.35347432093414 82.50150008721869 94.134446285546 
418.001281360956 53.400845966728184 100.24794091438099 73.10313234399564 74.55202515162824 88.35347432093414 82.4896296989698 94.134446285546 
419.001281360956 53.400845966728184 100.24794091438099 73.10313234399564 75.05195579681487 88.35347432093414 82.83013233843508 94.134446285546 
420.001281360956 53.400845966728184 100.24794091438099 73.10313234399564 75.05195579681487 88.35347432093414 91.28240205522462 94.134446285546 
421.001281360956 53.400845966728184 100.24794091438099 73.10313234399564 75.70063877441419 88.35347432093414 90.37629936186426 94.134446285546 
422.001281360956 53.400845966728184 100.24794091438099 73.10313234399564 76.88225864153907 88.35347432093414 84.2437112023477 94.134446285546 
423.001281360956 53.400845966728184 100.24794091438099 73.10313234399564 76.48682107744378 88.35347432093414 89.28240205522462 94.134446285546 
424.001281360956 53.400845966728184 100.24794091438099 73.10313234399564 77.10870733664831 88.35347432093414 85.46200528642521 94.134446285546 
425.001281360956 53.400845966728184 100.24794091438099 73.10313234399564 77.11145705654229 88.35347432093414 85.46200528642521 94.134446285546 
426.001281360956 53.400845966728184 100.24794091438099 73.10313234399564 78.09460262954826 88.35347432093414 91.28240205522462 94.134446285546 
427.001281360956 53.400845966728184 100.24794091438099 73.10313234399564 78.56477735916928 88.35347432093414 86.46200528642521 94.134446285546 
428.001281360956 53.400845966728184 100.24794091438099 73.10313234399564 78.79418919287133 88.35347432093414 87.28730145453329 94.134446285546 
429.001281360956 53.400845966728184 100.24794091438099 73.10313234399564 79.10080196364828 88.35347432093414 93.37629936186426 94.134446285546 
430.001281360956 53.400845966728184 100.24794091438099 73.10313234399564 79.05737930486839 88.35347432093414 91.28240205522462 94.134446285546 
431.001281360956 53.400845966728184 100.24794091438099 73.10313234399564 79.79418919287133 88.35347432093414 91.28240205522462 94.134446285546 
432.001281360956 53.400845966728184 100.24794091438099 73.10313234399564 79.79418919287133 88.35347432093414 88.92814403947449 94.134446285546 
433.001281360956 53.400845966728184 100.24794091438099 73.10313234399564 79.93911295555807 88.35347432093414 89.79974965921923 94.134446285546 
434.001281360956 53.400845966728184 100.24794091438099 73.10313234399564 81.46251945442407 88.35347432093414 90.7493263530057 94.134446285546 
435.001281360956 53.400845966728184 100.24794091438099 73.10313234399564 81.4036392842163 88.35347432093414 90.30373882326472 94.134446285546 
436.001281360956 53.400845966728184 100.24794091438099 73.10313234399564 81.4036392842163 88.35347432093414 95.37629936186426 94.134446285546 
437.001281360956 53.400845966728184 100.24794091438099 73.10313234399564 81.4036392842163 88.35347432093414 93.28240205522462 94.134446285546 
438.001281360956 53.400845966728184 100.24794091438099 73.10313234399564 81.79996551469878 88.35347432093414 93.28240205522462 94.134446285546 
439.001281360956 53.400845966728184 100.24794091438099 73.10313234399564 81.79996551469878 88.35347432093414 93.37629936186426 94.134446285546 
440.001281360956 53.400845966728184 100.24794091438099 73.10313234399564 82.25345169662268 88.35347432093414 93.28240205522462 94.134446285546 
441.001281360956 53.400845966728184 100.24794091438099 73.10313234399564 82.96249760042156 88.35347432093414 92.32122825519014 94.134446285546 
442.001281360956 53.400845966728184 100.24794091438099 73.10313234399564 82.96249760042156 88.35347432093414 94.28240205522462 94.134446285546 
443.001281360956 53.400845966728184 100.24794091438099 73.10313234399564 83.3112914555357 88.35347432093414 93.75340945246853 94.134446285546 
444.001281360956 53.400845966728184 100.24794091438099 73.10313234399564 83.69005607201666 88.35347432093414 95.28240205522462 94.134446285546 
445.001281360956 53.400845966728184 100.24794091438099 73.10313234399564 83.85347690548667 88.35347432093414 95.28240205522462 94.134446285546 
446.001281360956 53.400845966728184 100.24794091438099 73.10313234399564 84.29615102545586 88.35347432093414 95.37629936186426 94.134446285546 
447.001281360956 53.400845966728184 100.24794091438099 73.10313234399564 84.29615102545586 88.35347432093414 95.28240205522462 94.134446285546 
448.001281360956 53.400845966728184 100.24794091438099 73.10313234399564 84.29615102545586 88.35347432093414 95.53665937337053 94.134446285546 
449.001281360956 53.400845966728184 100.24794091438099 73.10313234399564 85.28529920565796 88.35347432093414 96.14080597151099 94.134446285546 
450.001281360956 53.400845966728184 100.24794091438099 73.10313234399564 85.52591391370572 88.35347432093414 96.14080597151099 94.134446285546 
451.001281360956 53.400845966728184 100.24794091438099 73.10313234399564 85.79106047874541 88.35347432093414 96.14080597151099 94.134446285546 
452.001281360956 53.400845966728184 100.24794091438099 73.10313234399564 85.79106047874541 88.35347432093414 96.14080597151099 94.134446285546 
453.001281360956 53.400845966728184 100.24794091438099 73.10313234399564 86.31079719694077 88.35347432093414 96.14080597151099 94.134446285546 
454.001281360956 53.400845966728184 100.24794091438099 73.10313234399564 86.66926105358334 88.35347432093414 96.14080597151099 94.134446285546 
455.001281360956 53.400845966728184 100.24794091438099 73.10313234399564 86.78161156220006 88.35347432093414 96.14080597151099 94.134446285546 
456.001281360956 53.400845966728184 100.24794091438099 73.10313234399564 88.65136215071936 88.35347432093414 96.14080597151099 94.134446285546 
457.001281360956 53.400845966728184 100.24794091438099 73.10313234399564 87.54685943374443 88.35347432093414 96.14080597151099 94.134446285546 
458.001281360956 53.400845966728184 100.24794091438099 73.10313234399564 88.25160758895254 88.35347432093414 96.14080597151099 94.134446285546 
459.001281360956 53.400845966728184 100.24794091438099 73.10313234399564 88.7565534624182 88.35347432093414 96.14080597151099 94.134446285546 
460.001281360956 53.400845966728184 100.24794091438099 73.10313234399564 88.7565534624182 88.35347432093414 96.14080597151099 94.134446285546 
461.001281360956 53.400845966728184 100.24794091438099 73.10313234399564 89.77069723548891 88.35347432093414 96.14080597151099 94.134446285546 
462.001281360956 53.400845966728184 100.24794091438099 73.10313234399564 90.09804000351318 88.35347432093414 96.14080597151099 94.134446285546 
463.001281360956 53.400845966728184 100.24794091438099 73.10313234399564 94.26286048323612 88.35347432093414 96.14080597151099 94.134446285546 
464.001281360956 53.400845966728184 100.24794091438099 73.10313234399564 91.77069723548891 88.35347432093414 96.14080597151099 94.134446285546 
465.001281360956 53.400845966728184 100.24794091438099 73.10313234399564 91.77069723548891 88.35347432093414 96.14080597151099 94.134446285546 
466.001281360956 53.400845966728184 100.24794091438099 73.10313234399564 91.80322181175649 88.35347432093414 96.14080597151099 94.134446285546 
467.001281360956 53.400845966728184 100.24794091438099 73.10313234399564 92.41894766850606 88.35347432093414 96.14080597151099 94.134446285546 
468.001281360956 53.400845966728184 100.24794091438099 73.10313234399564 92.78898546420567 88.35347432093414 96.14080597151099 94.134446285546 
469.001281360956 53.400845966728184 100.24794091438099 73.10313234399564 93.72452404040905 88.35347432093414 96.14080597151099 94.134446285546 
470.001281360956 53.400845966728184 100.24794091438099 73.10313234399564 93.72452404040905 88.35347432093414 96.14080597151099 94.134446285546 
471.001281360956 53.400845966728184 100.24794091438099 73.10313234399564 227.25093418061363 88.35347432093414 96.14080597151099 94.134446285546 
472.001281360956 53.400845966728184 100.24794091438099 73.10313234399564 95.03752695265314 88.35347432093414 96.14080597151099 94.134446285546 
473.001281360956 53.400845966728184 100.24794091438099 73.10313234399564 95.9832937169449 88.35347432093414 96.14080597151099 94.134446285546 
474.001281360956 53.400845966728184 100.24794091438099 73.10313234399564 95.23180098261082 88.35347432093414 96.14080597151099 94.134446285546 
475.001281360956 53.400845966728184 100.24794091438099 73.10313234399564 95.92437342611606 88.35347432093414 96.14080597151099 94.134446285546 
476.001281360956 53.400845966728184 100.24794091438099 73.10313234399564 96.19061173140068 88.35347432093414 96.14080597151099 94.134446285546 
477.001281360956 53.400845966728184 100.24794091438099 73.10313234399564 96.01340480588425 88.35347432093414 96.14080597151099 94.134446285546 
478.001281360956 53.400845966728184 100.24794091438099 73.10313234399564 96.135774817558 88.35347432093414 96.14080597151099 94.134446285546 
479.001281360956 53.400845966728184 100.24794091438099 73.10313234399564 96.57028183904765 88.35347432093414 96.14080597151099 94.134446285546 
480.001281360956 53.400845966728184 100.24794091438099 73.10313234399564 97.14223915722812 88.35347432093414 96.14080597151099 94.134446285546 
481.001281360956 53.400845966728184 100.24794091438099 73.10313234399564 97.11120785268406 88.35347432093414 96.14080597151099 94.134446285546 
482.001281360956 53.400845966728184 100.24794091438099 73.10313234399564 97.44534328075264 88.35347432093414 96.14080597151099 94.134446285546 
483.001281360956 53.400845966728184 100.24794091438099 73.10313234399564 97.44534328075264 88.35347432093414 96.14080597151099 94.134446285546 
484.001281360956 53.400845966728184 100.24794091438099 73.10313234399564 97.62741152447217 88.35347432093414 96.14080597151099 94.134446285546 
485.001281360956 53.400845966728184 100.24794091438099 73.10313234399564 309.45714499670987 88.35347432093414 96.14080597151099 94.134446285546 
486.001281360956 53.400845966728184 100.24794091438099 73.10313234399564 100.17670029807175 88.35347432093414 96.14080597151099 94.134446285546 
487.001281360956 53.400845966728184 100.24794091438099 73.10313234399564 100.17670029807175 88.35347432093414 96.14080597151099 94.134446285546 
488.001281360956 53.400845966728184 100.24794091438099 73.10313234399564 100.17670029807175 88.35347432093414 96.14080597151099 94.134446285546 
489.001281360956 53.400845966728184 100.24794091438099 73.10313234399564 100.17670029807175 88.35347432093414 96.14080597151099 94.134446285546 
490.001281360956 53.400845966728184 100.24794091438099 73.10313234399564 100.17295553456006 88.35347432093414 96.14080597151099 94.134446285546 
491.001281360956 53.400845966728184 100.24794091438099 73.10313234399564 101.17670029807175 88.35347432093414 96.14080597151099 94.134446285546 
492.001281360956 53.400845966728184 100.24794091438099 73.10313234399564 100.94181437833493 88.35347432093414 96.14080597151099 94.134446285546 
493.001281360956 53.400845966728184 100.24794091438099 73.10313234399564 102.17670029807175 88.35347432093414 96.14080597151099 94.134446285546 
494.001281360956 53.400845966728184 100.24794091438099 73.10313234399564 101.93237266894175 88.35347432093414 96.14080597151099 94.134446285546 
495.001281360956 53.400845966728184 100.24794091438099 73.10313234399564 101.93237266894175 88.35347432093414 96.14080597151099 94.134446285546 
496.001281360956 53.400845966728184 100.24794091438099 73.10313234399564 101.93237266894175 88.35347432093414 96.14080597151099 94.134446285546 
497.001281360956 53.400845966728184 100.24794091438099 73.10313234399564 101.93237266894175 88.35347432093414 96.14080597151099 94.134446285546 
498.001281360956 53.400845966728184 100.24794091438099 73.10313234399564 101.93237266894175 88.35347432093414 96.14080597151099 94.134446285546 
#####################################################################
# End of data export. Simulation finished at: 2020-03-20T22:06+0000 #
#####################################################################
