#####################################################################
# Alchemist log file - simulation started at: 2020-03-22T02:26+0000 #
#####################################################################
# seed = 42.0, diameter = 20
#
# The columns have the following meaning: 
# time error-central[Sum] error-extreme[Sum] error-random[Sum] error-pageRank[Sum] error-harmonic[Sum] error-closeness[Sum] error-degree[Sum] 
0.0 NaN NaN NaN NaN NaN NaN NaN 
1.0016217091527713 0.0 0.0 0.0 0.0 0.0 0.0 0.0 
2.0016217091527713 7.0826144182591335 8.801855541379638 8.329821343148351 9.852922862189352 18.51693342897474 6.18438936283243 14.42708771345221 
3.0016217091527713 2.2241260614428198 2.762794403142275 4.793793587250036 5.379350540292137 27.161826120642097 4.768345589438043 4.1124014308254 
4.001621709152771 3.1320586272812774 2.057219631834777 1.1531200917759499 1.8203786359511827 17.0349702719987 2.855638074486521 3.0973664230563878 
5.001621709152771 1.6970505967864575 3.076942948411439 4.566411713946625 3.5023043908302034 8.981549573037924 3.829902443701109 0.9698530102209428 
6.001621709152771 5.382441153265171 2.5677627263073335 5.1392525161296625 3.6598163965753265 1.9973281305251342 2.855638074486521 0.9698530102209428 
7.001621709152771 1.9028719770965248 1.5677627263073335 2.1062192933072224 1.820378635951183 4.004563668197436 2.855638074486521 0.9698530102209428 
8.001621709152772 4.689232536805295 1.8588615216682314 2.1347263643882863 1.820378635951183 2.004563668197436 2.855638074486521 5.845234262013342 
9.001621709152772 3.297184534854571 1.8588615216682314 2.569853405272717 1.820378635951183 4.710040234497416 2.8556380744865217 1.8973889090010996 
10.001621709152772 3.297184534854571 1.8588615216682314 2.569853405272717 1.820378635951183 2.56762388355412 8.934449821097681 1.8973889090010996 
11.001621709152772 10.344126376505104 1.8588615216682314 10.426460473938194 1.820378635951183 2.56762388355412 9.757020149491217 2.1155256360507853 
12.001621709152772 2.547919621527484 1.8588615216682314 2.8555409725613305 1.820378635951183 2.56762388355412 2.855638074486521 11.447571064706363 
13.001621709152772 2.547919621527484 1.8588615216682314 2.8555409725613305 1.820378635951183 1.9341747031946515 8.477406450655145 2.2032157670888353 
14.001621709152772 2.547919621527484 2.164665397835673 2.8555409725613305 1.820378635951183 1.9341747031946515 2.9469841939207146 13.356715043844977 
15.001621709152772 14.318633624093923 2.26435806105372 2.8555409725613305 2.1577525237637207 1.9341747031946515 2.9469841939207146 13.845234262013342 
16.001621709152772 4.252956826051696 2.26435806105372 2.8555409725613305 2.1577525237637207 2.004563668197436 2.9469841939207146 3.82895566551408 
17.001621709152772 4.252956826051696 2.264358061053718 2.8555409725613305 2.7943538442413676 2.1442915896208383 2.9469841939207146 3.828955665514078 
18.001621709152772 4.252956826051696 2.264358061053718 2.8555409725613305 3.6677793861335104 15.610619457417078 2.9469841939207146 3.828955665514078 
19.001621709152772 3.716594460106034 2.26435806105372 2.8555409725613305 18.75552116501389 2.8057081399311325 3.1276074410197943 3.2746768918407216 
20.001621709152772 3.516026127650594 2.26435806105372 4.512886049479484 3.4414070871567866 2.781551385487493 3.1276074410197943 3.27467689184072 
21.001621709152772 4.297184534854569 2.26435806105372 4.512886049479484 3.4414070871567866 3.1417077289148736 3.1276074410197943 3.27467689184072 
22.001621709152772 4.297184534854569 2.26435806105372 16.66015891118925 21.494475822559057 3.4158609942462057 3.1276074410197943 3.27467689184072 
23.001621709152772 22.260687736170098 2.26435806105372 4.512886049479484 3.315510308305484 3.4158609942462057 3.1276074410197943 3.27467689184072 
24.001621709152772 4.297184534854569 2.905819917596652 4.512886049479484 3.315510308305484 3.6719036780248757 3.1276074410197943 3.478715345298987 
25.001621709152772 4.297184534854569 2.905819917596652 24.438588159756087 3.776150927148308 3.6719036780248757 3.1276074410197943 3.478715345298987 
26.001621709152772 4.297184534854569 2.905819917596652 4.512886049479484 3.776150927148308 23.847051662452312 3.1276074410197943 3.597528324846877 
27.001621709152772 4.297184534854569 2.905819917596652 4.79286135412514 3.4629642430752483 3.6719036780248757 3.1276074410197943 4.084900850361464 
28.001621709152772 4.297184534854569 2.905819917596652 4.79286135412514 3.6677793861335104 3.6719036780248757 3.1276074410197943 4.084900850361464 
29.001621709152772 4.297184534854569 2.905819917596652 4.79286135412514 3.6677793861335104 3.6719036780248757 3.1276074410197943 4.084900850361464 
30.001621709152772 28.85973315383822 2.905819917596652 4.79286135412514 3.6771889554719266 4.683123218777197 3.1276074410197943 4.084900850361464 
31.001621709152772 4.297184534854569 2.905819917596652 4.79286135412514 3.6771889554719266 4.683123218777197 3.526734705678482 4.084900850361464 
32.00162170915277 4.297184534854569 2.905819917596652 4.79286135412514 4.117769896492536 4.683123218777197 3.526734705678482 4.084900850361464 
33.00162170915277 4.297184534854566 2.905819917596652 4.792861354125137 4.117769896492536 4.683123218777197 3.5267347056784786 4.097776132492292 
34.00162170915277 4.297184534854566 3.162977847200498 4.792861354125137 4.117769896492536 31.212067749223827 3.5267347056784786 33.32953082807716 
35.00162170915277 4.297184534854566 3.162977847200498 4.792861354125137 4.117769896492536 4.683123218777197 3.5267347056784786 5.104306095298462 
36.00162170915277 4.297184534854566 4.002624824231937 4.792861354125137 4.267560092723759 4.683123218777197 34.913203042402635 35.27162551145475 
37.00162170915277 4.297184534854566 36.48575674384001 4.792861354125137 4.2675600927237625 4.683123218777197 3.897540561670624 5.104306095298462 
38.00162170915277 4.297184534854566 7.002624824231937 4.792861354125137 4.2675600927237625 4.683123218777197 3.897540561670624 4.097776132492292 
39.00162170915277 4.297184534854566 5.734406158014281 4.792861354125137 4.2675600927237625 4.891897111128301 4.893118859966137 4.097776132492292 
40.00162170915277 4.297184534854566 5.734406158014281 4.792861354125137 4.2675600927237625 5.057420347137004 4.303399495653686 4.229030236237158 
41.00162170915277 4.794303771012672 5.229148220141532 4.792861354125137 4.2675600927237625 5.057420347137004 4.303399495653686 4.229030236237158 
42.00162170915277 4.794303771012672 5.229148220141532 4.792861354125137 4.307751161465767 5.057420347137004 4.303399495653686 5.104306095298462 
43.00162170915277 4.794303771012672 5.179525583580364 4.792861354125137 4.2675600927237625 5.057420347137004 4.01486883319938 5.104306095298462 
44.00162170915277 41.53684689514328 4.179525583580364 4.792861354125137 5.307751161465767 5.462517168114651 4.01486883319938 5.104306095298462 
45.00162170915277 4.794303771012672 4.3835640370386315 4.792861354125137 5.307751161465767 5.842274474567134 4.01486883319938 5.25812915546085 
46.00162170915277 4.794303771012672 4.3835640370386315 4.792861354125137 5.307751161465767 6.046312928025401 4.01486883319938 5.25812915546085 
47.00162170915277 4.794303771012672 4.3835640370386315 4.792861354125137 5.320626443596595 6.046312928025401 4.01486883319938 5.25812915546085 
48.00162170915277 4.794303771012672 4.3835640370386315 4.792861354125137 47.49752720294502 6.046312928025401 4.01486883319938 5.25812915546085 
49.00162170915277 5.848650702086566 4.3835640370386315 4.792861354125137 5.320626443596595 6.046312928025401 4.01486883319938 5.25812915546085 
50.00162170915277 5.848650702086566 4.3835640370386315 4.792861354125137 5.320626443596595 6.046312928025401 4.01486883319938 5.25812915546085 
51.00162170915277 5.848650702086566 4.3835640370386315 4.792861354125137 5.320626443596595 6.652498433087878 4.427485733829343 5.25812915546085 
52.00162170915277 5.848650702086566 4.3835640370386315 4.792861354125137 5.480979466565152 6.652498433087878 4.427485733829343 5.25812915546085 
53.00162170915277 5.634558422667105 4.3835640370386315 4.792861354125137 5.480979466565152 6.652498433087878 4.427485733829343 5.25812915546085 
54.00162170915277 5.634558422667105 4.3835640370386315 4.792861354125137 5.480979466565152 6.652498433087878 4.427485733829343 5.25812915546085 
55.00162170915277 5.634558422667105 4.3835640370386315 4.792861354125137 5.480979466565152 6.652498433087878 6.516416163054011 5.25812915546085 
56.00162170915277 5.634558422667105 4.3835640370386315 5.207675224952197 55.57956535494928 6.665373715218706 14.142499538751942 55.27467689184072 
57.00162170915277 5.634558422667105 4.3835640370386315 56.583265400015044 19.76219331705451 6.665373715218706 19.012134114935286 6.172325668143863 
58.00162170915277 5.634558422667105 4.3835640370386315 5.207675224952197 96.99658123053321 6.665373715218706 75.70959450389724 57.5992240308981 
59.00162170915277 5.634558422667105 4.3835640370386315 5.207675224952197 82.41610140247744 6.665373715218706 5.745416423997611 5.7822022892538385 
60.00162170915277 5.634558422667105 4.60358043081591 5.207675224952197 9.336702638930923 6.665373715218706 2.6741390586213214 5.7822022892538385 
61.00162170915277 5.634558422667105 4.60358043081591 5.207675224952197 6.555353325058583 6.665373715218706 2.040632555680645 5.473590012234794 
62.00162170915277 5.634558422667105 4.60358043081591 5.207675224952197 8.18562149526285 6.665373715218706 1.98457494535252 5.7822022892538385 
63.00162170915277 5.957785365468538 4.60358043081591 5.207675224952197 1.988020861976608 6.665373715218706 5.286100143711451 5.7822022892538385 
64.00162170915277 6.262275463744828 4.842625655840905 5.250122472380198 1.988020861976608 6.796627818963572 1.98457494535252 5.7822022892538385 
65.00162170915277 6.262275463744828 64.6231247906086 5.311187496163058 1.988020861976608 6.7966278189635645 5.4076619009012745 5.38577444101977 
66.00162170915277 6.262275463744828 6.349777766768852 5.311187496163058 1.988020861976608 6.7966278189635645 2.441724133072455 5.38577444101977 
67.00162170915277 6.220376110725695 6.349777766768852 5.311187496163058 7.0675163171748 6.7966278189635645 10.069831563763124 5.38577444101977 
68.00162170915277 6.220376110725695 6.349777766768852 5.311187496163058 2.4362998160087415 6.7966278189635645 3.03447161687329 5.542834413199529 
69.00162170915277 6.220376110725695 6.349777766768852 5.311187496163058 2.4362998160087415 65.404788267862 2.9403472365496555 5.542834413199529 
70.00162170915277 6.220376110725695 6.349777766768852 5.311187496163058 2.4362998160087415 7.825726738187257 2.841385264873267 5.542834413199529 
71.00162170915277 6.220376110725695 6.349777766768852 5.311187496163058 2.9009029221531932 7.825726738187257 3.2821885844257253 5.542834413199529 
72.00162170915277 6.2424906232072175 6.349777766768852 5.474513157111147 2.9009029221531932 7.825726738187257 3.2821885844257253 5.542834413199529 
73.00162170915277 6.2424906232072175 6.349777766768852 5.474513157111147 3.0030151670292042 7.825726738187257 2.841385264873267 5.542834413199529 
74.00162170915277 6.2424906232072175 6.349777766768852 5.474513157111147 18.43629981600874 7.825726738187257 2.841385264873267 5.542834413199529 
75.00162170915277 6.2424906232072175 6.349777766768852 5.474513157111147 3.756540996639714 7.825726738187257 2.841385264873267 5.542834413199529 
76.00162170915277 6.939503210458156 6.349777766768852 5.474513157111147 3.756540996639714 7.825726738187257 75.08642685860053 5.542834413199529 
77.00162170915277 6.8435303624478365 6.349777766768852 5.806837573918955 3.756540996639714 7.825726738187257 2.841385264873267 5.615362240454473 
78.00162170915277 6.8435303624478365 6.349777766768852 5.806837573918955 3.756540996639714 7.825726738187257 3.2869757827618855 5.615362240454473 
79.00162170915277 6.2424906232072175 6.349777766768852 5.806837573918955 3.756540996639714 7.825726738187257 3.431756402125103 5.615362240454473 
80.00162170915277 6.2424906232072175 6.349777766768852 5.806837573918955 3.756540996639714 7.825726738187257 3.431756402125103 5.615362240454473 
81.00162170915277 6.315018450462162 6.349777766768852 6.2640464788048575 3.756540996639714 7.825726738187257 3.431756402125103 5.615362240454473 
82.00162170915277 6.315018450462162 6.349777766768852 6.2640464788048575 3.756540996639714 7.825726738187257 3.431756402125103 5.615362240454473 
83.00162170915277 6.315018450462162 6.349777766768852 6.2640464788048575 3.756540996639714 7.825726738187257 3.431756402125103 5.615362240454473 
84.00162170915277 6.315018450462162 6.349777766768852 6.2640464788048575 3.756540996639714 7.825726738187257 3.5025722565564195 5.615362240454473 
85.00162170915277 6.315018450462162 6.349777766768852 6.2640464788048575 3.756540996639714 7.825726738187257 3.5025722565564195 5.615362240454473 
86.00162170915277 6.315018450462162 6.349777766768852 6.2640464788048575 3.756540996639714 7.825726738187257 3.963740627400071 5.615362240454473 
87.00162170915277 6.315018450462162 6.726807660006642 6.2640464788048575 3.756540996639714 7.825726738187257 4.232280882518978 5.615362240454473 
88.00162170915277 6.315018450462162 6.726807660006642 6.2640464788048575 3.756540996639714 7.825726738187257 31.479706617706825 5.615362240454473 
89.00162170915277 6.315018450462162 6.726807660006642 6.2640464788048575 3.756540996639714 7.825726738187257 5.491352715804112 5.615362240454473 
90.00162170915277 6.315018450462162 6.726807660006642 6.2640464788048575 3.756540996639714 7.825726738187257 5.491352715804112 5.615362240454473 
91.00162170915277 7.173246222242483 6.726807660006642 6.2640464788048575 3.756540996639714 7.825726738187257 5.491352715804112 5.615362240454473 
92.00162170915277 7.173246222242483 6.726807660006642 6.2640464788048575 3.756540996639714 7.825726738187257 5.491352715804112 5.615362240454473 
93.00162170915277 7.173246222242483 6.726807660006642 6.2640464788048575 3.756540996639714 7.825726738187257 5.491352715804112 5.954012829928587 
94.00162170915277 7.173246222242483 6.726807660006642 6.2640464788048575 3.756540996639714 7.825726738187257 5.491352715804112 6.020779084526069 
95.00162170915277 7.173246222242483 6.726807660006642 6.806384958165694 3.756540996639714 7.825726738187257 94.03151678700306 6.020779084526069 
96.00162170915277 7.173246222242483 6.726807660006642 6.806384958165694 3.756540996639714 7.825726738187257 5.491352715804112 6.020779084526069 
97.00162170915277 7.173246222242483 6.726807660006642 6.806384958165694 3.756540996639714 7.825726738187257 5.491352715804112 6.020779084526069 
98.00162170915277 7.173246222242483 6.726807660006642 6.907331434959886 3.756540996639714 7.825726738187257 5.491352715804112 6.020779084526069 
99.00162170915277 7.173246222242483 6.726807660006642 7.034218663257576 3.756540996639714 7.825726738187257 5.491352715804112 6.020779084526069 
100.00162170915277 7.173246222242483 6.726807660006642 7.034218663257576 3.756540996639714 7.825726738187257 5.491352715804112 6.020779084526069 
101.00162170915277 7.173246222242483 6.726807660006642 7.1547118715090505 4.469333038831181 7.825726738187257 5.491352715804112 6.47628287899785 
102.00162170915277 7.173246222242483 6.726807660006642 7.1547118715090505 4.469333038831181 7.825726738187257 5.491352715804112 6.47628287899785 
103.00162170915277 7.173246222242483 6.726807660006642 7.1547118715090505 4.469333038831181 7.953372023746169 5.491352715804112 6.47628287899785 
104.00162170915277 7.173246222242483 6.726807660006642 7.1547118715090505 4.469333038831181 7.953372023746169 5.491352715804112 6.47628287899785 
105.00162170915277 7.175939089005539 6.726807660006642 7.205473425377562 4.469333038831181 7.953372023746169 5.491352715804112 6.47628287899785 
106.00162170915277 7.175939089005539 6.726807660006642 7.205473425377562 4.469333038831181 7.953372023746169 5.491352715804112 6.47628287899785 
107.00162170915277 7.175939089005539 6.726807660006642 7.729290403226884 4.469333038831181 7.953372023746169 5.491352715804112 6.47628287899785 
108.00162170915277 7.175939089005539 6.726807660006642 7.729290403226884 4.469333038831181 7.953372023746169 5.491352715804112 6.47628287899785 
109.00162170915277 7.175939089005539 6.726807660006642 108.53287403418427 4.469333038831181 7.953372023746169 5.491352715804112 6.47628287899785 
110.00162170915277 7.218785248985995 7.460800412249085 7.982767758070665 4.469333038831181 8.349799871980252 5.491352715804112 6.47628287899785 
111.00162170915277 7.218785248985995 7.460800412249085 7.982767758070665 4.469333038831181 8.349799871980252 5.491352715804112 110.00097122585701 
112.00162170915277 8.653669039936275 7.803902214945452 7.982767758070665 4.469333038831181 8.349799871980252 5.491352715804112 7.0951513082603554 
113.00162170915277 8.653669039936275 8.031735920037335 7.982767758070665 4.469333038831181 8.349799871980252 5.491352715804112 7.0951513082603554 
114.00162170915277 8.653669039936275 8.031735920037335 7.982767758070665 4.469333038831181 8.349799871980252 5.849032897700823 7.0951513082603554 
115.00162170915277 8.653669039936275 8.031735920037335 7.982767758070665 4.469333038831181 8.349799871980252 113.90749862865138 7.0951513082603554 
116.00162170915277 8.653669039936275 8.031735920037335 7.982767758070665 4.469333038831181 7.953372023746169 5.849032897700823 7.0951513082603554 
117.00162170915277 116.41793230887664 8.031735920037335 7.982767758070665 4.469333038831181 7.953372023746169 5.849032897700823 7.0951513082603554 
118.00162170915277 9.875215503978154 8.031735920037335 8.689340629957655 4.469333038831181 7.953372023746169 5.849032897700823 7.0951513082603554 
119.00162170915277 9.875215503978154 8.031735920037335 8.689340629957655 4.469333038831181 7.953372023746169 6.645175775966493 7.0951513082603554 
120.00162170915277 9.875215503978154 8.031735920037335 8.689340629957655 4.469333038831181 7.953372023746169 6.645175775966493 7.0951513082603554 
121.00162170915277 8.653669039936275 8.152229128288809 8.689340629957655 4.469333038831181 7.953372023746169 6.645175775966493 7.0951513082603554 
122.00162170915277 10.875215503978154 8.152229128288809 8.689340629957655 4.469333038831181 7.953372023746169 6.645175775966493 7.0951513082603554 
123.00162170915277 10.875215503978154 8.152229128288809 8.689340629957655 4.469333038831181 7.953372023746169 6.645175775966493 7.0951513082603554 
124.00162170915277 10.875215503978154 8.152229128288809 8.689340629957655 4.469333038831181 7.953372023746169 6.645175775966493 7.0951513082603554 
125.00162170915277 10.875215503978154 122.74203937687524 8.689340629957655 4.469333038831181 123.58453583282476 6.645175775966493 7.0951513082603554 
126.00162170915277 10.875215503978154 8.20299068215732 9.397154199370476 4.469333038831181 7.953372023746169 6.645175775966493 7.0951513082603554 
127.00162170915277 10.875215503978154 8.994042561733721 9.397154199370476 4.469333038831181 7.953372023746169 6.645175775966493 7.0951513082603554 
128.00162170915277 10.875215503978154 8.994042561733721 9.397154199370476 4.469333038831181 7.953372023746169 6.645175775966493 7.0951513082603554 
129.00162170915277 10.875215503978154 8.994042561733721 9.397154199370476 4.4693330388311665 7.953372023746169 6.645175775966493 7.09515130826037 
130.00162170915277 8.875215503978154 8.994042561733721 9.397154199370476 4.4693330388311665 7.953372023746169 6.645175775966493 7.09515130826037 
131.00162170915277 8.875215503978154 8.994042561733721 9.397154199370476 4.4693330388311665 7.953372023746169 6.645175775966493 7.09515130826037 
132.00162170915277 8.875215503978154 8.994042561733721 9.397154199370476 4.4693330388311665 8.521610412654994 6.645175775966493 7.09515130826037 
133.00162170915277 8.875215503978154 8.994042561733721 9.397154199370476 4.4693330388311665 8.521610412654994 6.645175775966493 7.09515130826037 
134.00162170915277 8.875215503978154 8.994042561733721 9.397154199370476 4.4693330388311665 8.521610412654994 6.645175775966493 7.09515130826037 
135.00162170915277 8.875215503978154 134.06492563557018 9.397154199370476 4.4693330388311665 8.521610412654994 6.645175775966493 7.09515130826037 
136.00162170915277 135.35873648899442 9.0795609024172 9.397154199370476 4.4693330388311665 8.521610412654994 6.645175775966493 7.09515130826037 
137.00162170915277 8.875215503978154 9.0795609024172 9.397154199370476 4.4693330388311665 8.521610412654994 6.645175775966493 7.09515130826037 
138.00162170915277 8.875215503978154 9.0795609024172 9.397154199370476 4.4693330388311665 136.40557868580345 6.645175775966493 7.09515130826037 
139.00162170915277 8.875215503978154 9.0795609024172 9.397154199370476 4.4693330388311665 9.743156876696872 6.645175775966493 7.09515130826037 
140.00162170915277 8.875215503978154 9.0795609024172 9.397154199370476 5.3417180529598625 9.743156876696872 6.645175775966493 7.09515130826037 
141.00162170915277 8.875215503978154 9.0795609024172 9.397154199370476 5.3417180529598625 9.743156876696872 6.645175775966493 7.09515130826037 
142.00162170915277 8.875215503978154 9.0795609024172 9.397154199370476 5.3417180529598625 8.521610412655008 6.645175775966493 7.09515130826037 
143.00162170915277 8.875215503978154 9.0795609024172 9.397154199370476 5.3417180529598625 10.743156876696872 6.645175775966493 7.09515130826037 
144.00162170915277 8.875215503978154 9.0795609024172 9.397154199370476 5.3417180529598625 10.743156876696872 6.645175775966493 7.09515130826037 
145.00162170915277 8.875215503978154 9.0795609024172 9.397154199370476 5.3417180529598625 10.743156876696872 6.645175775966493 7.09515130826037 
146.00162170915277 8.875215503978154 9.0795609024172 9.397154199370476 5.3417180529598625 10.743156876696872 6.645175775966493 7.09515130826037 
147.00162170915277 8.875215503978154 9.0795609024172 9.397154199370476 5.3417180529598625 10.743156876696872 6.645175775966493 7.09515130826037 
#####################################################################
# End of data export. Simulation finished at: 2020-03-22T02:36+0000 #
#####################################################################
