#####################################################################
# Alchemist log file - simulation started at: 2020-03-22T01:48+0000 #
#####################################################################
# seed = 40.0, diameter = 200
#
# The columns have the following meaning: 
# time error-central[Sum] error-extreme[Sum] error-random[Sum] error-pageRank[Sum] error-harmonic[Sum] error-closeness[Sum] error-degree[Sum] 
0.0 NaN NaN NaN NaN NaN NaN NaN 
1.0003255047928568 0.0 0.0 0.0 0.0 0.0 0.0 0.0 
2.0003255047928565 81.88284339617216 81.59852876461196 70.37814889623625 73.0438864306375 219.91690110569647 72.70229588500797 97.31086116310529 
3.0003255047928565 31.699299230489597 31.537146970036662 39.41678159488918 60.71749872586126 309.5193935237852 53.62607143319344 60.64858426211005 
4.0003255047928565 19.93150458808592 19.93883250020261 25.566740418721338 31.568544015694282 280.0829684462324 34.448850410900725 36.962346424172075 
5.0003255047928565 21.16471552992519 17.448605078560405 28.25411691192471 20.843907257289725 179.6082847270077 36.13334565719782 22.263163539190867 
6.0003255047928565 25.798041608295165 24.400538283496033 22.546659035021502 16.10345009009597 162.58913746156963 21.28853656229206 17.16466628386036 
7.0003255047928565 15.612265354598803 14.21476202979967 18.78629895287128 18.085552270372283 137.49058512195452 29.470192134865957 14.499129364511182 
8.000325504792857 17.32522497362952 16.25069206799566 12.438225791125735 18.55973104436353 114.48493179999977 21.07466479439968 15.775841531122301 
9.000325504792857 18.613662322401602 16.216158997602466 20.373257777968014 10.535018130982646 133.3428929387576 16.14205158031097 17.61705047924679 
10.000325504792857 20.615799668979246 9.205455962159261 24.825889626350055 31.47802408002859 81.08921376882131 18.8484838758976 27.6242638808019 
11.000325504792857 20.72624846292328 16.541468353438745 12.350912973930475 24.636763758129845 83.64738566398651 24.320040761537363 11.692919239786999 
12.000325504792857 21.65956265790996 17.474782548425424 19.571234567072374 19.052337220611417 98.1684330931982 10.810031161640095 10.42514551424929 
13.000325504792857 20.155107352353618 10.680551830366166 13.978968235309054 11.06790739171174 62.257977875459254 19.027265504029934 10.42514551424929 
14.000325504792857 21.83378801619116 22.34775350162886 18.866066667696643 10.90450221799898 49.005211985085374 10.325865232277957 32.27122885356735 
15.000325504792857 11.130913087206967 13.150493320014942 22.490863692484773 11.76561476473317 40.486390768455536 12.131103481508127 22.791385864147305 
16.000325504792855 23.78423108284585 25.10180842963625 13.891925388915391 33.28874434883018 42.69862842679508 9.655174565799895 23.70575752742474 
17.000325504792855 11.477568110775147 12.367744910252558 22.644647590221645 12.478601732403458 18.47883354042591 6.2958292868340155 11.305896990309058 
18.000325504792855 22.68132391967663 9.951869997557523 5.152204530910309 12.69185501062514 29.974568856364634 6.2958292868340155 11.328767223768784 
19.000325504792855 24.56622010231664 9.787622727497768 5.3694033341600225 27.91323839762586 30.613511269812605 21.706349212919584 8.532339481289725 
20.000325504792855 8.79802420057188 10.76176171318486 5.3694033341600225 42.36000356748069 10.620252423758437 7.594468857016338 21.626896935018408 
21.000325504792855 5.465821655721108 7.429559168334087 5.3694033341600225 9.712290196522329 10.620252423758437 23.234471951939707 7.13359058838531 
22.000325504792855 5.465821655721108 7.927177896146098 5.505891142596532 9.712290196522329 27.402017185852753 26.576821512935624 6.453432085201175 
23.000325504792855 5.735232686272379 7.927177896146098 5.505891142596532 28.469424432903974 10.221566029127768 12.358262517209567 6.453432085201175 
24.000325504792855 5.735232686272379 7.927177896146098 26.440606634908978 30.527609350804973 10.080585141492936 12.358262517209567 26.83281334236569 
25.000325504792855 5.735232686272379 7.927177896146098 5.957851867079469 12.544135964546214 29.190534653219913 11.64029869007178 6.501140253767854 
26.000325504792855 5.735232686272379 7.927177896146098 6.101699576059538 12.544135964546214 10.080585141492936 11.95659501826723 6.501140253767854 
27.000325504792855 5.735232686272379 29.953038910459004 6.694466846915546 7.8781022573526585 10.562988676374808 11.95659501826723 29.657528839703037 
28.000325504792855 30.90150363662841 8.027765418393578 6.694466846915546 29.904413681057214 6.117100927549803 31.519662753845278 9.139834219284236 
29.000325504792855 7.165230880841001 8.027765418393578 6.901811307176349 4.9939225382887535 30.12963687106344 11.95659501826723 33.82307991245357 
30.000325504792855 6.568775112167678 8.027765418393578 6.901811307176349 4.9939225382887535 9.301510608360594 11.95659501826723 9.139834219284236 
31.000325504792855 6.6944809022824145 8.119063518813437 6.901811307176349 4.9939225382887535 9.301510608360594 36.16684369683698 9.139834219284236 
32.000325504792855 7.536184675694756 36.40098806177498 6.928878014097517 4.9939225382887535 9.301510608360594 37.0395116650977 9.139834219284236 
33.000325504792855 7.536184675694756 10.389095146836777 6.928878014097517 3.886840431844135 9.301510608360598 14.039511665097699 9.139834219284236 
34.000325504792855 7.536184675694756 10.389095146836777 6.928878014097517 4.393588296018319 9.301510608360598 6.057550942299905 9.139834219284236 
35.000325504792855 7.536184675694756 10.389095146836777 6.928878014097517 4.393588296018319 13.841252910860916 6.057550942299905 9.139834219284236 
36.000325504792855 4.104911954507635 40.33233959209647 6.9288780140975135 4.511606924540327 9.460414978539738 6.057550942299905 9.139834219284232 
37.000325504792855 36.56735170097227 10.389095146836777 6.9288780140975135 4.511606924540327 9.460414978539738 6.057550942299905 36.01396271044762 
38.000325504792855 5.269226312497047 10.38909514683678 7.764654158184854 4.511606924540324 9.62291167816791 37.13281951695885 8.168002933539029 
39.000325504792855 5.269226312497047 10.244107735206796 7.860146762582765 37.10285914807033 9.301510608360601 6.057550942299905 8.168002933539029 
40.000325504792855 5.269226312497047 10.244107735206796 7.860146762582765 5.517924704575428 9.301510608360601 6.057550942299905 8.168002933539029 
41.000325504792855 5.269226312497047 10.244107735206796 7.860146762582765 5.409353558657621 8.38643467644885 6.057550942299905 8.168002933539029 
42.000325504792855 5.269226312497047 10.244107735206796 7.860146762582765 5.409353558657621 8.38643467644885 6.057550942299905 8.168002933539029 
43.000325504792855 5.269226312497047 10.244107735206796 3.6054382245227288 5.409353558657621 8.38643467644885 6.057550942299905 8.168002933539029 
44.000325504792855 5.269226312497047 10.244107735206796 3.6054382245227288 5.409353558657621 8.38643467644885 43.13218249498521 8.168002933539029 
45.000325504792855 5.269226312497047 10.244107735206796 3.6054382245227288 5.99392253828875 8.545339046627987 6.4411765394480085 8.168002933539029 
46.000325504792855 5.269226312497047 10.244107735206796 3.6054382245227288 5.99392253828875 8.545339046627987 6.4411765394480085 8.168002933539029 
47.000325504792855 5.269226312497047 10.244107735206796 3.6054382245227288 5.99392253828875 8.545339046627987 6.4411765394480085 8.168002933539029 
48.000325504792855 4.678879350754514 10.244107735206796 3.6054382245227288 5.99392253828875 8.545339046627987 6.4411765394480085 8.168002933539029 
49.000325504792855 4.678879350754514 53.85499109418669 3.6054382245227288 5.99392253828875 8.545339046627987 6.4411765394480085 8.168002933539029 
50.000325504792855 4.68592614986796 10.637248101816965 3.6054382245227288 5.99392253828875 8.545339046627987 6.4411765394480085 8.168002933539029 
51.000325504792855 5.269226312497047 10.637248101816965 3.642537394556882 5.99392253828875 8.545339046627987 6.994073765163748 8.168002933539029 
52.000325504792855 51.41155793525127 10.637248101816965 3.642537394556882 5.99392253828875 3.906702983700356 6.994073765163748 8.168002933539029 
53.000325504792855 5.269226312497047 10.637248101816965 3.642537394556882 5.99392253828875 3.906702983700356 6.994073765163748 8.168002933539029 
54.000325504792855 5.269226312497047 10.637248101816965 3.642537394556882 5.99392253828875 51.518416834866414 6.994073765163748 8.168002933539029 
55.000325504792855 5.269226312497047 10.637248101816965 4.017289144709935 5.99392253828875 3.906702983700356 6.994073765163748 8.168002933539029 
56.000325504792855 5.548854261767218 5.1431556247409915 4.017289144709935 5.99392253828875 3.906702983700356 6.994073765163748 8.168002933539029 
57.000325504792855 5.548854261767218 5.1431556247409915 4.017289144709935 55.757613815518944 4.0532547947916555 6.994073765163748 8.168002933539029 
58.000325504792855 5.548854261767218 5.296583830953729 4.017289144709935 6.940326014535749 4.0532547947916555 6.994073765163748 8.168002933539029 
59.000325504792855 5.548854261767218 5.296583830953729 4.017289144709935 6.940326014535749 4.0532547947916555 6.994073765163748 8.168002933539029 
60.000325504792855 5.548854261767218 5.296583830953729 4.017289144709935 6.940326014535749 4.0532547947916555 6.994073765163748 8.168002933539029 
61.000325504792855 5.548854261767218 5.296583830953729 4.017289144709935 6.940326014535749 4.648696138466278 59.957223431800095 8.168002933539029 
62.000325504792855 5.548854261767218 5.296583830953729 4.017289144709935 6.940326014535749 4.648696138466278 6.994073765163748 8.168002933539029 
63.000325504792855 5.548854261767218 5.296583830953729 4.017289144709935 6.940326014535749 4.648696138466278 6.994073765163748 8.168002933539029 
64.00032550479285 5.548854261767218 5.296583830953729 63.78178473736444 6.940326014535749 4.648696138466278 6.994073765163748 63.32644959868924 
65.00032550479285 5.548854261767225 5.296583830953736 4.961745119983902 7.157369389328828 4.648696138466278 6.994073765163748 8.168002933539036 
66.00032550479285 5.548854261767225 6.178431133834906 4.961745119983902 7.157369389328828 4.648696138466278 6.994073765163748 8.168002933539036 
67.00032550479285 5.548854261767225 6.178431133834906 5.178979167057506 7.157369389328828 4.648696138466278 6.994073765163748 8.168002933539036 
68.00032550479285 5.548854261767225 6.178431133834906 5.178979167057506 7.157369389328828 4.648696138466278 6.994073765163748 8.168002933539036 
69.00032550479285 5.548854261767225 6.178431133834906 5.178979167057506 7.157369389328828 4.648696138466278 59.29486762946459 8.168002933539036 
70.00032550479285 5.548854261767218 6.178431133834906 5.178979167057506 6.940326014535756 4.648696138466278 7.560326023945088 8.168002933539036 
71.00032550479285 5.548854261767218 6.178431133834906 5.178979167057506 6.940326014535756 4.648696138466278 70.08746996015515 8.168002933539036 
72.00032550479285 5.548854261767218 6.178431133834906 71.68282596285871 6.940326014535756 4.648696138466278 7.654467547989427 8.168002933539036 
73.00032550479285 5.548854261767218 6.178431133834906 5.55467504264449 6.940326014535756 4.648696138466278 7.654467547989427 8.168002933539043 
74.00032550479285 5.548854261767218 6.178431133834906 5.55467504264449 7.718774963455928 4.648696138466278 7.654467547989427 8.168002933539043 
75.00032550479285 5.548854261767218 6.178431133834906 5.55467504264449 7.718774963455928 4.648696138466278 7.654467547989427 8.168002933539043 
76.00032550479285 5.548854261767218 6.178431133834906 5.55467504264449 7.718774963455928 4.648696138466278 7.560326023945095 8.168002933539043 
77.00032550479285 5.548854261767218 6.178431133834906 5.55467504264449 7.718774963455928 4.648696138466278 7.560326023945095 8.168002933539043 
78.00032550479285 5.548854261767218 6.178431133834906 5.55467504264449 7.718774963455928 5.406746071952654 7.560326023945095 8.168002933539043 
79.00032550479285 5.548854261767218 6.178431133834906 5.55467504264449 7.718774963455928 5.406746071952654 7.560326023945095 8.168002933539043 
80.00032550479285 5.548854261767218 6.178431133834906 5.55467504264449 7.718774963455928 5.406746071952654 7.560326023945095 8.168002933539043 
81.00032550479285 5.548854261767218 6.178431133834906 5.55467504264449 7.718774963455928 5.406746071952654 7.560326023945095 8.915131687290653 
82.00032550479285 5.548854261767218 6.178431133834906 5.55467504264449 7.718774963455928 5.406746071952654 7.560326023945095 8.915131687290653 
83.00032550479285 5.548854261767218 6.178431133834906 5.55467504264449 7.718774963455928 5.406746071952654 7.560326023945095 8.915131687290653 
84.00032550479285 5.548854261767218 6.178431133834906 5.55467504264449 7.718774963455928 5.406746071952654 83.0742601250289 8.915131687290653 
85.00032550479285 5.548854261767218 6.178431133834906 5.55467504264449 7.718774963455928 5.406746071952654 7.678946887549969 8.915131687290653 
86.00032550479285 5.548854261767218 6.178431133834906 5.55467504264449 7.718774963455928 5.406746071952654 7.678946887549969 8.915131687290653 
87.00032550479285 5.548854261767218 6.178431133834906 6.144296076547121 7.718774963455928 5.975000699506637 7.678946887549969 8.915131687290653 
88.00032550479285 5.548854261767218 6.178431133834906 6.144296076547121 7.718774963455928 5.975000699506637 7.678946887549969 8.586032884832335 
89.00032550479285 5.548854261767218 6.178431133834906 6.144296076547121 7.718774963455928 5.975000699506637 7.678946887549969 8.586032884832335 
90.00032550479285 5.709831375376922 6.185873899004349 6.144296076547121 7.718774963455928 6.079900167451285 7.678946887549969 8.586032884832335 
91.00032550479285 5.709831375376922 6.185873899004349 6.144296076547121 7.718774963455928 6.079900167451285 7.678946887549969 8.586032884832335 
92.00032550479285 5.709831375376922 6.185873899004349 6.144296076547121 7.718774963455928 6.079900167451285 7.678946887549969 8.586032884832335 
93.00032550479285 5.709831375376922 6.185873899004349 6.144296076547121 7.718774963455928 6.079900167451285 7.678946887549969 8.586032884832335 
94.00032550479285 5.709831375376922 6.185873899004349 6.144296076547121 7.718774963455928 6.079900167451285 7.678946887549969 9.308589363303128 
95.00032550479285 5.709831375376922 6.185873899004349 6.144296076547121 7.718774963455928 6.079900167451285 7.678946887549969 9.308589363303128 
96.00032550479285 5.709831375376922 6.185873899004349 6.144296076547121 7.718774963455928 6.079900167451285 7.678946887549969 9.308589363303128 
97.00032550479285 5.709831375376922 6.539569831761895 6.144296076547121 7.718774963455928 6.079900167451285 7.678946887549969 9.308589363303128 
98.00032550479285 6.938811320648881 6.749587197282253 6.238799967865916 7.718774963455928 6.079900167451285 7.678946887549969 9.308589363303128 
99.00032550479285 6.938811320648881 6.749587197282253 6.238799967865916 7.718774963455928 6.079900167451285 7.678946887549969 9.308589363303128 
100.00032550479285 6.938811320648881 6.749587197282253 6.238799967865916 7.718774963455928 6.079900167451285 7.678946887549969 9.308589363303128 
101.00032550479285 6.938811320648881 6.749587197282253 6.9845195944180745 7.718774963455928 6.079900167451285 7.678946887549969 9.308589363303128 
102.00032550479285 6.938811320648881 6.749587197282253 6.9845195944180745 7.718774963455928 6.079900167451285 7.678946887549969 9.308589363303128 
103.00032550479285 6.938811320648881 6.749587197282253 6.9845195944180745 7.718774963455928 99.48490943144361 9.451523489908269 9.308589363303128 
104.00032550479285 6.938811320648881 6.749587197282253 6.9845195944180745 7.718774963455928 6.079900167451285 9.451523489908269 9.308589363303128 
105.00032550479285 6.938811320648881 6.749587197282253 7.204016289494419 7.718774963455928 6.079900167451285 9.451523489908269 9.308589363303128 
106.00032550479285 6.938811320648881 6.749587197282253 7.204016289494419 7.718774963455928 6.084855744461493 9.451523489908269 9.308589363303128 
107.00032550479285 6.938811320648881 6.749587197282253 7.204016289494419 7.718774963455928 6.084855744461493 9.451523489908269 9.308589363303128 
108.00032550479285 6.938811320648881 6.762181968356643 7.204016289494419 7.718774963455928 6.084855744461493 9.451523489908269 9.308589363303128 
109.00032550479285 6.938811320648881 6.762181968356643 7.204016289494419 7.718774963455928 6.084855744461493 9.451523489908269 9.308589363303128 
110.00032550479285 6.938811320648881 6.762181968356643 7.204016289494419 7.718774963455928 6.084855744461493 9.451523489908269 9.308589363303128 
111.00032550479285 6.938811320648881 6.8083774585958 7.204016289494419 7.718774963455928 6.084855744461493 9.451523489908269 9.308589363303128 
112.00032550479285 6.938811320648881 6.8083774585958 7.204016289494419 7.718774963455928 6.084855744461493 9.451523489908269 9.308589363303128 
113.00032550479285 6.938811320648881 6.8083774585958 7.204016289494419 7.718774963455928 6.084855744461493 9.451523489908269 9.308589363303128 
114.00032550479285 6.938811320648881 6.8083774585958 7.204016289494419 7.718774963455928 6.084855744461493 9.451523489908269 9.308589363303128 
115.00032550479285 6.938811320648881 7.14082327133201 7.227420399411116 7.718774963455928 6.084855744461493 9.451523489908269 9.308589363303128 
116.00032550479285 6.938811320648881 7.14082327133201 7.227420399411116 7.718774963455928 6.084855744461493 9.483743407970422 9.308589363303128 
117.00032550479285 6.938811320648881 7.14082327133201 7.227420399411116 7.718774963455928 6.084855744461493 9.483743407970422 9.308589363303128 
118.00032550479285 7.4252027372443195 7.14082327133201 7.227420399411116 7.718774963455928 6.084855744461493 9.483743407970422 9.308589363303128 
119.00032550479285 7.4252027372443195 7.14082327133201 7.227420399411116 7.718774963455928 6.084855744461493 9.483743407970422 9.308589363303128 
120.00032550479285 7.4252027372443195 7.14082327133201 119.8326496535601 7.718774963455928 6.084855744461493 9.483743407970422 9.308589363303128 
121.00032550479285 7.4252027372443195 7.14082327133201 8.428770066097584 7.718774963455928 6.49309674158178 9.483743407970422 9.308589363303128 
122.00032550479285 7.4252027372443195 7.14082327133201 8.428770066097584 7.718774963455928 6.49309674158178 9.483743407970422 9.308589363303128 
123.00032550479285 7.4252027372443195 7.14082327133201 8.428770066097584 7.718774963455928 6.49309674158178 9.483743407970422 9.308589363303128 
124.00032550479285 7.4252027372443195 7.14082327133201 8.10355070143585 7.718774963455928 6.49309674158178 9.483743407970422 9.308589363303128 
125.00032550479285 7.4252027372443195 7.14082327133201 8.10355070143585 7.718774963455928 6.49309674158178 9.483743407970422 9.308589363303128 
126.00032550479285 7.4252027372443195 7.14082327133201 7.8996562693479575 7.718774963455928 6.49309674158178 9.483743407970422 9.308589363303128 
127.00032550479285 7.4252027372443195 7.14082327133201 7.716899214202044 7.718774963455928 6.49309674158178 10.706791267157215 9.308589363303128 
128.00032550479284 7.4252027372443195 7.14082327133201 7.716899214202044 7.718774963455928 7.058390462610575 10.706791267157215 9.308589363303128 
129.00032550479284 7.4252027372443195 7.14082327133201 7.7168992142020585 7.718774963455928 7.058390462610575 10.706791267157215 9.308589363303128 
130.00032550479284 7.4252027372443195 7.14082327133201 7.7168992142020585 7.718774963455928 7.058390462610575 10.706791267157215 9.308589363303128 
131.00032550479284 7.663254204115717 7.14082327133201 7.7168992142020585 7.718774963455928 7.058390462610575 10.706791267157215 130.26299996166296 
132.00032550479284 7.663254204115717 7.14082327133201 7.7168992142020585 7.718774963455928 7.058390462610575 10.706791267157215 9.308589363303128 
133.00032550479284 7.663254204115717 7.14082327133201 7.7168992142020585 7.718774963455928 7.058390462610575 10.706791267157215 9.308589363303128 
134.00032550479284 7.663254204115717 7.14082327133201 7.7168992142020585 7.718774963455928 7.058390462610575 10.706791267157215 9.308589363303128 
135.00032550479284 7.663254204115717 7.203101410281363 7.7168992142020585 7.718774963455928 7.058390462610575 10.706791267157215 9.308589363303128 
136.00032550479284 7.663254204115717 7.203101410281363 7.716899214202044 7.718774963455928 7.058390462610561 10.706791267157215 9.308589363303128 
137.00032550479284 8.201932764183653 7.203101410281363 7.716899214202044 7.718774963455928 7.058390462610561 136.15672515883574 9.308589363303128 
138.00032550479284 8.201932764183653 7.203101410281363 7.716899214202044 7.718774963455928 7.058390462610561 10.706791267157215 9.308589363303128 
139.00032550479284 8.201932764183653 7.555970357416157 7.716899214202044 7.718774963455928 7.058390462610561 10.706791267157215 9.308589363303128 
140.00032550479284 8.201932764183653 7.968234445814943 7.716899214202044 7.718774963455928 7.058390462610561 10.7067912671572 9.308589363303128 
141.00032550479284 8.201932764183653 7.968234445814943 7.716899214202044 7.718774963455928 7.058390462610561 10.7067912671572 9.308589363303128 
142.00032550479284 8.201932764183653 7.968234445814943 7.716899214202044 7.718774963455928 7.058390462610561 10.7067912671572 9.308589363303128 
143.00032550479284 8.201932764183653 7.968234445814943 7.716899214202044 7.718774963455928 7.058390462610561 10.7067912671572 9.308589363303128 
144.00032550479284 8.201932764183653 7.968234445814943 7.716899214202044 7.718774963455928 7.058390462610561 10.7067912671572 9.308589363303128 
145.00032550479284 8.201932764183653 7.968234445814943 7.716899214202044 7.718774963455928 7.058390462610561 10.7067912671572 9.308589363303128 
#####################################################################
# End of data export. Simulation finished at: 2020-03-22T03:29+0000 #
#####################################################################
