#####################################################################
# Alchemist log file - simulation started at: 2020-03-22T11:52+0000 #
#####################################################################
# seed = 69.0, diameter = 200
#
# The columns have the following meaning: 
# time error-central[Sum] error-extreme[Sum] error-random[Sum] error-pageRank[Sum] error-harmonic[Sum] error-closeness[Sum] error-degree[Sum] 
0.0 NaN NaN NaN NaN NaN NaN NaN 
1.0001925710387713 0.0 0.0 0.0 0.0 0.0 0.0 0.0 
2.000192571038771 76.95452694063492 72.94368238113876 69.14590514629681 81.7424167371739 229.54130434246767 62.20247053375116 110.99946676271094 
3.000192571038771 34.33990537259472 34.28078947669906 34.890061518798305 57.16255296857355 278.36048799045585 44.47844098296257 64.03557486199409 
4.000192571038771 23.608239589909886 26.506088964826198 24.86051028749741 33.949055810151435 241.09132102548665 31.694251830555565 27.55810105796701 
5.000192571038771 21.393312227873842 23.25070477397953 19.365348081295796 23.951154385041807 183.13154108578365 35.34260581988306 22.498750008173094 
6.000192571038771 18.88940547152227 22.916167225933776 24.832543388364684 24.97018934929927 153.05671815554714 23.41249166571007 14.37740763906017 
7.000192571038771 17.0316239571623 24.415085023292654 17.83298649930166 23.4570678915183 118.25487003624136 22.51798481027526 22.985932596549237 
8.00019257103877 15.492217364731122 16.99955409475187 18.668590405669974 16.960276917511738 125.0059817241896 14.457323206808274 13.46370172823752 
9.00019257103877 23.948053270589583 17.61605549932944 10.415548557176946 10.404925287424824 113.02840506134092 12.865538953912449 23.760027904088517 
10.00019257103877 11.084929866946936 15.338396195721318 21.60139965763142 6.151901041514337 98.76128111107602 10.505442415064579 9.006780034947298 
11.00019257103877 18.360755639225957 9.071722178280517 11.73785650415717 12.915146155192598 66.22575842960562 9.9846254153877 9.244220399073683 
12.00019257103877 27.60779574388933 9.870743345887728 11.199855855854477 6.538155198893294 52.247952792825004 18.143531288685057 9.032635694949954 
13.00019257103877 21.22199230171895 9.870743345887728 10.436019696833382 15.596325596260039 86.86500213632556 16.79551103281446 15.023739428250114 
14.00019257103877 8.041925695157758 9.870743345887728 14.65579167957472 8.610238637257421 34.45924972372188 28.91060708269448 10.59499620516804 
15.00019257103877 20.06387785801135 22.007294072960892 5.71540053515419 19.769909830389906 39.387429544758795 12.018846052012814 16.67254113986403 
16.00019257103877 21.65316007744707 20.447296503304315 17.957214271773243 9.645195114706365 38.2485057446052 6.555014397023323 7.066857251656284 
17.00019257103877 9.48713656666047 9.089411027101253 6.249665900866855 6.087358485615582 25.477407163099407 6.265507615211664 7.066857251656282 
18.00019257103877 6.129008915303121 6.423942682525029 6.279343737532088 3.068720932032141 15.59638739635428 6.311088484053975 7.066857251656282 
19.00019257103877 6.675821109810572 6.423942682525029 6.279343737532088 3.7583540629390235 16.414082418349984 6.323526057797583 7.094910573782421 
20.00019257103877 3.697128402675107 6.423942682525029 6.279343737532088 3.7583540629390235 19.698629268985457 6.323526057797583 20.916100881628665 
21.00019257103877 4.60120707848462 6.528253890443779 23.162651470866486 20.27851584600394 14.834913087900633 23.079373755966568 7.823220503042389 
22.00019257103877 4.60120707848462 6.581606291066073 24.36914504215994 21.43926456306721 27.49574390733152 24.318011135345383 7.823220503042389 
23.00019257103877 4.60120707848462 21.080743193399492 7.297227099690222 3.9528611477721576 12.207704303776957 3.5698758368355783 7.823220503042389 
24.00019257103877 4.60120707848462 7.367452306374595 7.297227099690222 4.665872904399457 11.868506195795604 3.8924552443151477 7.823220503042389 
25.00019257103877 4.60120707848462 7.367452306374595 7.326746407610489 4.665872904399457 11.868506195795604 23.866386085334288 7.823220503042389 
26.00019257103877 4.60120707848462 27.51661250956475 7.326746407610489 4.665872904399457 8.699394348257378 5.408177101116067 7.823220503042389 
27.00019257103877 4.60120707848462 8.030772231509992 7.326746407610489 4.665872904399457 8.699394348257378 5.408177101116067 7.823220503042389 
28.00019257103877 25.692107223949435 32.149232043958314 30.388524326455133 4.665872904399457 9.698220664383257 5.408177101116067 8.218379549021968 
29.00019257103877 4.60120707848462 10.575060838912734 7.8781255637366705 4.665872904399457 26.332020174119354 5.408177101116067 8.218379549021968 
30.00019257103877 4.60120707848462 10.901419556403013 7.8781255637366705 5.1495741740614385 9.890257942720318 29.14644535985955 8.218379549021968 
31.00019257103877 30.318738601483073 10.755910663152385 7.8781255637366705 5.540636286273333 9.698220664383257 5.837409277959985 8.218379549021968 
32.00019257103877 7.459916309029609 10.755910663152385 7.8781255637366705 5.540636286273333 9.698220664383257 5.837409277959985 8.282495342264081 
33.00019257103877 7.459916309029609 10.755910663152385 7.878125563736667 5.540636286273337 9.69822066438326 5.837409277959985 35.16748830942744 
34.00019257103877 7.459916309029609 10.755910663152385 7.910389753725045 5.540636286273337 9.69822066438326 5.837409277959985 4.777438192447022 
35.00019257103877 7.459916309029609 10.755910663152385 7.910389753725045 5.540636286273337 9.69822066438326 5.837409277959985 4.777438192447022 
36.00019257103877 7.459916309029609 10.755910663152385 8.05620780699022 5.540636286273337 4.766254365329505 5.837409277959985 4.777438192447022 
37.00019257103877 7.459916309029609 5.638872875874426 4.186944979652139 5.540636286273337 22.15334509607107 5.837409277959985 4.777438192447022 
38.00019257103877 7.459916309029609 5.638872875874426 4.186944979652139 5.54063628627334 5.153345096071071 5.837409277959985 4.777438192447022 
39.00019257103877 7.459916309029609 5.638872875874426 4.228679309706251 5.54063628627334 5.153345096071071 5.837409277959985 4.777438192447022 
40.00019257103877 7.459916309029609 5.638872875874426 4.228679309706251 5.54063628627334 5.153345096071071 5.837409277959985 4.777438192447022 
41.00019257103877 7.459916309029609 5.638872875874426 4.228679309706251 5.54063628627334 5.842442171748097 39.670812109588695 4.777438192447022 
42.00019257103877 7.459916309029609 5.638872875874426 4.228679309706251 41.39030459101312 5.153345096071071 41.0374454147147 4.777438192447022 
43.00019257103877 7.459916309029609 5.638872875874426 4.228679309706251 5.927727017014902 5.153345096071071 6.34615899577588 4.777438192447022 
44.00019257103877 7.459916309029609 5.696604052826245 4.228679309706251 5.927727017014902 5.153345096071071 43.03641191188448 4.777438192447022 
45.00019257103877 7.459916309029609 6.253553128718686 4.228679309706251 5.927727017014902 5.153345096071071 6.424769314365065 4.777438192447022 
46.00019257103877 45.26762305742965 6.253553128718686 4.228679309706251 6.393855155495416 5.153345096071071 6.373222389854092 4.777438192447022 
47.00019257103877 46.30009795355596 6.253553128718686 4.228679309706251 6.393855155495416 5.153345096071071 6.373222389854092 4.777438192447022 
48.00019257103877 7.459916309029609 6.253553128718686 4.228679309706251 47.00630738950063 5.380237306258742 6.339074947683585 5.007757608265642 
49.00019257103877 7.459916309029609 6.253553128718686 4.228679309706251 48.42282844989291 46.92880349507688 6.592917281546534 5.007757608265642 
50.00019257103877 7.459916309029609 6.253553128718686 4.228679309706251 6.895478667620665 5.725305002080759 6.592917281546534 5.007757608265642 
51.00019257103877 7.459916309029609 6.253553128718686 4.228679309706251 6.895478667620665 5.725305002080759 6.592917281546534 5.007757608265642 
52.00019257103877 7.459916309029609 6.253553128718686 4.228679309706251 6.895478667620665 5.725305002080759 6.592917281546534 5.394926773780199 
53.00019257103877 7.459916309029609 6.253553128718686 4.228679309706251 6.895478667620665 5.725305002080759 6.592917281546534 5.394926773780199 
54.00019257103877 7.459916309029609 6.253553128718686 4.367238091181903 6.895478667620665 7.139169927397987 6.592917281546534 5.394926773780199 
55.00019257103877 7.459916309029609 6.253553128718686 4.941225812841857 6.895478667620665 7.6194732345515845 6.592917281546534 5.394926773780199 
56.00019257103877 7.459916309029609 6.253553128718686 4.941225812841857 6.895478667620665 52.811496645814884 6.592917281546534 5.394926773780199 
57.00019257103877 7.459916309029609 6.253553128718686 4.941225812841857 6.895478667620665 7.6194732345515845 6.592917281546534 5.394926773780199 
58.00019257103877 7.459916309029609 6.253553128718686 5.168987658479388 6.895478667620665 56.14083695339739 6.592917281546534 5.394926773780199 
59.00019257103877 7.459916309029609 6.253553128718686 5.168987658479388 6.895478667620665 7.6194732345515845 6.592917281546534 5.394926773780199 
60.00019257103877 7.459916309029609 6.253553128718686 5.168987658479388 6.895478667620665 56.231925468556796 7.233368666347737 5.394926773780199 
61.00019257103877 7.459916309029609 6.253553128718686 5.168987658479388 6.895478667620665 8.121096746676834 7.233368666347737 5.394926773780199 
62.00019257103877 7.459916309029609 6.253553128718686 5.168987658479388 6.895478667620665 8.121096746676834 7.233368666347737 5.394926773780199 
63.00019257103877 7.459916309029609 6.253553128718686 5.168987658479388 6.895478667620665 8.121096746676834 7.233368666347737 5.394926773780199 
64.00019257103877 7.459916309029609 6.253553128718686 5.168987658479388 6.895478667620665 8.121096746676834 7.233368666347737 5.394926773780199 
65.00019257103877 7.459916309029609 6.2535531287186785 5.168987658479388 64.71380182634238 8.121096746676841 7.233368666347737 5.394926773780199 
66.00019257103877 7.459916309029609 6.2535531287186785 5.168987658479388 7.575110017693703 8.121096746676841 7.233368666347737 5.394926773780199 
67.00019257103877 7.459916309029609 6.2535531287186785 5.168987658479388 7.035763757303229 8.121096746676841 7.233368666347737 5.462634746546783 
68.00019257103877 7.459916309029609 6.2535531287186785 5.168987658479388 7.035763757303229 8.121096746676841 7.233368666347737 5.462634746546783 
69.00019257103877 7.459916309029609 6.2535531287186785 5.168987658479388 7.035763757303229 8.121096746676841 7.233368666347737 5.768509206184071 
70.00019257103877 7.459916309029609 6.2535531287186785 5.168987658479381 7.035763757303229 8.121096746676841 7.233368666347737 5.768509206184071 
71.00019257103877 7.459916309029609 6.2535531287186785 5.572101908336776 6.895478667620665 8.121096746676841 7.233368666347737 5.768509206184078 
72.00019257103877 7.459916309029609 6.2535531287186785 5.572101908336776 8.03576375730323 8.121096746676841 7.233368666347737 5.768509206184078 
73.00019257103877 7.459916309029609 6.2535531287186785 5.572101908336776 8.03576375730323 8.121096746676841 7.2333686663477295 5.768509206184078 
74.00019257103877 7.459916309029609 6.2535531287186785 5.443727276281749 8.03576375730323 8.121096746676841 7.2333686663477295 5.768509206184078 
75.00019257103877 7.459916309029609 6.584284754340445 5.443727276281749 7.3670359218489665 8.121096746676841 7.2333686663477295 5.768509206184078 
76.00019257103877 7.459916309029609 6.584284754340445 5.443727276281749 8.03576375730323 8.121096746676841 7.2333686663477295 5.768509206184078 
77.00019257103877 7.459916309029609 6.584284754340445 5.443727276281749 8.03576375730323 8.121096746676841 7.2333686663477295 5.768509206184078 
78.00019257103877 77.38461117166447 6.584284754340445 5.443727276281749 8.03576375730323 8.121096746676841 7.2333686663477295 5.768509206184078 
79.00019257103877 9.121339400793346 78.08232206058179 5.443727276281749 8.03576375730323 8.121096746676841 7.30843555677815 5.768509206184078 
80.00019257103877 9.121339400793346 7.422023485750032 5.443727276281749 8.03576375730323 8.121096746676841 7.946380422975039 5.884676283772009 
81.00019257103877 9.121339400793346 7.422023485750032 5.443727276281749 8.03576375730323 8.121096746676841 7.946380422975039 6.245319774261944 
82.00019257103877 9.121339400793346 7.422023485750032 5.443727276281749 8.03576375730323 8.121096746676841 7.946380422975039 6.245319774261944 
83.00019257103877 9.121339400793346 7.422023485750032 5.443727276281749 8.03576375730323 8.121096746676841 7.946380422975039 6.245319774261944 
84.00019257103877 9.121339400793346 7.422023485750032 5.443727276281749 8.03576375730323 8.121096746676841 83.16490311135524 6.245319774261944 
85.00019257103877 9.121339400793346 7.422023485750032 6.697246908806591 8.03576375730323 8.121096746676841 8.99658635965828 6.245319774261944 
86.00019257103877 9.121339400793346 7.422023485750032 6.697246908806591 8.03576375730323 8.121096746676841 8.99658635965828 6.245319774261944 
87.00019257103877 9.121339400793346 7.422023485750032 6.697246908806591 8.03576375730323 8.121096746676841 8.99658635965828 6.245319774261944 
88.00019257103877 8.63315857344108 7.422023485750032 6.697246908806591 8.03576375730323 8.121096746676841 8.99658635965828 6.245319774261944 
89.00019257103877 8.63315857344108 7.422023485750032 6.697246908806591 8.03576375730323 8.121096746676841 8.821143804848916 6.245319774261944 
90.00019257103877 8.63315857344108 7.422023485750032 6.697246908806591 8.03576375730323 8.121096746676841 8.821143804848916 6.245319774261944 
91.00019257103877 8.594303544447314 7.422023485750032 6.697246908806591 8.03576375730323 8.121096746676841 8.821143804848916 6.245319774261944 
92.00019257103877 8.594303544447314 7.422023485750032 6.697246908806591 8.03576375730323 8.121096746676841 8.821143804848916 6.245319774261944 
93.00019257103877 8.594303544447314 7.422023485750032 92.3000503550854 8.03576375730323 8.121096746676841 8.821143804848916 6.245319774261944 
94.00019257103877 8.576279469972093 7.422023485750032 7.184001303460391 8.03576375730323 8.121096746676841 8.821143804848916 6.245319774261944 
95.00019257103877 8.594303544447314 7.422023485750032 7.184001303460391 8.03576375730323 8.121096746676841 8.821143804848916 6.245319774261944 
96.00019257103877 9.121339400793346 7.422023485750032 7.184001303460391 8.03576375730323 8.121096746676841 8.821143804848916 6.245319774261944 
97.00019257103877 9.121339400793346 7.422023485750032 7.184001303460391 8.03576375730323 8.121096746676841 8.821143804848916 95.75693307094834 
98.00019257103877 9.121339400793346 7.422023485750032 7.184001303460391 8.03576375730323 8.121096746676841 8.821143804848916 8.948045364380093 
99.00019257103877 9.121339400793346 7.422023485750032 7.184001303460391 8.03576375730323 8.121096746676841 8.821143804848916 8.948045364380093 
100.00019257103877 9.121339400793346 7.593190465741458 7.184001303460391 8.03576375730323 8.121096746676841 8.821143804848916 8.948045364380093 
101.00019257103877 9.121339400793346 7.593190465741458 7.184001303460391 8.03576375730323 8.121096746676841 8.821143804848916 8.948045364380093 
102.00019257103877 9.121339400793346 7.593190465741458 7.184001303460391 8.03576375730323 8.121096746676841 8.821143804848916 8.948045364380093 
103.00019257103877 9.121339400793346 7.593190465741458 7.184001303460391 8.03576375730323 8.121096746676841 8.821143804848916 8.948045364380093 
104.00019257103877 9.121339400793346 7.6474458411166495 7.184001303460391 8.03576375730323 8.121096746676841 9.018119201418656 8.948045364380093 
105.00019257103877 9.121339400793346 7.6474458411166495 7.184001303460391 8.03576375730323 8.121096746676841 9.018119201418656 8.948045364380093 
106.00019257103877 9.121339400793346 7.6474458411166495 7.184001303460391 8.082108801927774 8.121096746676841 9.312996691531396 9.02317762117326 
107.00019257103877 9.121339400793346 8.774960106402062 7.184001303460391 8.082108801927774 8.121096746676841 9.312996691531396 9.02317762117326 
108.00019257103877 9.121339400793346 8.774960106402062 7.184001303460391 8.082108801927774 8.121096746676841 9.312996691531396 9.02317762117326 
109.00019257103877 9.121339400793346 8.774960106402062 7.184001303460391 8.082108801927774 8.121096746676841 9.312996691531396 6.7087070330615575 
110.00019257103877 9.590101168391612 8.774960106402062 7.184001303460391 8.082108801927774 8.121096746676841 9.312996691531396 10.682164238997416 
111.00019257103877 9.590101168391612 8.774960106402062 7.184001303460391 8.082108801927774 8.49849996623341 9.312996691531396 10.682164238997416 
112.00019257103877 9.590101168391612 8.774960106402062 111.20255225667644 8.082108801927774 8.49849996623341 9.312996691531396 10.682164238997416 
113.00019257103877 9.590101168391612 8.774960106402062 8.1281438892144 8.082108801927774 8.49849996623341 9.312996691531396 10.682164238997416 
114.00019257103877 9.590101168391612 9.528427912505293 8.1281438892144 8.082108801927774 8.49849996623341 9.312996691531396 10.943182941627626 
115.00019257103877 9.590101168391612 9.528427912505293 8.1281438892144 8.5866929620789 8.49849996623341 9.62787005831639 10.943182941627626 
116.00019257103877 9.590101168391612 9.528427912505293 9.044082656721287 8.5866929620789 8.49849996623341 9.62787005831639 10.943182941627626 
117.00019257103877 10.517298789181098 9.666732168463 9.044082656721287 8.5866929620789 8.49849996623341 9.62787005831639 10.943182941627626 
118.00019257103877 10.517298789181098 117.12855374075417 9.044082656721287 8.5866929620789 8.49849996623341 9.62787005831639 10.943182941627626 
119.00019257103877 10.517298789181098 9.666732168463 9.044082656721287 8.5866929620789 8.49849996623341 9.62787005831639 10.943182941627626 
120.00019257103877 10.517298789181098 9.666732168463 119.28180292146432 8.5866929620789 8.49849996623341 9.62787005831639 10.943182941627626 
121.00019257103877 120.38945949987273 9.666732168463 8.1281438892144 8.5866929620789 8.49849996623341 9.62787005831639 10.943182941627626 
122.00019257103877 10.517298789181098 9.666732168463 8.1281438892144 8.5866929620789 8.670621935083105 9.62787005831639 10.943182941627626 
123.00019257103877 11.230310545808408 9.666732168463 122.41159787672778 8.5866929620789 9.30772688098395 9.62787005831639 10.943182941627626 
124.00019257103877 11.230310545808408 9.666732168463 13.09650569163982 8.5866929620789 9.30772688098395 9.62787005831639 10.943182941627626 
125.00019257103877 124.44883323418861 9.666732168463 13.09650569163982 8.5866929620789 9.30772688098395 9.62787005831639 10.943182941627626 
126.00019257103877 11.230310545808408 9.666732168463 12.161654322078803 8.5866929620789 9.30772688098395 10.032273234318694 10.943182941627626 
127.00019257103877 11.230310545808408 9.666732168463 12.161654322078803 8.5866929620789 9.30772688098395 10.032273234318694 10.943182941627626 
128.00019257103878 11.230310545808408 9.666732168463 12.161654322078803 8.5866929620789 9.30772688098395 10.032273234318694 10.943182941627626 
129.00019257103878 11.230310545808408 9.666732168463 12.161654322078803 8.5866929620789 9.30772688098395 10.032273234318694 10.94318294162764 
130.00019257103878 11.230310545808408 9.666732168463 12.161654322078803 8.736031179916353 9.30772688098395 129.15013393885502 10.94318294162764 
131.00019257103878 11.714011815470386 9.666732168463 12.161654322078803 8.736031179916353 9.30772688098395 10.584526484162296 130.03354421189314 
132.00019257103878 12.105073927682284 12.536189124525947 12.161654322078803 8.736031179916353 9.30772688098395 10.584526484162296 10.94318294162764 
133.00019257103878 12.105073927682284 12.536189124525947 11.231898120939277 8.736031179916353 9.30772688098395 10.584526484162296 10.94318294162764 
134.00019257103878 12.105073927682284 12.536189124525947 11.231898120939277 8.736031179916353 9.30772688098395 10.584526484162296 11.367684175092961 
135.00019257103878 12.105073927682284 12.536189124525947 11.231898120939277 8.736031179916353 9.30772688098395 10.584526484162296 133.86331022249686 
136.00019257103878 12.105073927682284 12.536189124525947 135.290111468197 8.736031179916353 9.454641305650796 10.584526484162296 12.561455135410355 
137.00019257103878 12.105073927682284 12.536189124525947 13.072393691531332 8.736031179916353 9.652046175561651 10.584526484162296 12.561455135410355 
138.00019257103878 12.105073927682284 11.929350886047914 13.047154916684633 8.736031179916353 9.652046175561651 10.584526484162296 12.561455135410355 
139.00019257103878 12.105073927682284 11.929350886047914 12.047154916684633 8.736031179916353 9.652046175561651 10.584526484162296 12.561455135410355 
140.00019257103878 12.105073927682284 11.73035484778842 12.047154916684633 8.736031179916353 9.652046175561651 10.910404435396373 12.561455135410355 
141.00019257103878 12.10507392768227 11.929350886047928 12.047154916684633 8.736031179916353 9.652046175561651 10.910404435396373 12.561455135410355 
142.00019257103878 12.10507392768227 11.929350886047928 12.047154916684633 8.736031179916353 9.652046175561651 10.910404435396373 12.552361211393276 
143.00019257103878 12.10507392768227 11.929350886047928 12.047154916684633 8.736031179916353 9.652046175561651 10.910404435396373 12.552361211393276 
144.00019257103878 12.10507392768227 11.929350886047928 11.24903325368939 8.736031179916353 9.652046175561651 10.910404435396373 12.552361211393276 
145.00019257103878 12.10507392768227 11.929350886047928 13.047154916684633 9.131643353763508 9.652046175561651 10.910404435396373 12.312802391388516 
146.00019257103878 12.10507392768227 12.536189124525947 13.047154916684633 9.131643353763508 9.652046175561651 10.910404435396373 12.312802391388516 
147.00019257103878 12.10507392768227 146.02080186334067 13.047154916684633 9.131643353763508 9.961649258972528 10.910404435396373 12.312802391388516 
148.00019257103878 12.10507392768227 12.536189124525947 13.047154916684633 9.131643353763508 9.961649258972528 10.910404435396373 12.312802391388516 
149.00019257103878 12.10507392768227 12.536189124525947 13.047154916684633 9.131643353763508 9.961649258972528 10.910404435396373 12.312802391388516 
150.00019257103878 12.10507392768227 12.536189124525947 13.072393691531317 9.131643353763508 9.961649258972528 10.910404435396373 12.468719041590987 
151.00019257103878 12.10507392768227 12.536189124525947 13.68133157931942 9.504735878573854 9.961649258972528 10.910404435396373 12.468719041590987 
152.00019257103878 12.10507392768227 12.536189124525947 13.68133157931942 9.504735878573854 9.961649258972528 10.910404435396373 151.05297512769494 
153.00019257103878 12.10507392768227 12.536189124525947 13.71760473065467 9.504735878573854 9.961649258972528 10.910404435396373 12.468719041590987 
154.00019257103878 12.10507392768227 12.536189124525947 13.71760473065467 10.426428096505475 9.961649258972528 10.910404435396373 12.468719041590987 
155.00019257103878 12.10507392768227 12.536189124525947 13.71760473065467 10.426428096505475 9.961649258972528 154.1135298675017 12.468719041590987 
156.00019257103878 12.10507392768227 12.695653933242795 13.71760473065467 10.426428096505475 9.961649258972528 10.910404435396373 12.468719041590987 
157.00019257103878 12.10507392768227 156.15535786668187 13.71760473065467 10.426428096505475 9.961649258972528 10.910404435396373 12.468719041590987 
158.00019257103878 12.10507392768227 13.249583330631651 13.71760473065467 10.426428096505475 9.961649258972528 10.910404435396373 12.468719041590987 
159.00019257103878 12.10507392768227 13.249583330631651 13.71760473065467 10.426428096505475 9.961649258972528 10.910404435396373 12.468719041590987 
160.00019257103878 12.10507392768227 12.820731714379093 13.71760473065467 10.426428096505475 9.961649258972528 10.910404435396373 12.468719041590987 
161.00019257103878 12.10507392768227 12.820731714379093 13.71760473065467 10.426428096505475 9.961649258972528 10.910404435396373 12.698554535221717 
162.00019257103878 12.10507392768227 12.820731714379093 13.71760473065467 10.426428096505475 9.961649258972528 10.910404435396373 12.698554535221717 
163.00019257103878 12.10507392768227 12.820731714379093 13.71760473065467 10.426428096505475 10.357261432819683 10.910404435396373 12.698554535221717 
164.00019257103878 12.10507392768227 12.820731714379093 13.71760473065467 10.426428096505475 10.357261432819683 11.797713772499861 12.698554535221717 
165.00019257103878 164.42110415513835 12.820731714379093 13.71760473065467 10.426428096505475 10.357261432819683 11.797713772499861 12.698554535221717 
166.00019257103878 12.10507392768227 12.820731714379093 13.71760473065467 10.426428096505475 10.357261432819683 11.797713772499861 12.935787469280143 
167.00019257103878 12.10507392768227 12.820731714379093 13.71760473065467 10.426428096505475 10.357261432819683 11.797713772499861 12.935787469280143 
168.00019257103878 12.10507392768227 12.820731714379093 13.71760473065467 10.426428096505475 10.357261432819683 11.797713772499861 12.935787469280143 
169.00019257103878 12.10507392768227 12.820731714379093 13.71760473065467 10.426428096505475 10.357261432819683 10.910404435396373 12.935787469280143 
170.00019257103878 12.10507392768227 12.820731714379093 13.71760473065467 10.426428096505475 10.357261432819683 10.910404435396373 12.935787469280143 
171.00019257103878 12.10507392768227 12.820731714379093 13.71760473065467 10.426428096505475 10.357261432819683 10.910404435396373 12.935787469280143 
172.00019257103878 12.10507392768227 12.820731714379093 13.71760473065467 10.426428096505475 10.357261432819683 10.910404435396373 12.935787469280143 
173.00019257103878 12.10507392768227 12.820731714379093 13.71760473065467 10.426428096505475 10.357261432819683 11.228521480405504 12.935787469280143 
174.00019257103878 12.10507392768227 12.820731714379093 13.71760473065467 10.426428096505475 10.357261432819683 11.228521480405504 12.935787469280143 
175.00019257103878 12.10507392768227 12.820731714379093 13.71760473065467 10.426428096505475 10.357261432819683 11.228521480405504 12.935787469280143 
176.00019257103878 12.10507392768227 12.820731714379093 13.71760473065467 10.426428096505475 10.357261432819683 11.228521480405504 12.935787469280143 
177.00019257103878 12.10507392768227 12.820731714379093 13.71760473065467 10.426428096505475 10.357261432819683 11.228521480405504 13.368274318611697 
178.00019257103878 12.10507392768227 12.820731714379093 13.71760473065467 10.426428096505475 10.357261432819683 11.228521480405504 13.368274318611697 
179.00019257103878 12.10507392768227 12.820731714379093 13.71760473065467 10.426428096505475 10.357261432819683 11.228521480405504 13.368274318611697 
180.00019257103878 12.880815161391752 12.820731714379093 13.71760473065467 10.426428096505475 10.357261432819683 11.228521480405504 13.368274318611697 
181.00019257103878 12.880815161391752 12.820731714379093 13.71760473065467 10.426428096505475 10.357261432819683 11.228521480405504 13.368274318611697 
182.00019257103878 12.880815161391752 12.820731714379093 14.032059522700024 10.426428096505475 10.357261432819683 11.228521480405504 13.368274318611697 
183.00019257103878 12.880815161391752 12.820731714379093 14.032059522700024 10.426428096505475 10.357261432819683 11.228521480405504 13.368274318611697 
184.00019257103878 12.880815161391752 12.820731714379093 14.032059522700024 10.426428096505475 10.357261432819683 11.228521480405504 13.472364405299231 
185.00019257103878 12.880815161391752 12.820731714379093 14.372297795257083 10.426428096505475 10.357261432819683 11.228521480405504 13.472364405299231 
186.00019257103878 12.880815161391752 13.502316185192058 14.372297795257083 10.426428096505475 10.357261432819683 11.228521480405504 13.472364405299231 
187.00019257103878 12.880815161391752 13.502316185192058 14.372297795257083 10.426428096505475 10.357261432819683 11.351698056993058 13.472364405299231 
188.00019257103878 12.880815161391752 13.684467101498456 14.372297795257083 10.426428096505475 10.357261432819683 11.351698056993058 13.472364405299231 
189.00019257103878 12.880815161391752 13.684467101498456 15.290111468197011 10.426428096505475 10.357261432819683 11.733435222228081 13.472364405299231 
190.00019257103878 12.880815161391752 13.684467101498456 15.290111468197011 10.426428096505475 10.357261432819683 11.733435222228081 13.472364405299231 
191.00019257103878 12.880815161391752 13.684467101498456 15.290111468197011 10.426428096505475 10.357261432819683 11.733435222228081 13.472364405299231 
192.00019257103878 12.880815161391752 13.684467101498456 15.290111468197011 10.426428096505475 10.357261432819683 11.733435222228081 13.472364405299231 
193.00019257103878 12.880815161391752 13.684467101498456 15.290111468197011 10.426428096505475 10.357261432819683 11.733435222228081 13.472364405299231 
194.00019257103878 12.880815161391752 13.684467101498456 15.290111468197011 10.426428096505475 10.747165126785006 11.733435222228081 13.472364405299231 
195.00019257103878 12.880815161391752 13.684467101498456 15.290111468197011 10.426428096505475 11.086516678931787 11.733435222228081 13.472364405299231 
196.00019257103878 12.880815161391752 13.684467101498456 15.290111468197011 10.426428096505475 11.086516678931787 11.733435222228081 13.472364405299231 
197.00019257103878 12.880815161391752 13.684467101498456 15.290111468197011 10.426428096505475 11.086516678931787 11.733435222228081 13.472364405299231 
198.00019257103878 12.880815161391752 13.684467101498456 15.290111468197011 10.426428096505475 11.086516678931787 11.733435222228081 13.472364405299231 
199.00019257103878 12.880815161391752 13.684467101498456 15.290111468197011 10.426428096505475 11.086516678931787 11.775051079908309 13.472364405299231 
200.00019257103878 12.880815161391752 13.684467101498456 15.290111468197011 10.426428096505475 11.086516678931787 11.973490248105861 13.472364405299231 
201.00019257103878 12.880815161391752 13.684467101498456 15.290111468197011 10.426428096505475 11.086516678931787 12.366843236669638 13.472364405299231 
202.00019257103878 12.880815161391752 13.684467101498456 15.290111468197011 10.426428096505475 11.086516678931787 12.366843236669638 13.472364405299231 
203.00019257103878 12.880815161391752 13.684467101498456 15.290111468197011 10.426428096505475 11.095965232192867 12.366843236669638 13.472364405299231 
204.00019257103878 12.880815161391752 13.684467101498456 15.290111468197011 10.426428096505475 11.095965232192867 12.366843236669638 13.472364405299231 
205.00019257103878 12.880815161391752 13.684467101498456 15.290111468197011 10.426428096505475 11.095965232192867 12.366843236669638 13.472364405299231 
206.00019257103878 12.880815161391752 13.684467101498456 15.290111468197011 10.426428096505475 11.095965232192867 12.366843236669638 13.472364405299231 
#####################################################################
# End of data export. Simulation finished at: 2020-03-22T14:06+0000 #
#####################################################################
