#####################################################################
# Alchemist log file - simulation started at: 2020-03-21T19:51+0000 #
#####################################################################
# seed = 22.0, diameter = 30
#
# The columns have the following meaning: 
# time error-central[Sum] error-extreme[Sum] error-random[Sum] error-pageRank[Sum] error-harmonic[Sum] error-closeness[Sum] error-degree[Sum] 
0.0 NaN NaN NaN NaN NaN NaN NaN 
1.0024866920667903 0.0 0.0 0.0 0.0 0.0 0.0 0.0 
2.0024866920667903 13.21269715532716 14.549574706997316 10.530754748558621 12.175755373267734 38.910721795842015 8.635630159647226 19.93210882879481 
3.0024866920667903 6.152952370172329 6.292977100407835 4.718521664504379 10.277594037403642 44.9750202130439 4.882681140337442 11.338945748345736 
4.002486692066791 4.131142177188964 2.3149359112086243 4.682611980866204 3.6702355876315345 31.781304881529685 5.704125916852748 4.234694392641216 
5.002486692066791 5.6498853778340425 8.360042709413303 2.784186049560106 2.645916152879547 21.70065203902005 8.600318783303008 2.653027730122414 
6.002486692066791 7.276461189462803 7.856666242634305 6.77924042120585 2.7887960713473086 24.19041293955218 6.863236744994067 2.653027730122414 
7.002486692066791 2.3052832362999762 5.416728881749512 5.967079778463382 5.4069074993337 11.281710290442463 8.663454707574655 9.792903167646415 
8.00248669206679 7.391343181069852 5.247046930067901 2.2900836554913484 9.23536184337873 8.067214715993405 3.278691073804058 5.084369501516198 
9.00248669206679 2.3159987187996682 5.439529807212094 2.2900836554913493 9.923240970678552 5.275855396834898 3.278691073804058 2.3507881728547817 
10.00248669206679 3.4879574866891634 5.543131746648869 2.7332655954940384 11.32338670187003 8.39185900927758 8.933436873781595 9.409597638099966 
11.00248669206679 3.4879574866891634 2.7515244892965613 2.7332655954940384 5.677823386400182 1.961781734608799 9.953485370860953 3.5117326012894816 
12.00248669206679 2.3424192812364133 2.7515244892965605 3.58396481762912 2.90824594890854 6.077647146670125 3.559210622149518 3.5117326012894825 
13.00248669206679 2.908924569071212 2.7515244892965605 3.58396481762912 11.712964921634613 6.549265396505085 3.559210622149518 9.365815465800775 
14.00248669206679 12.1422901565861 2.7515244892965605 3.6099524498987563 12.762328813419833 2.563985675098637 12.845132847595028 4.1801565628687705 
15.00248669206679 3.1055348543229417 2.7515244892965605 13.967489921098533 12.040318183104066 11.219053075041408 3.785595736244977 14.409985359685692 
16.00248669206679 15.275291180420185 2.7515244892965605 4.791850847899376 12.645819999246665 2.6259037770803335 3.655598366344492 4.365815465800775 
17.00248669206679 3.675954988696443 16.57642421813036 4.760460446895975 3.609314537653269 7.470811506698276 4.47934377754323 4.365815465800777 
18.00248669206679 3.9214970840127936 2.7515244892965605 4.760460446895975 3.8544783606670716 2.764027404146221 4.47934377754323 4.365815465800777 
19.00248669206679 18.464110458315407 2.7515244892965605 4.760460446895975 3.8544783606670716 3.4800582637120137 6.785595736244975 4.365815465800777 
20.00248669206679 3.9214970840127936 2.7515244892965605 5.3035216830837495 3.8544783606670716 18.360385470896087 4.785595736244975 4.365815465800777 
21.00248669206679 3.9214970840127954 2.7515244892965605 5.359959818848532 3.8544783606670734 15.604538747228595 4.785595736244975 19.50893166545813 
22.00248669206679 4.349717174595053 2.7515244892965605 5.359959818848532 3.8544783606670734 3.3601132747053235 4.785595736244975 4.365815465800779 
23.00248669206679 4.349717174595053 2.7515244892965605 5.35995981884853 3.8544783606670734 3.3601132747053235 4.785595736244975 22.54895277451709 
24.00248669206679 23.365387060887663 2.7515244892965605 5.35995981884853 3.8544783606670734 3.5367699553589205 22.91377562165209 4.365815465800779 
25.00248669206679 4.5947180994663945 2.7515244892965605 5.35995981884853 3.8544783606670734 3.5367699553589205 4.785595736244975 4.365815465800779 
26.00248669206679 4.5947180994663945 2.7515244892965605 5.35995981884853 24.466699262718556 3.5367699553589205 4.785595736244975 4.365815465800779 
27.00248669206679 4.5947180994663945 2.7515244892965605 5.35995981884853 4.0268270143880684 3.5367699553589205 4.785595736244975 4.365815465800779 
28.00248669206679 4.5947180994663945 2.7515244892965605 5.303521683083751 4.0268270143880684 3.5367699553589205 4.785595736244975 4.107872736697566 
29.00248669206679 4.5947180994663945 28.597142082252947 5.303521683083751 4.0268270143880684 3.5367699553589205 4.785595736244975 4.107872736697566 
30.00248669206679 4.5947180994663945 3.713096243964525 5.303521683083751 4.0268270143880684 3.5367699553589205 4.785595736244975 4.107872736697566 
31.00248669206679 30.445270680438085 3.713096243964525 5.303521683083751 4.0268270143880684 4.057397291688325 4.785595736244975 4.365815465800779 
32.00248669206679 4.5947180994663945 3.713096243964525 5.303521683083751 4.0268270143880684 4.057397291688325 4.785595736244975 4.365815465800779 
33.00248669206679 4.594718099466391 3.713096243964525 5.303521683083751 4.0268270143880684 28.099744914732184 4.785595736244975 4.365815465800779 
34.00248669206679 4.594718099466391 3.713096243964525 5.303521683083751 4.0268270143880684 5.514559949110787 5.002925159111825 4.644116202684824 
35.00248669206679 4.594718099466391 3.1083808100869312 5.303521683083751 4.0268270143880684 5.514559949110787 5.002925159111825 4.644116202684824 
36.00248669206679 4.594718099466391 3.108380810086935 5.303521683083751 4.0268270143880684 5.514559949110787 5.002925159111825 4.644116202684824 
37.00248669206679 4.594718099466391 3.2141618263060607 5.303521683083751 4.0268270143880684 5.514559949110787 5.002925159111825 4.644116202684824 
38.00248669206679 4.594718099466391 3.4838433378408027 5.991344226993604 4.0268270143880684 5.514559949110787 36.93158722930919 4.64411620268482 
39.00248669206679 4.594718099466391 3.4838433378408027 5.991344226993604 4.0268270143880684 5.514559949110783 5.196908878945791 4.64411620268482 
40.00248669206679 4.594718099466391 3.4838433378408027 5.991344226993604 4.0268270143880684 5.514559949110783 5.196908878945791 5.212801190034213 
41.00248669206679 4.594718099466391 3.4838433378408027 5.991344226993604 4.122988127459486 5.514559949110783 5.196908878945791 5.212801190034213 
42.00248669206679 4.594718099466391 3.4838433378408027 41.0469889116821 4.122988127459486 39.23732536651556 5.196908878945791 5.212801190034213 
43.00248669206679 4.594718099466391 3.4838433378408027 6.117754002343425 4.122988127459486 5.514559949110783 5.196908878945791 5.212801190034213 
44.00248669206679 4.594718099466391 3.4838433378408027 6.117754002343425 4.122988127459486 5.514559949110783 5.196908878945791 5.212801190034213 
45.00248669206679 4.594718099466391 3.4838433378408027 6.317980895188896 4.122988127459486 5.514559949110783 5.196908878945791 5.212801190034213 
46.00248669206679 4.594718099466391 3.4838433378408027 45.01916694891343 44.839555129723315 5.514559949110783 5.196908878945791 5.212801190034213 
47.00248669206679 4.594718099466391 3.4838433378408027 6.117754002343425 4.263991483717966 5.514559949110783 5.196908878945791 5.212801190034213 
48.00248669206679 47.49193242108407 3.4838433378408027 6.117754002343425 4.263991483717966 5.514559949110783 5.196908878945791 5.212801190034213 
49.00248669206679 4.702145913169971 3.4838433378408027 6.117754002343425 4.263991483717966 5.627817426061824 5.196908878945791 5.212801190034213 
50.00248669206679 4.702145913169971 3.656671326116239 6.117754002343425 4.263991483717966 5.627817426061824 5.196908878945791 5.212801190034213 
51.00248669206679 4.702145913169971 3.7295675740550607 6.117754002343425 4.411149498085237 5.627817426061824 5.196908878945791 5.212801190034213 
52.00248669206679 4.702145913169971 3.7714747122913295 6.526344583458929 4.411149498085237 5.627817426061824 50.96483462188192 5.212801190034213 
53.00248669206679 4.702145913169971 3.7714747122913295 6.526344583458929 5.057140791802027 5.627817426061824 7.282488346034704 5.212801190034213 
54.00248669206679 4.702145913169971 3.7714747122913295 6.892466495299281 5.356427550560042 46.980786437751014 7.282488346034704 5.212801190034213 
55.00248669206679 4.802970898918787 3.7714747122913295 6.892466495299281 5.356427550560042 5.627817426061824 7.282488346034704 5.264361767026436 
56.00248669206679 4.802970898918787 3.7714747122913295 6.892466495299281 5.356427550560042 5.627817426061824 7.282488346034704 5.264361767026436 
57.00248669206679 4.802970898918787 3.7714747122913295 6.892466495299281 5.356427550560042 5.627817426061824 7.282488346034704 5.264361767026436 
58.00248669206679 4.802970898918787 3.7714747122913295 6.892466495299281 5.356427550560042 5.627817426061824 7.282488346034704 5.264361767026436 
59.00248669206679 4.802970898918787 3.7714747122913295 6.892466495299281 5.356427550560042 5.627817426061824 7.282488346034704 5.264361767026436 
60.00248669206679 4.802970898918787 3.7714747122913295 6.892466495299281 58.23564016397064 5.627817426061824 7.282488346034704 59.16692121153369 
61.00248669206679 4.802970898918787 3.7714747122913295 6.892466495299281 5.356427550560042 5.627817426061824 7.282488346034704 5.752748018094387 
62.00248669206679 4.802970898918787 4.632496791505339 6.892466495299281 5.356427550560042 5.627817426061824 60.910377327723914 5.752748018094387 
63.00248669206679 4.802970898918787 4.632496791505339 6.892466495299281 5.356427550560042 5.627817426061824 9.017671765717253 5.752748018094387 
64.00248669206678 4.802970898918787 4.632496791505339 6.892466495299281 5.356427550560042 5.627817426061824 9.017671765717253 5.752748018094387 
65.00248669206678 4.802970898918787 4.632496791505346 6.8924664952992885 5.356427550560042 6.066085722687646 9.017671765717253 63.839126816351595 
66.00248669206678 4.802970898918787 4.632496791505346 6.8924664952992885 5.356427550560042 6.066085722687646 7.6337872267660885 6.218927166322615 
67.00248669206678 66.48569644526187 4.632496791505346 6.8924664952992885 5.356427550560042 6.066085722687646 7.6337872267660885 6.660627444182978 
68.00248669206678 5.406132667916054 4.632496791505346 6.8924664952992885 5.356427550560042 6.066085722687646 7.6337872267660885 6.959914202940993 
69.00248669206678 5.406132667916054 5.176852777977274 6.8924664952992885 5.356427550560042 6.066085722687646 7.6337872267660885 6.959914202940993 
70.00248669206678 5.406132667916054 5.176852777977274 6.8924664952992885 5.356427550560042 6.066085722687646 7.6337872267660885 6.959914202940993 
71.00248669206678 5.406132667916054 5.176852777977274 6.8924664952992885 5.356427550560042 6.066085722687646 7.6337872267660885 6.959914202940993 
72.00248669206678 5.406132667916054 5.176852777977274 6.8924664952992885 5.356427550560042 6.066085722687646 7.6337872267660885 6.959914202940993 
73.00248669206678 5.406132667916054 5.176852777977274 6.8924664952992885 5.356427550560042 6.066085722687646 8.340238199374966 6.959914202940993 
74.00248669206678 73.46445950150114 5.176852777977274 6.8924664952992885 5.356427550560042 6.066085722687646 8.340238199374966 6.959914202940993 
75.00248669206678 6.655133410813207 5.176852777977274 6.8924664952992885 5.356427550560042 6.066085722687646 8.340238199374966 6.959914202940993 
76.00248669206678 6.655133410813207 5.176852777977274 6.8924664952992885 5.356427550560042 6.066085722687646 8.340238199374966 6.959914202940993 
77.00248669206678 6.655133410813207 5.176852777977274 6.8924664952992885 5.356427550560042 6.066085722687646 8.340238199374966 6.959914202940993 
78.00248669206678 6.655133410813207 5.176852777977274 6.8924664952992885 5.356427550560042 6.066085722687646 8.340238199374966 6.959914202940993 
79.00248669206678 6.655133410813207 5.176852777977274 6.8924664952992885 5.356427550560042 6.066085722687646 8.340238199374966 6.959914202940993 
#####################################################################
# End of data export. Simulation finished at: 2020-03-21T19:57+0000 #
#####################################################################
