#####################################################################
# Alchemist log file - simulation started at: 2020-03-22T06:43+0000 #
#####################################################################
# seed = 54.0, diameter = 200
#
# The columns have the following meaning: 
# time error-central[Sum] error-extreme[Sum] error-random[Sum] error-pageRank[Sum] error-harmonic[Sum] error-closeness[Sum] error-degree[Sum] 
0.0 NaN NaN NaN NaN NaN NaN NaN 
1.0001322938704391 0.0 0.0 0.0 0.0 0.0 0.0 0.0 
2.000132293870439 74.7495397072147 74.54056046346297 81.73738910104201 70.33090633457275 244.4896725603962 63.48742833546794 99.38130220298889 
3.000132293870439 36.32506139362031 39.11603362993158 42.465190633418416 59.805748909133534 291.08044394237396 37.021948148708056 71.55753598772732 
4.000132293870439 32.86179405986627 37.200170029880965 32.7559584505837 31.295421350995113 268.83563153786116 29.814555940571026 31.833923975987368 
5.000132293870439 32.98821686544746 33.70133963182411 32.14292195605849 21.267037798883507 195.2313255503458 28.802083825240018 41.38303301244508 
6.000132293870439 27.240282845418218 28.136950607288863 21.169431553506175 16.593105971941924 139.23613641017846 21.30781466114801 20.556758670012314 
7.000132293870439 26.531084384893443 25.542972847136223 28.705884828644376 23.702665092477865 158.53356860656228 17.167920575258236 19.907884806947926 
8.00013229387044 14.365407754600067 15.567669545236374 20.08303532422742 20.378526913113383 147.16070066227567 18.63328680117547 14.793127157916663 
9.00013229387044 22.102176599734946 25.368587906017574 28.280441043085865 16.407355178305224 95.81828753962199 22.002531318785113 19.296978959882658 
10.00013229387044 19.816674207836837 15.65920291992146 19.26844421179583 12.570715908488044 83.06468586262923 29.654637022262822 19.32513778353406 
11.00013229387044 29.056877666679064 23.938446676410692 27.98176003854155 29.079865462096528 87.00094960132355 24.223569186241555 15.34801406671351 
12.00013229387044 16.54319685527736 10.375017112287447 21.402578436686923 19.619891908946897 61.28736428426752 13.009596404287715 14.728846389788606 
13.00013229387044 12.426582313192728 11.026686591295359 11.753682513544996 20.25695577722348 63.5866392501779 12.376537551535755 12.69969513418698 
14.00013229387044 13.944861732232505 11.675435642991227 12.183254639388963 22.04726359962276 25.02009051069855 33.279228248970306 10.468747958418914 
15.00013229387044 14.02386347577902 11.675435642991227 23.78033525253695 20.801279031607947 39.7650931361382 20.842205027908037 20.341735001773436 
16.00013229387044 25.766276360460672 11.675435642991227 13.495899115633303 21.9286936425208 44.91311234614945 24.321679511279214 12.080021018850553 
17.00013229387044 14.984353799665714 12.282641283186573 13.573663484436103 10.946824220224785 18.022406553484775 25.575280390956614 36.50984241833463 
18.00013229387044 27.296700017118756 12.282641283186575 13.869634464764015 38.341996553028274 13.206870359842213 22.920157991598582 12.580818788478227 
19.00013229387044 14.984353799665715 12.282641283186575 14.408046791935398 12.220547923095674 20.436439363551703 10.206830479177551 13.247826887577395 
20.00013229387044 45.41778417947004 27.79292919990684 13.82064028225054 26.761549390190133 20.938941896642024 10.206830479177551 26.719957506713566 
21.00013229387044 16.52867667987868 13.151822617998786 13.82064028225054 11.70913954380595 13.677064075884893 9.33764914436534 10.451056069266532 
22.00013229387044 16.52867667987868 32.25996672893521 10.476215672459304 13.004898277263603 10.531362159389175 11.545369007170816 28.476932365188745 
23.00013229387044 16.52867667987868 13.30685154350553 10.476215672459304 8.941620861804736 10.531362159389175 11.206830479177551 29.7500543455303 
24.00013229387044 12.359832174146746 13.606308344691463 11.331187972417638 8.941620861804736 6.722432093634946 11.206830479177551 31.028972809073284 
25.00013229387044 12.359832174146746 15.206233941434924 11.331187972417638 8.941620861804736 6.4775511906307095 11.206830479177551 12.898942183173993 
26.00013229387044 13.21480447410508 14.452837754811455 11.331187972417638 11.078434135210387 6.4775511906307095 11.206830479177551 33.03234232263723 
27.00013229387044 8.044909813479798 11.728863920992726 11.908003443459684 11.078434135210387 6.4775511906307095 11.206830479177551 13.247119696619226 
28.00013229387044 8.044909813479798 11.728863920992726 12.34987986558231 10.903492916879081 6.4775511906307095 11.206830479177551 34.65085918973116 
29.00013229387044 8.044909813479798 11.889281877383088 36.11781216018319 12.078434135210387 6.4775511906307095 8.328742412635322 13.247119696619226 
30.00013229387044 8.044909813479798 11.889281877383088 16.346141773568903 12.078434135210387 6.4775511906307095 8.328742412635322 13.247119696619226 
31.00013229387044 8.138224049923291 11.937625633999758 16.346141773568903 12.24654980673138 6.4775511906307095 8.328742412635322 13.247119696619226 
32.000132293870436 8.138224049923291 37.96355086318726 16.346141773568903 12.24654980673138 6.4775511906307095 34.075255564523026 39.657586271039115 
33.000132293870436 8.13822404992328 12.21703771129954 67.32660875081899 12.246549806731373 6.477551190630706 8.66728094062858 13.247119696619215 
34.000132293870436 8.138224049923274 12.217037711299533 7.9408747875170675 12.246549806731366 6.477551190630699 8.667280940628572 13.247119696619208 
35.000132293870436 8.138224049923274 12.555576239292797 7.9408747875170675 12.246549806731366 6.67189498291804 8.667280940628572 13.247119696619208 
36.000132293870436 8.138224049923274 12.555576239292797 7.9408747875170675 12.246549806731366 37.927707070503004 8.667280940628572 13.247119696619208 
37.000132293870436 8.138224049923274 13.749707518713972 7.9408747875170675 12.246549806731366 7.400389938799748 8.667280940628572 13.247119696619208 
38.000132293870436 8.138224049923274 12.749707518713976 7.9408747875170675 12.246549806731366 7.400389938799748 8.667280940628572 13.247119696619208 
39.000132293870436 8.138224049923274 12.749707518713976 7.9408747875170675 12.383407301056394 38.43097268487616 8.667280940628572 13.247119696619208 
40.000132293870436 8.138224049923274 13.105138471799108 7.9408747875170675 12.383407301056394 7.4088561938872814 8.667280940628572 13.247119696619208 
41.000132293870436 8.138224049923274 13.105138471799108 7.9408747875170675 46.740108417780384 38.55506531012889 8.992362657128588 13.247119696619208 
42.000132293870436 8.138224049923274 13.105138471799108 7.9408747875170675 12.768457025978194 7.4088561938872814 8.992362657128588 13.247119696619208 
43.000132293870436 8.138224049923274 13.842732980483639 7.9408747875170675 12.768457025978194 7.4088561938872814 8.992362657128588 13.878904422906388 
44.000132293870436 46.27889740294296 13.842732980483639 45.5052536440077 13.004295485187157 7.4088561938872814 8.992362657128588 51.16025487913651 
45.000132293870436 8.462192567045108 13.842732980483639 7.9408747875170675 13.579340415971664 7.4088561938872814 8.992362657128588 7.655407220040189 
46.000132293870436 8.138224049923274 54.15010753060395 7.9408747875170675 13.60944976025506 7.4088561938872814 8.992362657128588 7.655407220040189 
47.000132293870436 8.138224049923274 14.363491113240507 7.9408747875170675 13.852698392470124 7.4088561938872814 8.992362657128588 7.655407220040189 
48.000132293870436 8.138224049923274 14.167814696983655 49.66966691629224 94.68294866216425 7.4088561938872814 8.992362657128588 7.655407220040189 
49.000132293870436 8.462192567045108 14.167814696983655 9.038863933179215 14.608509355252629 7.4088561938872814 8.992362657128588 7.655407220040189 
50.000132293870436 8.462192567045108 14.941944363891828 9.038863933179215 14.608509355252629 8.063115941380495 8.992362657128588 7.655407220040189 
51.000132293870436 8.462192567045108 59.674584515569585 9.038863933179215 15.261401912815572 8.063115941380495 52.47514160254514 7.655407220040189 
52.000132293870436 8.462192567045108 14.941944363891828 9.038863933179215 15.261401912815572 8.063115941380495 8.992362657128588 7.655407220040189 
53.000132293870436 8.462192567045108 14.941944363891828 9.038863933179215 62.887817767468725 8.063115941380495 8.992362657128588 7.655407220040189 
54.000132293870436 8.462192567045108 62.64670658564386 9.038863933179215 15.664758106977644 8.063115941380495 8.992362657128588 7.655407220040189 
55.000132293870436 8.462192567045108 15.898444043721064 9.038863933179215 15.664758106977644 56.67396724301635 8.992362657128588 7.655407220040189 
56.000132293870436 8.462192567045108 15.898444043721064 9.30267611785056 15.664758106977644 8.900096678796949 8.992362657128588 7.655407220040189 
57.000132293870436 8.462192567045108 15.898444043721064 11.734027931794344 15.664758106977644 8.900096678796949 8.992362657128588 7.655407220040189 
58.000132293870436 8.462192567045108 15.898444043721064 11.734027931794344 15.664758106977644 8.900096678796949 8.992362657128588 7.655407220040189 
59.000132293870436 8.462192567045108 15.898444043721064 10.93706028423182 8.3973982586554 8.900096678796949 8.992362657128588 7.655407220040189 
60.000132293870436 8.462192567045108 15.898444043721064 10.93706028423182 8.3973982586554 8.900096678796949 9.321968706197822 7.655407220040189 
61.000132293870436 63.19098469582028 10.06597929349585 10.93706028423182 63.63277648444531 8.900096678796949 9.389801399458769 7.655407220040189 
62.000132293870436 10.994857355249373 10.06597929349585 11.473539575721333 8.956767321447046 8.900096678796949 9.389801399458769 7.655407220040189 
63.000132293870436 10.994857355249373 10.06597929349585 11.473539575721333 8.956767321447046 8.900096678796949 9.389801399458769 7.655407220040189 
64.00013229387044 11.848843158700944 10.06597929349585 11.473539575721333 8.956767321447046 8.900096678796949 9.389801399458769 7.655407220040189 
65.00013229387044 67.10263291188467 10.065979293495843 12.327525379172897 8.956767321447046 8.900096678796942 9.389801399458769 7.655407220040182 
66.00013229387044 11.848843158700937 10.065979293495843 12.327525379172904 8.956767321447046 8.900096678796942 9.389801399458776 7.655407220040182 
67.00013229387044 11.848843158700937 10.065979293495843 12.327525379172904 8.956767321447046 8.900096678796942 9.389801399458776 7.655407220040182 
68.00013229387044 11.848843158700937 10.065979293495843 12.327525379172904 8.956767321447046 8.900096678796942 9.389801399458776 7.655407220040182 
69.00013229387044 11.848843158700937 10.065979293495843 12.327525379172904 8.956767321447046 8.900096678796942 9.413511095080494 7.655407220040182 
70.00013229387044 11.848843158700937 10.065979293495843 12.867791611556456 8.956767321447046 8.900096678796942 72.13078637287097 7.655407220040175 
71.00013229387044 73.32777936988478 10.065979293495843 72.78402828623683 8.956767321447046 8.900096678796942 10.284248922462425 7.655407220040175 
72.00013229387044 11.848843158700937 10.065979293495843 12.867791611556456 8.956767321447046 8.900096678796942 10.284248922462425 7.655407220040175 
73.00013229387044 11.848843158700937 10.065979293495843 12.867791611556456 75.84308978491245 8.900096678796942 10.284248922462425 7.655407220040175 
74.00013229387044 11.84884315870093 10.065979293495843 12.867791611556456 9.526325920545048 8.900096678796942 10.284248922462425 8.006212517039287 
75.00013229387044 11.84884315870093 10.065979293495843 12.867791611556456 9.526325920545048 8.900096678796942 10.284248922462425 8.006212517039287 
76.00013229387044 11.84884315870093 10.345175559408432 12.867791611556456 9.892609977336349 8.900096678796942 9.413511095080494 8.006212517039287 
77.00013229387044 11.84884315870093 10.345175559408432 12.867791611556456 9.892609977336349 8.900096678796942 9.413511095080494 8.006212517039287 
78.00013229387044 11.84884315870093 10.345175559408432 12.867791611556456 9.892609977336349 8.900096678796942 9.413511095080494 79.78753371171763 
79.00013229387044 11.84884315870093 10.345175559408432 12.867791611556456 9.956767321447046 8.900096678796942 9.413511095080494 8.006212517039287 
80.00013229387044 11.84884315870093 10.345175559408432 12.867791611556456 9.956767321447046 8.900096678796942 9.413511095080494 8.006212517039287 
81.00013229387044 11.84884315870093 10.345175559408432 12.867791611556456 9.956767321447046 8.900096678796942 9.413511095080494 8.006212517039287 
82.00013229387044 12.389109391084489 11.415831084258727 12.867791611556456 9.956767321447046 8.900096678796942 9.413511095080494 8.006212517039287 
83.00013229387044 12.389109391084489 11.415831084258727 12.867791611556456 10.016036615132123 8.900096678796942 9.413511095080494 8.006212517039287 
84.00013229387044 12.389109391084489 11.415831084258727 12.867791611556456 10.016036615132123 8.900096678796942 9.413511095080494 8.006212517039287 
85.00013229387044 12.389109391084489 12.102060654236112 12.867791611556456 10.016036615132123 8.900096678796942 9.413511095080494 8.684148121739511 
86.00013229387044 12.389109391084489 12.102060654236112 12.867791611556456 10.016036615132123 8.900096678796942 9.413511095080494 8.684148121739511 
87.00013229387044 12.389109391084489 12.102060654236112 12.867791611556456 10.306497148428818 8.900096678796942 9.413511095080494 8.684148121739511 
88.00013229387044 12.389109391084489 12.102060654236112 12.867791611556456 10.306497148428818 8.900096678796942 9.413511095080494 8.684148121739511 
89.00013229387044 12.389109391084489 12.102060654236112 12.867791611556456 10.306497148428818 8.900096678796942 9.413511095080494 8.684148121739511 
90.00013229387044 12.389109391084489 12.102060654236112 12.867791611556456 10.306497148428818 8.900096678796942 9.413511095080494 8.684148121739511 
91.00013229387044 12.389109391084489 12.102060654236112 13.00905369323192 10.306497148428818 8.900096678796942 9.413511095080494 8.684148121739511 
92.00013229387044 12.389109391084489 12.102060654236112 13.00905369323192 10.306497148428818 8.900096678796942 10.079828540940483 8.684148121739511 
93.00013229387044 12.389109391084489 12.102060654236112 13.00905369323192 10.306497148428818 8.900096678796942 10.079828540940483 8.684148121739511 
94.00013229387044 12.389109391084489 12.102060654236112 13.21786685584172 10.306497148428818 8.900096678796942 10.079828540940483 8.684148121739511 
95.00013229387044 12.389109391084489 12.102060654236112 96.54092417076136 10.306497148428818 8.900096678796942 10.079828540940483 8.006212517039287 
96.00013229387044 12.389109391084489 12.102060654236112 13.21786685584172 10.306497148428818 8.900096678796942 10.079828540940483 8.006212517039287 
97.00013229387044 12.389109391084489 12.102060654236112 13.21786685584172 10.306497148428818 8.900096678796942 10.079828540940483 8.006212517039287 
98.00013229387044 12.389109391084489 12.102060654236112 13.21786685584172 10.306497148428818 8.900096678796942 10.079828540940483 8.006212517039287 
99.00013229387044 12.389109391084489 12.102060654236112 13.89386185014159 10.306497148428818 8.900096678796942 10.079828540940483 8.006212517039287 
100.00013229387044 102.29810896816183 12.102060654236112 13.89386185014159 10.306497148428818 8.900096678796942 10.079828540940483 8.006212517039287 
101.00013229387044 12.582602413215113 12.102060654236112 13.89386185014159 10.306497148428818 8.900096678796942 10.079828540940483 8.006212517039287 
102.00013229387044 12.739184635369753 12.102060654236112 13.89386185014159 10.306497148428818 8.900096678796942 10.079828540940483 8.859318224873519 
103.00013229387044 105.06224195028939 12.102060654236112 13.89386185014159 10.306497148428818 8.900096678796942 10.079828540940483 8.859318224873519 
104.00013229387044 12.739184635369753 12.102060654236112 13.89386185014159 10.306497148428818 8.900096678796942 10.079828540940483 8.859318224873519 
105.00013229387044 12.739184635369753 12.102060654236112 13.89386185014159 10.306497148428818 8.900096678796942 10.079828540940483 8.859318224873519 
106.00013229387044 12.739184635369753 12.102060654236112 13.89386185014159 10.306497148428818 8.900096678796942 10.079828540940483 8.859318224873519 
107.00013229387044 12.739184635369753 12.102060654236112 13.89386185014159 10.306497148428818 8.900096678796942 10.355736732006378 8.859318224873519 
108.00013229387044 13.415179629669623 12.102060654236112 13.981204580424986 10.306497148428818 8.900096678796942 10.355736732006378 8.859318224873519 
109.00013229387044 13.415179629669623 12.102060654236112 13.981204580424986 10.306497148428818 8.900096678796942 10.355736732006378 8.859318224873519 
110.00013229387044 13.415179629669623 12.102060654236112 13.981204580424986 10.306497148428818 8.900096678796942 10.355736732006378 8.859318224873519 
111.00013229387044 13.415179629669623 13.032087498305316 13.981204580424986 10.306497148428818 8.900096678796942 10.355736732006378 8.859318224873519 
112.00013229387044 13.415179629669623 13.032087498305316 13.981204580424986 10.306497148428818 8.900096678796942 10.355736732006378 9.12834596668624 
113.00013229387044 13.415179629669623 13.032087498305316 13.981204580424986 10.306497148428818 9.016914790110746 10.355736732006378 9.12834596668624 
114.00013229387044 13.415179629669623 13.032087498305316 13.981204580424986 10.306497148428818 9.016914790110746 10.355736732006378 9.12834596668624 
115.00013229387044 13.415179629669623 13.68493972892621 13.981204580424986 10.306497148428818 9.016914790110746 10.355736732006378 9.12834596668624 
116.00013229387044 13.50252235995302 13.68493972892621 117.7767911886338 10.306497148428818 9.467955890553796 10.355736732006378 9.12834596668624 
117.00013229387044 13.50252235995302 13.68493972892621 14.186905847173094 10.306497148428818 9.856320983080138 10.355736732006378 9.12834596668624 
118.00013229387044 13.50252235995302 13.68493972892621 14.186905847173094 10.306497148428818 9.856320983080138 10.355736732006378 9.12834596668624 
119.00013229387044 13.50252235995302 13.68493972892621 14.186905847173094 10.306497148428818 9.856320983080138 10.355736732006378 9.12834596668624 
120.00013229387044 13.50252235995302 13.68493972892621 14.186905847173094 10.306497148428818 9.856320983080138 10.355736732006378 9.706762465070383 
121.00013229387044 13.50252235995302 13.68493972892621 14.186905847173094 123.738739800646 9.856320983080138 10.355736732006378 9.706762465070383 
122.00013229387044 13.50252235995302 13.68493972892621 14.186905847173094 13.207567477048386 9.856320983080138 10.355736732006378 9.706762465070383 
123.00013229387044 13.50252235995302 13.68493972892621 14.186905847173094 13.207567477048386 9.856320983080138 10.355736732006378 9.706762465070383 
124.00013229387044 13.708223626701127 13.68493972892621 14.186905847173094 13.207567477048386 9.856320983080138 10.355736732006378 10.744842334540365 
125.00013229387044 13.708223626701127 13.68493972892621 14.186905847173094 13.207567477048386 9.856320983080138 10.355736732006378 10.744842334540365 
126.00013229387044 13.708223626701127 13.68493972892621 14.186905847173094 13.207567477048386 9.856320983080138 10.355736732006378 10.744842334540365 
127.00013229387044 13.708223626701127 13.68493972892621 14.186905847173094 13.207567477048386 9.856320983080138 10.355736732006378 10.744842334540365 
128.00013229387042 13.708223626701127 13.68493972892621 14.186905847173094 13.207567477048386 9.856320983080138 10.355736732006378 10.744842334540365 
129.00013229387042 13.796418784789452 13.684939728926182 14.186905847173094 13.207567477048357 9.85632098308011 10.355736732006363 10.744842334540351 
130.00013229387042 13.796418784789452 13.684939728926182 14.186905847173094 13.207567477048357 9.85632098308011 10.355736732006363 10.744842334540351 
131.00013229387042 13.796418784789452 13.684939728926182 14.186905847173094 13.207567477048357 9.85632098308011 10.355736732006363 10.744842334540351 
132.00013229387042 13.796418784789452 13.684939728926182 14.602170042245461 13.207567477048357 9.85632098308011 10.355736732006363 10.744842334540351 
133.00013229387042 13.796418784789452 13.684939728926182 14.602170042245461 13.207567477048357 9.85632098308011 10.355736732006363 10.744842334540351 
134.00013229387042 13.796418784789452 13.684939728926182 15.03491137979968 13.207567477048357 9.85632098308011 10.67807627346292 10.744842334540351 
135.00013229387042 13.796418784789452 13.684939728926182 15.03491137979968 13.207567477048357 10.540912934382902 10.67807627346292 10.744842334540351 
136.00013229387042 13.796418784789452 13.684939728926182 15.03491137979968 13.207567477048357 10.540912934382902 10.67807627346292 10.744842334540351 
137.00013229387042 13.796418784789452 13.684939728926182 15.03491137979968 13.207567477048357 10.540912934382902 10.67807627346292 10.744842334540351 
138.00013229387042 13.796418784789452 13.684939728926182 15.050979912842351 13.207567477048357 10.540912934382902 10.67807627346292 10.744842334540351 
139.00013229387042 13.796418784789452 13.684939728926167 15.050979912842351 13.207567477048372 10.540912934382902 10.67807627346292 10.744842334540351 
140.00013229387042 14.123487821773466 13.684939728926167 15.050979912842351 13.207567477048372 10.540912934382902 10.67807627346292 10.744842334540351 
141.00013229387042 14.123487821773466 13.684939728926167 15.050979912842351 13.207567477048372 10.540912934382902 10.67807627346292 10.744842334540351 
142.00013229387042 14.5562291593277 13.684939728926167 15.050979912842337 13.207567477048372 10.540912934382902 10.67807627346292 10.744842334540351 
143.00013229387042 14.5562291593277 13.684939728926167 15.050979912842337 13.207567477048372 10.540912934382902 10.67807627346292 10.744842334540351 
144.00013229387042 14.5562291593277 13.684939728926167 15.117972108719243 13.207567477048372 10.540912934382902 10.67807627346292 10.744842334540351 
145.00013229387042 14.5562291593277 13.684939728926167 15.117972108719243 13.207567477048372 10.540912934382902 10.67807627346292 10.744842334540351 
146.00013229387042 14.572297692370341 13.684939728926167 15.117972108719243 13.207567477048372 10.540912934382902 10.67807627346292 10.744842334540351 
147.00013229387042 14.572297692370341 13.684939728926167 15.117972108719243 13.391802562324244 10.540912934382902 10.67807627346292 10.744842334540351 
148.00013229387042 14.572297692370341 13.684939728926167 15.117972108719243 13.391802562324244 10.540912934382902 10.67807627346292 10.744842334540351 
149.00013229387042 14.572297692370341 13.684939728926167 15.117972108719243 13.391802562324244 10.540912934382902 10.67807627346292 10.744842334540351 
150.00013229387042 14.572297692370341 13.684939728926167 15.117972108719243 13.391802562324244 10.540912934382902 10.67807627346292 10.744842334540351 
151.00013229387042 14.572297692370341 13.684939728926167 15.117972108719243 13.622671000348134 10.540912934382902 10.67807627346292 152.6451474370093 
152.00013229387042 14.639289888247248 13.684939728926167 15.117972108719243 13.622671000348134 10.540912934382902 10.67807627346292 10.744842334540351 
153.00013229387042 14.639289888247248 13.684939728926167 15.117972108719243 13.622671000348134 10.540912934382902 10.67807627346292 154.80079714981292 
154.00013229387042 14.639289888247248 13.684939728926167 15.117972108719243 13.622671000348134 10.540912934382902 10.67807627346292 10.744842334540351 
155.00013229387042 14.639289888247248 13.684939728926167 15.117972108719243 13.622671000348134 10.540912934382902 10.67807627346292 10.744842334540351 
156.00013229387042 14.639289888247248 13.684939728926167 15.117972108719243 13.622671000348134 10.540912934382902 10.67807627346292 10.744842334540351 
157.00013229387042 14.639289888247248 13.684939728926167 15.117972108719243 13.622671000348134 10.540912934382902 10.67807627346292 10.744842334540351 
158.00013229387042 14.639289888247248 13.684939728926167 15.117972108719243 13.622671000348134 10.540912934382902 10.67807627346292 10.744842334540351 
#####################################################################
# End of data export. Simulation finished at: 2020-03-22T08:23+0000 #
#####################################################################
