#####################################################################
# Alchemist log file - simulation started at: 2020-03-22T14:38+0000 #
#####################################################################
# seed = 77.0, diameter = 15
#
# The columns have the following meaning: 
# time error-central[Sum] error-extreme[Sum] error-random[Sum] error-pageRank[Sum] error-harmonic[Sum] error-closeness[Sum] error-degree[Sum] 
0.0 NaN NaN NaN NaN NaN NaN NaN 
1.0091834247127867 0.0 0.0 0.0 0.0 0.0 0.9543159157248153 0.0 
2.009183424712787 3.0486946686217147 6.124360734840028 6.993048346929022 5.941865329824461 9.785487454250022 6.07376443394012 8.852657383444054 
3.009183424712787 2.7895149543250906 1.7773092754656663 4.454878997217609 4.13252539444996 15.198009991563104 4.00911991755385 9.4757331411728 
4.009183424712787 5.074096765137247 0.7968396789676353 2.8536966458438884 2.6865696192491972 15.286397929396857 5.615368776147424 2.906301939963887 
5.009183424712787 1.603589823605072 0.84252376324282 4.590611876170427 2.693713973427263 9.312369150944697 5.525906108664545 1.4182529287062295 
6.009183424712787 1.603589823605072 0.84252376324282 2.9314423812144232 1.6413987772906662 7.200044225960954 1.6256363227485644 1.4182529287062295 
7.009183424712787 2.5693951383062688 6.265458716380811 2.3566404718343392 3.7347025292738523 3.3688470130404466 2.2903274126331152 1.997861008555362 
8.009183424712788 2.5693951383062688 2.4076044328018673 2.3566404718343392 1.555553797138809 7.599114579331023 7.031525873236749 1.997861008555362 
9.009183424712788 2.0784958629972925 2.1647781940973863 1.5888960245745416 1.9499652712146753 6.072179531937551 8.039795543023699 1.997861008555363 
10.009183424712788 2.3729529262750706 2.1647781940973863 1.5888960245745416 1.9499652712146753 9.00321836471364 3.0117850940735407 1.997861008555363 
11.009183424712788 2.3729529262750706 2.42433111703901 1.5888960245745416 1.9499652712146762 2.605523162449149 3.0397955430236987 9.725064145993432 
12.009183424712788 2.9401265072299907 2.42433111703901 11.721165925274672 1.9499652712146762 2.605523162449149 3.0397955430236987 2.7148791459308157 
13.009183424712788 2.435922919639026 2.42433111703901 1.721165925274672 1.9499652712146762 3.340064446068336 3.253459664016667 2.7148791459308157 
14.009183424712788 2.5424313049655005 2.42433111703901 13.705585204332321 1.968399751839769 3.340064446068336 3.253459664016667 2.7148791459308157 
15.009183424712788 13.98563928093936 2.42433111703901 2.762530022322524 1.968399751839769 3.340064446068336 3.253459664016667 2.7148791459308157 
16.009183424712788 2.8681181597617744 2.7084662111235858 2.762530022322524 2.813865006354833 3.340064446068336 3.253459664016667 2.7148791459308157 
17.009183424712788 2.8681181597617744 2.7084662111235858 2.7625300223225224 2.813865006354833 3.340064446068336 3.253459664016667 15.804544397095842 
18.009183424712788 3.0487984204499377 17.598021064203184 2.7625300223225224 2.813865006354833 3.340064446068336 3.253459664016667 16.236375700174836 
19.009183424712788 3.0487984204499377 3.0963886125701396 2.7625300223225224 2.813865006354833 3.340064446068336 3.253459664016667 3.393851936932016 
20.009183424712788 3.0487984204499377 3.0963886125701414 19.64332335232363 2.8138650063548347 3.340064446068336 3.253459664016667 18.171918146152098 
21.009183424712788 19.99959816466949 2.739494092590025 4.98446381310244 2.8138650063548347 3.340064446068336 16.97237767215815 4.393851936932016 
22.009183424712788 3.848918801941771 3.036867748616448 4.98446381310244 2.8138650063548347 20.249944204829255 3.433530333784372 4.393851936932016 
23.009183424712788 3.848918801941771 3.036867748616448 4.98446381310244 2.8138650063548347 3.4571251005617825 3.433530333784372 4.393851936932016 
24.009183424712788 3.403406599515499 3.036867748616448 4.98446381310244 2.8138650063548347 22.076766558240564 3.433530333784372 4.393851936932016 
25.009183424712788 23.9849756610184 3.036867748616448 4.98446381310244 3.0549655183466875 3.750756906232162 3.433530333784372 4.393851936932016 
26.009183424712788 3.446478388542328 3.036867748616448 4.98446381310244 3.0549655183466875 3.750756906232162 24.87875584327946 4.393851936932016 
27.009183424712788 3.446478388542328 3.387025628621384 4.98446381310244 3.0549655183466875 3.4571251005617825 4.370520318510113 4.393851936932016 
28.009183424712788 3.841889549970656 3.659935553931664 4.98446381310244 3.0549655183466875 3.4571251005617825 4.370520318510113 4.393851936932016 
29.009183424712788 3.841889549970656 3.659935553931664 4.98446381310244 3.0549655183466875 3.4571251005617825 4.370520318510113 4.393851936932016 
30.009183424712788 3.841889549970656 3.659935553931664 4.98446381310244 3.0549655183466875 3.4571251005617825 4.370520318510113 4.393851936932016 
31.009183424712788 4.513826645688283 30.708466211123586 4.98446381310244 3.0549655183466875 3.4571251005617825 4.370520318510113 4.393851936932016 
32.00918342471279 4.513826645688283 4.331407307255642 28.92444528669043 3.089871703302844 3.4571251005617825 4.370520318510113 30.303731695692935 
33.00918342471279 4.51382664568828 32.501833553808 4.98446381310244 3.0898717033028475 3.4571251005617825 4.37052031851011 4.393851936932013 
34.00918342471279 4.51382664568828 4.736702112172232 4.98446381310244 3.0898717033028475 3.4571251005617825 4.37052031851011 4.393851936932013 
35.00918342471279 4.51382664568828 4.736702112172232 4.98446381310244 3.0898717033028475 3.4571251005617825 4.37052031851011 4.393851936932013 
36.00918342471279 34.956834140431056 4.736702112172232 35.486297366910435 3.0898717033028475 3.4571251005617825 4.37052031851011 4.393851936932013 
37.00918342471279 5.2483679293074665 4.736702112172232 4.98446381310244 3.0898717033028475 3.4571251005617825 4.37052031851011 4.393851936932013 
38.00918342471279 5.2483679293074665 4.736702112172232 4.984463813102437 3.0898717033028475 3.4571251005617825 4.37052031851011 4.393851936932009 
39.00918342471279 5.248367929307463 4.736702112172232 4.984463813102437 3.0898717033028475 3.4571251005617825 4.37052031851011 37.33383341052 
40.00918342471279 5.248367929307463 4.625296179262797 4.984463813102437 3.0898717033028475 3.4571251005617825 4.37052031851011 5.131123288563899 
41.00918342471279 5.248367929307463 4.625296179262797 4.984463813102437 3.224454228332526 3.4571251005617825 4.37052031851011 5.131123288563899 
42.00918342471279 5.248367929307463 4.625296179262797 4.984463813102437 3.224454228332526 3.4571251005617825 5.340676541947097 5.131123288563899 
43.00918342471279 5.248367929307463 4.625296179262797 4.984463813102437 3.224454228332526 3.4571251005617825 139.8543532504063 5.131123288563899 
44.00918342471279 5.248367929307463 4.625296179262797 4.984463813102437 12.93217620641451 3.4571251005617825 19.756413303239825 5.131123288563899 
45.00918342471279 5.248367929307463 4.625296179262797 4.984463813102437 20.74887503107913 3.4571251005617825 8.56737510507618 5.131123288563899 
46.00918342471279 5.248367929307463 4.736702112172232 4.984463813102437 59.57258066999683 3.4571251005617825 4.870719304031915 5.131123288563899 
47.00918342471279 5.248367929307463 5.140504382268389 4.984463813102437 46.668010278607625 3.4571251005617825 2.828979954836086 5.131123288563899 
48.00918342471279 5.248367929307463 5.140504382268389 4.984463813102437 2.1935663999669117 3.4571251005617825 2.828979954836086 5.131123288563899 
49.00918342471279 5.248367929307463 5.140504382268389 4.984463813102437 3.997861008555361 3.4571251005617825 2.828979954836086 5.131123288563899 
50.00918342471279 5.248367929307463 5.140504382268389 4.984463813102437 1.9978610085553612 3.4571251005617825 2.828979954836086 5.131123288563899 
51.00918342471279 5.248367929307463 5.140504382268389 4.984463813102437 1.9978610085553612 3.4571251005617825 2.828979954836086 5.131123288563899 
52.00918342471279 5.248367929307463 5.140504382268389 4.984463813102437 10.393851936932009 3.4571251005617825 2.828979954836086 5.131123288563899 
53.00918342471279 5.248367929307463 5.140504382268389 4.984463813102437 3.1333460295220377 3.4571251005617825 2.828979954836086 5.131123288563899 
54.00918342471279 5.248367929307463 5.140504382268389 4.984463813102437 5.659310653312829 3.4571251005617825 2.828979954836086 5.131123288563899 
55.00918342471279 5.248367929307463 5.140504382268389 4.984463813102437 3.1333460295220377 3.4571251005617825 2.828979954836086 5.131123288563899 
56.00918342471279 5.248367929307463 5.140504382268389 4.984463813102437 54.955853977550504 3.4571251005617825 2.828979954836086 5.131123288563899 
57.00918342471279 55.90183060261033 5.140504382268389 4.984463813102437 4.1052951152581585 3.4571251005617825 2.828979954836086 5.131123288563899 
58.00918342471279 5.248367929307463 5.140504382268389 4.984463813102437 3.490240549502154 3.4571251005617825 2.828979954836086 5.3008452023178165 
59.00918342471279 5.248367929307463 5.140504382268389 4.984463813102437 3.490240549502154 3.4571251005617825 2.828979954836086 5.3008452023178165 
60.00918342471279 5.248367929307463 5.140504382268389 4.984463813102437 58.96237375036877 3.4571251005617825 2.828979954836086 5.3008452023178165 
61.00918342471279 5.248367929307463 5.140504382268389 4.984463813102437 4.0320105258016525 4.24705771145414 2.828979954836086 5.3008452023178165 
62.00918342471279 5.750201483115461 5.140504382268389 4.984463813102437 4.0320105258016525 4.24705771145414 2.828979954836086 5.3008452023178165 
63.00918342471279 5.750201483115461 5.140504382268389 4.984463813102437 4.393851936932009 4.24705771145414 20.491350655311884 5.3008452023178165 
64.00918342471279 62.90722746852866 5.140504382268389 4.984463813102437 4.393851936932009 4.24705771145414 2.828979954836086 5.749073831229616 
65.00918342471279 6.365428583800913 5.140504382268389 4.984463813102437 4.393851936932009 4.247057711454147 2.828979954836086 5.749073831229616 
66.00918342471279 6.158247688068386 5.140504382268389 4.984463813102437 4.393851936932009 4.247057711454147 2.828979954836086 5.749073831229616 
67.00918342471279 6.158247688068386 5.140504382268389 4.984463813102437 16.51091259142546 4.247057711454147 2.828979954836086 5.749073831229616 
68.00918342471279 6.158247688068386 5.140504382268389 4.984463813102437 4.393851936932009 4.247057711454147 2.828979954836086 5.749073831229616 
69.00918342471279 6.158247688068386 5.140504382268389 4.984463813102437 4.393851936932009 4.247057711454147 2.828979954836086 5.749073831229616 
70.00918342471279 6.158247688068386 5.140504382268389 5.339685707400051 4.976588543078975 4.247057711454147 2.828979954836086 5.749073831229616 
71.00918342471279 6.158247688068386 5.140504382268389 5.339685707400051 4.976588543078975 4.247057711454147 2.828979954836086 5.749073831229623 
72.00918342471279 6.158247688068386 5.140504382268389 5.339685707400051 4.976588543078975 4.247057711454147 2.828979954836086 5.749073831229623 
73.00918342471279 6.158247688068386 5.140504382268389 5.339685707400051 4.976588543078975 4.247057711454147 2.828979954836086 5.749073831229623 
74.00918342471279 6.158247688068386 5.140504382268389 5.339685707400051 4.976588543078975 4.247057711454147 2.828979954836086 5.749073831229623 
75.00918342471279 6.158247688068386 5.140504382268389 5.339685707400051 4.976588543078975 4.247057711454147 2.828979954836086 5.749073831229623 
76.00918342471279 6.158247688068386 5.140504382268389 5.339685707400051 4.976588543078975 4.247057711454147 2.828979954836086 74.98737355759519 
77.00918342471279 6.158247688068386 5.140504382268389 5.339685707400051 4.976588543078975 4.247057711454147 2.828979954836086 6.162332030354591 
78.00918342471279 6.158247688068386 5.140504382268389 5.339685707400051 4.976588543078975 4.6952863403659535 2.9345586312857392 6.162332030354591 
79.00918342471279 6.158247688068386 5.140504382268389 5.339685707400051 4.976588543078975 75.67658549082178 2.9345586312857392 6.162332030354591 
80.00918342471279 6.158247688068386 5.140504382268389 5.339685707400051 4.976588543078975 5.1085445394909215 2.9345586312857392 6.162332030354591 
81.00918342471279 6.158247688068386 5.1800706697677015 5.339685707400051 4.976588543078975 5.1085445394909215 2.9345586312857392 6.162332030354591 
82.00918342471279 6.158247688068386 5.1800706697677015 5.509778561512206 4.976588543078975 5.1085445394909215 2.9345586312857392 6.162332030354591 
83.00918342471279 6.158247688068386 5.1800706697677015 5.509778561512206 4.976588543078975 5.1085445394909215 2.9345586312857392 6.162332030354591 
84.00918342471279 6.158247688068386 5.1800706697677015 5.509778561512206 4.976588543078975 5.1085445394909215 2.9345586312857392 6.162332030354591 
85.00918342471279 6.158247688068386 5.1800706697677015 5.509778561512206 4.976588543078975 5.1085445394909215 2.9345586312857392 6.162332030354591 
86.00918342471279 6.158247688068386 5.1800706697677015 85.68332078221225 4.976588543078975 5.1085445394909215 2.9345586312857392 6.162332030354591 
87.00918342471279 6.158247688068386 5.1800706697677015 5.752943906525019 4.976588543078975 5.1085445394909215 2.9345586312857392 6.162332030354591 
88.00918342471279 6.158247688068386 5.1800706697677015 5.752943906525019 4.976588543078975 5.1085445394909215 2.9345586312857392 6.084596809896098 
89.00918342471279 6.158247688068386 5.1800706697677015 5.752943906525019 4.976588543078975 5.1085445394909215 2.9345586312857392 6.084596809896098 
90.00918342471279 6.158247688068386 5.1800706697677015 5.752943906525019 4.976588543078975 5.1085445394909215 2.9345586312857392 6.084596809896098 
91.00918342471279 6.158247688068386 5.181905943994579 5.752943906525019 4.976588543078975 5.030809319032429 2.9345586312857392 6.084596809896098 
92.00918342471279 6.158247688068386 5.718918008141486 5.752943906525019 4.976588543078975 5.030809319032429 3.145367000737494 6.084596809896098 
93.00918342471279 6.158247688068386 5.718918008141486 5.752943906525019 4.976588543078975 5.030809319032429 3.145367000737494 6.084596809896098 
94.00918342471279 6.158247688068386 5.718918008141486 5.752943906525019 4.976588543078975 90.44437390848906 3.145367000737494 6.084596809896098 
95.00918342471279 6.158247688068386 5.718918008141486 5.752943906525019 4.976588543078975 5.030809319032429 3.145367000737494 93.49816139935272 
96.00918342471279 6.158247688068386 5.718918008141486 5.752943906525019 4.976588543078975 5.030809319032429 3.145367000737494 6.223182785874755 
97.00918342471279 6.158247688068386 5.718918008141486 96.61258536075763 4.976588543078975 5.030809319032429 3.145367000737494 6.223182785874755 
98.00918342471279 6.158247688068386 5.718918008141486 5.813794662045183 4.976588543078975 5.030809319032429 3.145367000737494 6.223182785874755 
99.00918342471279 6.158247688068386 5.718918008141486 5.813794662045183 5.3008452023178165 5.030809319032429 3.145367000737494 6.223182785874755 
100.00918342471279 6.158247688068386 5.718918008141486 5.813794662045183 5.3008452023178165 5.030809319032429 3.7800238858008157 6.223182785874755 
101.00918342471279 6.158247688068386 5.718918008141486 5.813794662045183 5.3008452023178165 5.030809319032429 3.7800238858008157 6.8321232911485055 
102.00918342471279 100.9850700414797 5.718918008141486 5.813794662045183 5.3008452023178165 5.030809319032429 3.7800238858008157 6.8321232911485055 
103.00918342471279 6.158247688068386 5.718918008141486 6.422735167318933 5.30410490965933 5.030809319032429 3.7800238858008157 6.8321232911485055 
104.00918342471279 6.158247688068386 5.718918008141486 6.422735167318933 5.30410490965933 5.030809319032429 3.7800238858008157 6.8321232911485055 
105.00918342471279 6.158247688068386 5.718918008141486 6.422735167318933 5.30410490965933 5.030809319032429 4.021124397792661 6.8321232911485055 
106.00918342471279 6.158247688068386 5.718918008141486 6.422735167318933 5.30410490965933 5.030809319032429 4.021124397792661 6.8321232911485055 
107.00918342471279 6.158247688068386 5.718918008141486 6.422735167318933 5.30410490965933 5.030809319032429 4.021124397792661 6.8321232911485055 
108.00918342471279 6.158247688068386 5.718918008141486 6.422735167318933 5.749073831229623 5.030809319032429 4.021124397792661 6.8321232911485055 
109.00918342471279 6.158247688068386 5.718918008141486 6.422735167318933 5.749073831229623 5.030809319032429 4.021124397792661 6.8321232911485055 
110.00918342471279 6.158247688068386 5.718918008141486 6.422735167318933 5.749073831229623 5.030809319032429 4.021124397792661 6.8321232911485055 
111.00918342471279 6.158247688068386 5.718918008141486 6.422735167318933 5.749073831229623 5.030809319032429 4.021124397792661 6.8321232911485055 
#####################################################################
# End of data export. Simulation finished at: 2020-03-22T14:42+0000 #
#####################################################################
