#####################################################################
# Alchemist log file - simulation started at: 2020-03-23T05:55+0000 #
#####################################################################
# seed = 100.0, diameter = 200
#
# The columns have the following meaning: 
# time error-central[Sum] error-extreme[Sum] error-random[Sum] error-pageRank[Sum] error-harmonic[Sum] error-closeness[Sum] error-degree[Sum] 
0.0 NaN NaN NaN NaN NaN NaN NaN 
1.0003034385109446 0.0 0.0 0.0 0.0 0.577335842662055 0.0 0.577335842662055 
2.0003034385109446 29.335608226292667 0.6816935702602298 29.816805017907562 25.823878024693567 71.41999712565317 20.967453073079568 39.55679437165203 
3.0003034385109446 20.985052688408903 2.7032681670908425 22.55648544992243 26.918054180939954 134.6329240331232 20.8976424589006 32.340523632327816 
4.000303438510945 19.23757589192472 1.7215685337090325 21.892752175091832 18.998725023721033 146.45834360554522 23.487232669064852 27.238623770918842 
5.000303438510945 15.114266769703043 1.7215685337090325 18.45060071220263 14.514525472322841 128.38504288327394 20.625564861880854 16.338415157007816 
6.000303438510945 23.151885037520103 1.849079119901904 20.057528961378356 13.782723662664537 74.67661163767718 11.86327254784852 14.952830530232164 
7.000303438510945 23.085166266800165 2.703268167090842 20.002412874752878 12.947466506737321 53.55350394021032 13.173452468369554 16.66169585902555 
8.000303438510944 15.837317995339284 2.7647965803665215 9.550931531895884 16.922654027290367 31.91657920777942 12.053549410453375 21.334882811038504 
9.000303438510944 9.042436907942399 8.709072285837603 15.252687748810796 9.802445799647062 19.861876999062083 13.320157181664637 10.366708963833883 
10.000303438510944 9.419418097353372 3.3666596893934253 12.929300866631948 16.826333648595945 18.829904851770024 16.824427655802037 10.23318379320552 
11.000303438510944 17.718599715119993 3.247269936276891 14.264827803267549 12.633002711714514 14.845371714810346 24.53769515467767 8.248738537504291 
12.000303438510944 7.765518760072962 5.694882664290208 13.320512628184366 13.165151354666456 16.928666785992817 12.558673273978306 8.080234431669716 
13.000303438510944 15.940444130837786 4.520631341533333 29.741489534651684 24.496660472219087 9.61430797610324 30.61887138116262 8.721586427692024 
14.000303438510944 9.548967133112495 4.709072285837603 19.475624055546753 19.693495334534155 10.137602657191005 20.29016649890847 9.26249872692538 
15.000303438510944 10.823536554304393 6.4499487897926695 12.675521838710393 10.88792541769757 7.509274239514442 18.156717191805562 16.713230510545923 
16.000303438510944 15.121755698751194 6.8533348401083565 14.767970270368146 11.463124769395481 9.942437528458246 28.828915222927478 11.984020590327749 
17.000303438510944 12.065126042485906 6.293197065721316 12.2696680800943 13.01670071124537 10.484590520323742 20.850108698308958 11.98402059032775 
18.000303438510944 17.018914784202295 7.777887025029045 13.238441642983538 24.148028769089063 22.17342976646684 21.674863906947223 14.371961702363327 
19.000303438510944 7.650604600859509 7.777887025029045 14.016719504702078 25.289172515830817 14.235681990713461 22.275148050208394 24.790777821972004 
20.000303438510944 19.05849749802103 8.354742057164017 13.929023121568136 25.89289234444268 11.300000099062634 35.68541448832339 16.9997374073629 
21.000303438510944 7.328318448206456 8.777887025029045 21.136584582917838 16.82775818850397 10.95837567585992 15.214112782424216 27.946695205785126 
22.000303438510944 10.201616801431499 8.853334840108356 21.660266663746622 8.904835765289347 16.257403672648813 8.59935566535857 15.65054022227035 
23.000303438510944 9.258993945887315 9.078901811746217 22.56656564035655 8.219124250044025 15.282342323093491 8.59935566535857 17.017140504154376 
24.000303438510944 8.258993945887315 9.704642596450515 8.46057073095016 8.219124250044025 29.955336587164716 9.275480244497402 17.25877575719642 
25.000303438510944 8.17757145230519 10.60495703685175 18.1361361564666 8.277834059833214 14.420471323753041 9.275480244497402 17.752888550585652 
26.000303438510944 8.82396682029918 12.87722086226427 15.96009996962224 8.687362017559682 19.600622902948242 9.275480244497402 18.711424087065858 
27.000303438510944 8.887597831460742 10.800496844153972 9.640554960965499 9.536879572575572 20.550593056968765 9.275480244497402 10.886853060240725 
28.000303438510944 12.364541419916643 11.476876111873597 14.746057968051241 9.57164919394818 18.57790513498142 9.275480244497402 27.505572626364785 
29.000303438510944 10.0058717607163 11.53548851652609 10.17553007207039 9.788206453338027 10.870612964599523 9.762514990742424 12.019815106265845 
30.000303438510944 26.816735802601762 29.671580191737338 10.722686855175219 10.334869485078034 10.870612964599523 9.762514990742424 11.105107108994254 
31.000303438510944 12.281799257216267 12.004540714092496 17.448785210899263 10.641967923512215 10.928079531984181 10.154931001444634 11.105107108994254 
32.00030343851094 10.771470031010082 12.197972517760764 12.976449813118162 12.089292101235827 10.928079531984181 10.470127940503705 11.105107108994254 
33.00030343851094 10.771470031010079 12.19797251776076 11.811594854934413 31.70091585939942 10.928079531984181 32.265366865974514 11.105107108994254 
34.00030343851094 10.771470031010079 12.806997465333335 12.317846423753064 13.089292101235827 11.71164767416041 11.861966242821062 11.226576556220316 
35.00030343851094 10.94402173857642 12.873198052700587 34.561367286955836 13.089292101235827 11.977100220751488 34.22268742232862 12.077840657068876 
36.00030343851094 11.052534684535651 18.786392020302415 13.260885983832178 13.089292101235827 11.71164767416041 12.269540371948672 12.077840657068876 
37.00030343851094 11.292415567393395 13.65934611254114 16.550044801635046 13.906641727567816 11.71164767416041 14.123974305952274 12.854357008986835 
38.00030343851094 11.292415567393395 14.49309074871972 14.306280077879645 13.14643936898895 11.71164767416041 13.914465007483031 32.22982576299025 
39.00030343851094 11.347199194808283 14.586641651372389 14.79212078642097 13.906641727567816 11.71164767416041 13.628523286374957 13.899058279253577 
40.00030343851094 12.220791575897902 15.49309074871972 14.79212078642097 14.103768794855252 36.10473915849742 16.38832473802745 13.745546703361104 
41.00030343851094 13.574998285111818 15.784041898575527 14.79212078642097 15.420521788642361 12.49206289359638 15.38832473802745 14.343223703358689 
42.00030343851094 13.048636720327679 15.888102961439785 14.79212078642097 14.700915859399423 21.80893874946405 21.9667599421377 14.343223703358689 
43.00030343851094 13.894454551778018 16.051487771182067 15.215182918927923 41.71335334285227 14.752925461383295 15.123974305952274 16.394368894575514 
44.00030343851094 13.47083205565184 16.532098479778366 15.398420911618665 15.420521788642361 17.63132100896319 15.529026407296612 15.766280608920585 
45.00030343851094 15.041471313772593 16.55317200336804 15.896752120153177 15.697987403492547 16.30967187614582 16.353971677223093 15.863618815941884 
46.00030343851094 19.89136539011743 17.844454774691656 16.360027066576663 16.650970752026055 15.808938749464051 16.769234396431635 15.863618815941884 
47.00030343851094 14.725770447778363 17.46795520532507 16.708263595148267 20.84007216443925 19.093211996531274 22.42392397831999 46.296366337460846 
48.00030343851094 46.99475693021002 18.26076744206744 16.708263595148267 16.813205547440027 14.752925461383299 19.42392397831999 17.380223145914115 
49.00030343851094 17.89136539011743 18.561144327207458 16.708263595148267 17.14715044546681 18.093211996531274 17.286262252934407 17.380223145914115 
50.00030343851094 48.984879483945356 19.268179568583882 17.393850006409828 19.38796085229651 17.1424219012671 20.42392397831999 17.380223145914115 
51.00030343851094 20.61421333532588 19.268179568583882 17.470249750158473 20.84007216443925 16.77701978210422 17.6416448542938 17.591101697653237 
52.00030343851094 19.383764371942185 51.71219948589115 17.741918774665294 17.79303687188844 16.63132100896319 18.22268742232862 18.555014666021542 
53.00030343851094 17.945134370096966 26.175447722194455 17.741918774665294 21.399673428543615 16.63132100896319 21.9667599421377 18.267591556170302 
54.00030343851094 18.86352411803695 21.530187631715094 18.30880992863009 18.38796085229651 16.63132100896319 20.9667599421377 18.267591556170302 
55.00030343851094 18.945134370096966 21.43698840836764 18.376314628715967 17.891639851632817 17.1424219012671 20.9667599421377 19.141564498776205 
56.00030343851094 18.419611929189152 21.79453806379027 18.95403056124863 18.288339228831035 17.1424219012671 20.9667599421377 19.65315094083838 
57.00030343851094 19.383764371942185 21.43698840836764 19.267519114173346 22.399673428543615 17.215738464095196 21.050276757245655 19.141564498776205 
58.00030343851094 19.383764371942185 21.930393746636376 21.10553787169541 18.637322394260735 17.215738464095196 21.050276757245655 19.929179581086032 
59.00030343851094 19.383764371942185 28.02809090097433 20.03464761292001 19.264277798364695 18.093211996531274 21.42392397831999 20.172673580869272 
60.00030343851094 19.383764371942185 24.028090900974334 23.59449570218559 19.228445956197753 18.03439455318899 21.42392397831999 59.50837785300248 
61.00030343851094 19.506290839506107 23.724951681404058 20.59449570218559 19.228445956197753 19.093211996531274 21.48747174158023 59.983853663610226 
62.00030343851094 20.43297427667801 23.019641169831054 21.275907163406217 19.350161482881653 18.572971742626038 21.670187071221832 24.789024454363847 
63.00030343851094 20.43297427667801 23.019641169831054 21.551032301311437 19.837160072631328 19.169278901663006 22.469079334674674 35.34610838616241 
64.00030343851094 20.67709439050961 26.028090900974334 21.680967303505106 20.203198578051556 19.820604903179436 22.469079334674674 23.099347183201985 
65.00030343851094 21.921873384374102 24.62890074809144 21.95699594375276 20.742950845260097 19.820604903179436 22.469079334674674 24.789024454363847 
66.00030343851094 21.921873384374102 25.153024341213168 22.437465904719588 20.899243647581862 20.96982336372364 22.469079334674674 24.41345097135482 
67.00030343851094 22.191688539497576 26.028090900974334 22.58283102868827 21.599131648849394 20.972517917206034 22.469079334674674 23.55062684724856 
68.00030343851094 22.09949112487496 25.724951681404058 23.29540791883703 21.599131648849394 21.474118958232566 22.469079334674674 34.34610838616241 
69.00030343851094 22.793860223312194 26.62890074809144 23.123560113494406 22.246676106048746 22.398740045071563 22.469079334674674 23.91250245364482 
70.00030343851094 23.44172901180208 26.62890074809144 23.618918060319963 22.246676106048746 22.603902176367107 22.469079334674674 25.789024454363847 
71.00030343851094 23.226629753679134 26.62890074809144 23.66679176331587 22.725964306606215 22.603902176367107 22.469079334674674 27.76430442375424 
72.00030343851094 24.04347783679421 26.879262048752224 23.618918060319963 23.127497142163264 22.398740045071563 22.839927284380877 26.278463715212922 
73.00030343851094 24.04347783679421 27.028090900974334 23.618918060319963 23.209133296615676 23.018940996770652 22.839927284380877 34.400582819367415 
74.00030343851094 24.63448835291471 27.792856437278857 65.32665115618968 23.209133296615676 23.435218072367448 23.00262511537641 27.76430442375424 
75.00030343851094 25.81625508358522 27.792856437278857 26.65360266928589 23.28792220061674 23.75091893836168 23.00262511537641 34.31706600425946 
76.00030343851094 25.680384858585313 29.456490083008475 26.65360266928589 24.38108193968003 24.207781747294362 23.441684836584365 27.76430442375424 
77.00030343851094 26.203978729531826 28.456490083008475 26.65360266928589 24.077942720109753 24.656219354660138 23.59095711841313 27.846491021748506 
78.00030343851094 26.693830329145662 29.37297326790052 26.971909099025666 24.44540443234338 24.759092926557216 23.59095711841313 28.143572169453137 
79.00030343851094 26.36291601184344 28.89368506734305 26.97747809014706 24.44540443234338 24.759092926557216 24.20972411578684 34.46485823237435 
80.00030343851094 27.07752563001071 29.875292660437495 27.335613437355732 25.01146347840153 25.284445909700906 24.20972411578684 32.13451677763272 
81.00030343851094 27.7208760549275 29.573102352483474 27.65360266928589 25.08386647645169 25.559317210147107 24.52913486436251 28.846491021748506 
82.00030343851094 28.00588831519191 30.3899598065544 27.65360266928589 25.33435472719509 25.92554122966135 24.588916784027873 31.363394662186238 
83.00030343851094 28.09166045448029 30.729028488140706 27.97747809014706 28.94911776817885 26.126598699502793 24.78421071551096 31.289089101145784 
84.00030343851094 28.782615269007295 83.5880106959853 28.335613437355732 26.88317867042079 26.693402394284007 25.033832507419916 30.680393798889064 
85.00030343851094 29.28547732870441 32.13359379712344 28.65360266928589 27.147529102495966 27.00186319198248 25.38805968177821 32.289089101145784 
86.00030343851094 29.586663225530373 32.28433135555503 28.65360266928589 27.88317867042079 27.351761631250106 26.010216932831547 30.737541066642187 
87.00030343851094 29.635143466766692 32.77569706173739 28.65360266928589 27.28823077176513 27.70193458558304 26.38794608099829 31.694870492508485 
88.00030343851094 30.395291533908335 34.011139879384444 28.65360266928589 28.147529102495966 27.70193458558304 27.013088600064478 31.694870492508485 
89.00030343851094 30.787194788330936 33.44004583318274 28.65360266928589 28.283384785342072 27.70193458558304 26.938783039024024 32.29201755705266 
90.00030343851094 44.517890622321815 34.79427300754103 28.65360266928589 28.283384785342072 27.70193458558304 27.082448306161666 32.29201755705266 
91.00030343851094 32.017704513471365 34.05504504475929 28.773363066027827 29.789979447073335 27.70193458558304 27.855723572076997 32.29201755705266 
92.00030343851094 31.551219759429884 34.79427300754103 28.773363066027827 29.673669371951547 27.701934585583032 28.27562700062593 32.29201755705266 
93.00030343851094 32.58987297323936 34.79427300754103 28.926874641920307 66.03468460896592 28.445197071850345 29.174004151931754 32.29201755705266 
94.00030343851094 32.20704436988972 34.79427300754103 28.926874641920307 92.91224627849813 28.445197071850345 29.15128638396493 32.29201755705266 
95.00030343851094 32.48621488691008 35.26193689783982 29.423500319924074 44.0478737029959 28.445197071850345 28.7974076472819 32.978284233266805 
96.00030343851094 32.66850722310744 35.26193689783982 29.731449376717507 30.934824122787404 28.695708845932742 29.344564430386725 32.978284233266805 
97.00030343851094 84.60196664863685 35.55749970972775 30.047631468932565 36.472464782499834 29.05157137357962 30.147437363099286 32.978284233266805 
98.00030343851094 33.513515465520015 36.034191496907866 30.46788085729264 35.550963556466456 29.310237877380985 30.33008773676731 32.978284233266805 
99.00030343851094 36.00379722296136 36.55749970972775 30.46788085729264 32.088191166603764 29.533414444888265 33.55935230944792 33.20602963419876 
100.00030343851094 35.65794964759198 36.65028849619013 30.726826133418527 36.550963556466456 29.887019076894276 31.061106012116014 33.20602963419876 
101.00030343851094 34.88775222661397 37.55365068886211 31.337655667963958 35.550963556466456 29.887019076894276 31.349749015908444 33.524310214053514 
102.00030343851094 37.00379722296137 101.75596234167126 31.337655667963958 33.31340739295143 29.887019076894276 32.09476990290263 33.524310214053514 
103.00030343851094 36.56437798889495 39.8202116873953 31.391424924281395 46.0478737029959 30.52165300486159 32.335695310025116 33.88252986641527 
104.00030343851094 36.165294126492256 38.50098322866545 31.648162438014083 35.846044529334776 30.747584572095164 32.66446372721872 33.999137781118236 
105.00030343851094 36.70553078485757 39.288976884806516 31.648162438014083 41.341181909302264 31.03776607279555 32.719841914606675 34.404307245093264 
106.00030343851094 36.534068538864375 41.288976884806516 32.34994990752489 38.70773309586971 31.308165066456 33.25989438463553 34.404307245093264 
107.00030343851094 37.00379722296137 39.8202116873953 32.94809104441353 35.13703293728122 31.477272467493023 34.41399836163248 34.404307245093264 
108.00030343851094 37.56437798889495 40.33437097885398 32.94809104441353 37.550963556466456 31.50866827730019 34.41399836163248 34.91496686147724 
109.00030343851094 37.76952100684723 40.33437097885398 33.23067376213196 40.70773309586971 31.980646789489256 34.41399836163248 35.215626736372855 
110.00030343851094 38.0787828257491 40.8202116873953 33.53025957962339 41.341181909302264 32.35803989306429 34.443748866751974 35.215626736372855 
111.00030343851094 38.4547944501373 40.8202116873953 34.70431219734782 37.36271377846444 32.827135213596776 35.92815765309116 35.384138569541676 
112.00030343851094 38.666468199233236 41.46877117491033 35.15400959972541 39.357531752798195 32.827135213596776 34.98190464178818 35.48274154928606 
113.00030343851094 112.02087621845604 105.86613321133832 35.53025957962339 43.341181909302264 33.193694812219974 35.33014117035978 35.87944092648428 
114.00030343851094 112.99521735905672 42.04830779791111 35.298804414566746 38.550963556466456 33.314965976071264 36.234040206484835 36.22842409191398 
115.00030343851094 48.21863190739509 43.606534110889626 35.34496789750261 39.47246478249983 33.84786911915626 36.292204118030284 36.5600301779086 
116.00030343851094 43.09698172929511 44.5249421750098 35.3814459247985 42.70773309586971 33.84786911915626 37.015727581621334 37.17640452326519 
117.00030343851094 41.14150237194882 43.77000967563963 35.843284861046044 42.341181909302264 34.54129400727588 36.749041121080225 37.428261770284564 
118.00030343851094 49.21863190739509 44.0093398656616 36.38392004593162 116.75763347162767 34.54129400727588 38.200320785126806 38.49034534523511 
119.00030343851094 41.52020712094925 44.0093398656616 36.38392004593162 41.80293982849835 35.05432622501792 37.60312653989878 38.49034534523511 
120.00030343851094 46.832555255742705 44.7137985171649 37.092570121000676 41.24233619653553 35.21591707043147 37.814012601133996 38.33405254291334 
121.00030343851094 49.21863190739509 44.81237912959678 37.42034681066362 42.25538932409526 35.49751237259842 38.40616580383396 39.49034534523511 
122.00030343851094 44.09698172929511 45.404405529690294 37.918745769637084 43.70773309586971 35.67269020788892 38.72741544690693 39.19023334650264 
123.00030343851094 49.21863190739509 45.496919752438046 37.918745769637084 43.70773309586971 35.67269020788892 39.23277504278565 39.83777780370198 
124.00030343851094 46.16837837144554 45.98212146222296 38.48246533376914 43.18496387646789 36.34918006640598 39.656525188131525 39.83777780370198 
125.00030343851094 45.782626815873215 124.65253878548839 38.48246533376914 44.51721809614662 37.04815861404316 110.72738047136062 40.71859883981651 
126.00030343851094 49.21863190739509 46.62258660315992 39.0752874062093 44.80293982849835 37.22315300901188 40.216373277397096 40.71859883981651 
127.00030343851094 45.07512600263638 47.062738513894345 39.13198566913647 44.70773309586971 37.70944762458909 41.30284487871661 40.80023499426892 
128.00030343851094 49.21863190739509 50.647008961294304 39.78815996833431 44.70773309586971 38.01076809132171 44.240795635531484 40.80023499426892 
129.00030343851094 46.782626815873215 48.70905820447942 40.38166899289246 44.80293982849835 38.69253743385811 42.30284487871663 40.97218363733327 
130.00030343851094 49.21863190739509 48.64700896129429 40.38166899289246 45.391725105205325 38.81087977979345 42.2407956355315 41.66904441776299 
131.00030343851094 47.832555255742705 48.39363446463504 40.84020062938309 45.687196975443186 39.32967931097515 42.2407956355315 41.66904441776299 
132.00030343851094 47.782626815873215 49.64700896129429 40.84020062938309 45.73622653678261 39.32967931097515 43.112653105666354 42.036506129996624 
133.00030343851094 105.99792719226575 50.190235823836844 41.4851263497214 46.167200302122666 39.66466961514307 43.78402249807405 42.036506129996624 
134.00030343851094 50.21863190739509 50.19060500911395 42.08864975369815 46.64618810442701 40.08841976048895 43.78402249807405 42.67496817410493 
135.00030343851094 50.21863190739509 50.19060500911395 41.54704086713757 46.64618810442701 40.66466961514307 43.112653105666354 44.11954045855339 
136.00030343851094 49.832555255742705 50.64700896129429 42.66858915124578 46.71965072809911 40.66466961514307 43.78402249807405 42.925456424848335 
137.00030343851094 51.21863190739509 51.47183112600379 136.67459026122242 47.27480055092656 40.83806037619138 44.622431652660495 45.474280368074034 
138.00030343851094 50.16837837144554 51.79143631363311 43.91244639120785 93.35856002982709 41.430086776284895 44.622431652660495 44.63656831505617 
139.00030343851094 52.21863190739509 52.24751708401041 43.69915331381435 50.35856002982709 41.430086776284895 45.313346849768095 45.474280368074034 
140.00030343851094 51.21863190739509 52.43613040955516 43.69915331381435 50.03468460896592 42.0350211122562 45.313346849768095 45.474280368074034 
141.00030343851094 51.21863190739509 53.51561276068125 43.69915331381435 50.03468460896592 42.45412967449735 46.415974546798836 44.87933246941837 
142.00030343851094 51.21863190739509 53.553903162492006 44.390341048981 50.03468460896592 42.63221535748423 46.88307140371384 45.73863080014921 
143.00030343851094 52.002200049571314 53.72739236426678 44.390341048981 50.352991038705696 43.447622153978756 46.99291764123694 45.87448648299531 
144.00030343851094 52.002200049571314 54.289284729476634 44.94101073494376 50.71669537703576 43.7620357427172 47.395240641239354 47.38108114472658 
145.00030343851094 52.002200049571314 55.399130966999735 44.87998990411229 51.35856002982709 44.57752597317824 47.74848181702548 47.038411903055575 
146.00030343851094 52.002200049571314 54.399130966999735 145.6521809224066 51.03468460896592 44.890870976631135 48.04406283245376 47.22632809227869 
147.00030343851094 52.002200049571314 54.399130966999735 46.438290746027434 51.35856002982709 44.891814457932924 48.548752217131835 98.13451677763271 
148.00030343851094 52.002200049571314 54.910264272627884 46.438290746027434 52.03468460896592 45.07398904450571 48.38854134857988 50.61984643407044 
149.00030343851094 52.002200049571314 55.79475467434267 46.543386124073436 52.03468460896592 45.360052225448584 148.31902436600427 52.72813463493446 
150.00030343851094 52.002200049571314 149.7273923642668 54.57625353071127 52.03468460896592 45.8458929339899 57.99842910715917 48.52592582044065 
151.00030343851094 52.002200049571314 56.056443761640224 52.38579864922656 52.03468460896592 46.24433940183708 49.66950904414409 51.72813463493446 
152.00030343851094 52.002200049571314 57.94276032388177 51.57625353071127 52.03468460896592 46.59704545604981 55.10434290898067 51.72813463493446 
153.00030343851094 52.002200049571314 57.507733198293636 51.57625353071127 52.03468460896592 47.31465813140112 51.87834330502356 49.91356239717864 
154.00030343851094 52.002200049571314 56.507733198293636 51.38579864922656 52.03468460896592 47.31465813140112 66.07499790967236 50.90450909060468 
155.00030343851094 52.002200049571314 56.88538317942596 47.681768327748216 52.03468460896592 150.75292546138328 51.479169853663166 50.20486017842637 
156.00030343851094 52.002200049571314 57.36574656893828 48.375883183285964 52.03468460896592 48.99124688180534 60.99842910715917 54.72813463493446 
157.00030343851094 52.002200049571314 57.36574656893828 53.38579864922656 52.03468460896592 48.76198230912473 59.99842910715917 52.72813463493446 
158.00030343851094 52.002200049571314 57.6762533389884 52.57625353071127 52.03468460896592 48.76198230912473 56.10434290898067 52.72813463493446 
159.00030343851094 52.002200049571314 57.929713861815046 52.57625353071127 52.03468460896592 48.76198230912473 52.971827482736416 52.72813463493446 
160.00030343851094 52.002200049571314 58.2325467599526 52.38579864922656 52.03468460896592 48.77645900274415 67.07499790967236 52.72813463493446 
161.00030343851094 52.002200049571314 59.25876466310628 51.76498471147315 52.03468460896592 48.76198230912473 60.99842910715917 53.43718348507866 
162.00030343851094 52.002200049571314 59.04338658720664 53.38579864922656 52.03468460896592 48.77645900274415 59.99842910715917 53.43718348507866 
163.00030343851094 52.002200049571314 60.63053810806551 52.57625353071127 52.03468460896592 49.37360606728832 54.42774997133314 56.615672928096274 
164.00030343851094 52.002200049571314 63.06753074993665 52.57625353071127 52.03468460896592 52.615139434524764 57.10434290898067 54.257002576166 
165.00030343851094 52.002200049571314 60.55835048059771 52.38579864922656 52.03468460896592 50.05987274350247 56.17200760400968 54.41892939616298 
166.00030343851094 52.002200049571314 64.06753074993665 51.76498471147315 52.03468460896592 50.28761814443442 81.37240449966518 55.224493174175535 
167.00030343851094 52.002200049571314 61.200299064369204 53.38579864922656 52.03468460896592 52.605898724289176 65.93690641506336 56.1420652541197 
168.00030343851094 52.002200049571314 61.57822092977247 51.76498471147315 52.03468460896592 51.4449831724219 71.15496633383471 56.1420652541197 
169.00030343851094 52.002200049571314 66.06753074993665 53.57625353071127 52.03468460896592 51.4449831724219 68.67815794763168 57.06356648015307 
170.00030343851094 52.002200049571314 169.72523769176706 52.64416813791502 52.03468460896592 51.4449831724219 64.79893863752429 169.50334797615136 
171.00030343851094 52.002200049571314 62.37305879847693 53.38579864922656 52.03468460896592 51.81984065335571 87.66586379086729 57.52222843896831 
172.00030343851094 52.002200049571314 66.06753074993665 53.14369587393993 52.03468460896592 52.15927504371804 80.75294172310248 60.479581252885026 
173.00030343851094 52.002200049571314 66.06753074993665 53.95416778907621 52.03468460896592 171.8300531866715 103.32722586244198 58.54904977321068 
174.00030343851094 52.002200049571314 64.120661021975 131.87430738441523 52.03468460896592 52.31001260214964 114.63578907920065 58.54904977321068 
175.00030343851094 52.002200049571314 67.06753074993665 60.05659353351547 52.03468460896592 71.7205639108848 83.59885059492552 58.833437894188776 
176.00030343851094 52.002200049571314 67.06753074993665 61.87430738441523 52.03468460896592 53.25799303350085 264.7340490255965 59.479581252885026 
177.00030343851094 52.002200049571314 66.75133853550959 61.87430738441523 52.03468460896592 69.7205639108848 155.18961923267602 60.23970275150663 
178.00030343851094 52.002200049571314 67.06753074993665 60.87430738441523 53.63445133893099 53.73298559447042 183.29812473003446 60.54904977321068 
179.00030343851094 52.002200049571314 65.54729049603141 60.87430738441523 86.01345811984719 55.427696896398075 252.37520401879564 61.23970275150663 
180.00030343851094 52.002200049571314 68.06753074993665 60.05659353351547 183.98213241425725 54.2718218567383 199.17189902566548 61.23970275150663 
181.00030343851094 52.002200049571314 66.49564914681788 61.87430738441523 762.3988560717437 72.7205639108848 327.08208061836194 61.54904977321068 
182.00030343851094 52.002200049571314 67.86829153035741 61.87430738441523 535.6019779338505 69.7205639108848 344.756749715346 61.71824160538452 
183.00030343851094 52.002200049571314 67.75133853550959 57.70958290181818 152.94798799623473 55.54420995948428 282.9113985338429 61.821313598623206 
184.00030343851094 52.002200049571314 68.11674065467247 61.87430738441523 42.200825145752276 59.71815682529183 195.57283985506862 62.29883479352296 
185.00030343851094 52.002200049571314 68.11674065467247 61.87430738441523 51.11343126721408 71.7205639108848 79.39746151186539 62.61302589115918 
186.00030343851094 52.002200049571314 68.11674065467247 58.951041797077664 92.04624193855597 61.307916602514354 74.48775167671961 62.98282680285857 
187.00030343851094 52.002200049571314 68.57513176811189 62.05659353351547 14.290554635540417 70.7205639108848 16.07703874577146 63.27829867309643 
188.00030343851094 52.002200049571314 68.57513176811189 63.87430738441523 52.0566927830867 70.7205639108848 9.792186670652029 63.32732823443585 
189.00030343851094 52.002200049571314 178.41843194995533 63.87430738441523 10.361169871577488 59.71815682529183 12.77159455440227 63.75830199977591 
190.00030343851094 52.002200049571314 69.41843194995532 63.87430738441523 10.764974220393071 71.7205639108848 9.48293984424484 64.23728980208026 
191.00030343851094 52.002200049571314 69.41843194995532 63.87430738441523 11.704324334823127 61.307916602514354 10.95818229567007 64.23728980208026 
192.00030343851094 52.002200049571314 69.96910163591808 62.438302292893354 8.571222098373454 70.7205639108848 10.940826651511344 64.31075242575236 
193.00030343851094 52.002200049571314 69.96910163591808 64.87430738441523 10.54962761395845 70.7205639108848 11.99330821286756 64.8659022485798 
194.00030343851094 52.002200049571314 70.16968618878688 64.87430738441523 10.352944106740352 60.29181732121771 12.48561539593797 158.62578630661915 
195.00030343851094 52.002200049571314 194.68516983791983 64.87430738441523 11.14264026117283 62.60751433067631 13.88874307972904 67.94966172748033 
196.00030343851094 52.002200049571314 71.57147702504776 64.48823073276284 12.41683899608816 61.555868878309695 37.96760832456005 67.62578630661918 
197.00030343851094 52.002200049571314 71.57147702504776 65.87430738441523 12.555689205974744 73.7205639108848 85.34955306468652 67.62578630661918 
198.00030343851094 52.002200049571314 71.57147702504776 65.87430738441523 13.53938485049008 63.307916602514354 18.902710957706375 67.62578630661918 
199.00030343851094 52.002200049571314 71.95141897415687 65.87430738441523 13.939886973949285 72.7205639108848 25.168753273172257 67.94409273635895 
200.00030343851094 52.002200049571314 71.50754920138846 65.87430738441523 15.23382735756283 62.78911893704645 22.455992093866627 68.307797074689 
201.00030343851094 52.002200049571314 72.57147702504776 65.87430738441523 15.23382735756283 73.7205639108848 19.356347456500373 68.94966172748033 
202.00030343851094 52.002200049571314 72.2857330266313 66.81684081703057 15.750241674191187 64.60751433067631 18.050970105471606 68.62578630661918 
203.00030343851094 52.002200049571314 72.57815310887892 66.81684081703057 16.523225873280722 74.7205639108848 25.32771856361137 68.94966172748033 
204.00030343851094 52.002200049571314 72.66800350769452 66.81684081703057 17.807613994258844 64.30791660251435 24.622799536479675 69.62578630661918 
205.00030343851094 52.002200049571314 201.2857330266313 66.81684081703057 17.3951449483026 73.7205639108848 21.407027871518068 69.62578630661918 
206.00030343851094 52.002200049571314 74.23498613742436 66.81684081703057 17.837459988082486 65.12591423771119 24.708193762546074 69.62578630661918 
207.00030343851094 52.002200049571314 74.40397408426028 66.81684081703057 18.424209328995943 66.98609760084034 23.32965523840886 69.62578630661918 
208.00030343851094 52.002200049571314 74.89081074788419 66.81684081703057 19.266600711705223 74.7205639108848 24.031607959529993 69.62578630661918 
209.00030343851094 52.002200049571314 74.89081074788419 66.81684081703057 20.874824849523407 66.58682557380206 27.85879280497261 69.62578630661918 
210.00030343851094 52.002200049571314 75.45546456097392 66.81684081703057 50.45038154309594 73.7205639108848 27.307651170097415 69.62578630661918 
211.00030343851094 52.002200049571314 76.16998126490455 66.81684081703057 21.550142430934983 73.7205639108848 25.61803210145291 69.62578630661918 
212.00030343851094 52.002200049571314 76.3522736011019 66.81684081703057 24.58059500326513 73.7205639108848 28.729619258768764 69.62578630661918 
213.00030343851094 52.002200049571314 76.90151821987664 66.81684081703057 25.23193534972245 73.7205639108848 29.036132043794453 69.62578630661918 
214.00030343851094 52.002200049571314 213.71306770160712 66.81684081703057 25.607637345972933 73.7205639108848 28.39769465485702 69.62578630661918 
215.00030343851094 52.002200049571314 77.01996156166183 66.81684081703057 24.611121411969037 73.7205639108848 12.314304409550488 69.62578630661918 
216.00030343851094 52.002200049571314 79.84906050448672 66.81684081703057 24.789648113077305 73.7205639108848 12.755735522594023 69.62578630661918 
217.00030343851094 52.002200049571314 78.57151860460843 66.81684081703057 25.693575232644037 69.83117883351764 13.326550946051867 69.62578630661918 
218.00030343851094 52.002200049571314 79.38929716285202 66.81684081703057 26.514304769389497 74.7205639108848 13.326550946051867 69.62578630661918 
219.00030343851094 52.002200049571314 79.34171602558644 66.81684081703057 27.55496255538182 74.7205639108848 13.74286361342763 69.62578630661918 
220.00030343851094 52.002200049571314 80.68756360095583 66.81684081703057 27.329219246053754 74.7205639108848 13.74286361342763 69.62578630661918 
221.00030343851094 52.002200049571314 80.30409448073166 66.81684081703057 28.225540584561287 74.7205639108848 14.061462810866203 69.62578630661918 
222.00030343851094 52.002200049571314 81.68756360095583 66.81684081703057 29.701019778519424 71.62033778792548 17.157849869071697 69.62578630661918 
223.00030343851094 52.002200049571314 81.68756360095583 66.81684081703057 29.9842840760372 75.7205639108848 15.063929255441906 69.62578630661918 
224.00030343851094 52.002200049571314 81.68756360095583 66.81684081703057 30.64254449518492 75.7205639108848 16.750275739944072 69.62578630661918 
225.00030343851094 52.002200049571314 82.4532873848417 66.81684081703057 15.770291188503421 75.7205639108848 17.157849869071697 69.62578630661918 
226.00030343851094 52.002200049571314 82.4532873848417 66.81684081703057 15.778263512342846 75.7205639108848 42.115139037639295 69.62578630661918 
227.00030343851094 52.002200049571314 82.76254920374356 66.81684081703057 17.892872882846888 73.82137524110038 18.01228380307529 69.62578630661918 
228.00030343851094 52.002200049571314 83.41388955020088 66.81684081703057 17.062391843924786 76.7205639108848 17.80277450460605 69.62578630661918 
229.00030343851094 52.002200049571314 83.76254920374356 66.81684081703057 66.89881275539562 76.7205639108848 19.276634235150453 69.62578630661918 
230.00030343851094 52.002200049571314 84.17178677491427 66.81684081703057 17.485298753719263 74.87901608670296 17.97053223913477 69.62578630661918 
231.00030343851094 52.002200049571314 84.6043444316856 66.81684081703057 20.654107593503028 77.7205639108848 19.919084579727837 69.62578630661918 
232.00030343851094 52.002200049571314 84.94469260584393 66.81684081703057 19.747306816850482 76.7205639108848 103.96330740679537 69.62578630661918 
233.00030343851094 52.002200049571314 85.55212134613257 66.81684081703057 18.98055687558724 75.87901608670296 19.361158057606332 69.62578630661918 
234.00030343851094 52.002200049571314 85.56894092501759 66.81684081703057 19.53779751838124 77.7205639108848 19.657543893554646 69.62578630661918 
235.00030343851094 52.002200049571314 85.97431875340538 66.81684081703057 19.98055687558724 77.7205639108848 19.82347927205376 69.62578630661918 
236.00030343851094 52.002200049571314 86.73915695424498 66.81684081703057 19.98055687558724 77.7205639108848 20.501737341191244 69.62578630661918 
237.00030343851094 52.002200049571314 86.93434501599626 66.81684081703057 19.98055687558724 77.7205639108848 21.174571750057424 69.62578630661918 
238.00030343851094 52.002200049571314 237.73710463003167 66.81684081703057 20.654107593503028 77.7205639108848 26.855069439260717 69.62578630661918 
239.00030343851094 52.002200049571314 87.92223518162308 66.81684081703057 20.654107593503028 77.7205639108848 22.928725042657987 69.62578630661918 
240.00030343851094 52.002200049571314 89.78074810728958 66.81684081703057 21.28037077700398 77.7205639108848 22.51018707233453 69.62578630661918 
241.00030343851094 52.002200049571314 96.90239828538955 66.81684081703057 21.152358918194807 79.70737481685484 22.078222900833367 69.62578630661918 
242.00030343851094 52.002200049571314 88.61677848666343 66.81684081703057 21.55850228582895 79.70737481685484 23.6837531716765 69.62578630661918 
243.00030343851094 52.002200049571314 91.46639319386767 66.81684081703057 21.97730418812131 147.94749075881546 23.361358220112407 69.62578630661918 
244.00030343851094 52.002200049571314 91.46639319386767 66.81684081703057 22.126496250300505 79.67168541686115 23.51018707233453 69.62578630661918 
245.00030343851094 52.002200049571314 90.03976092725128 66.81684081703057 22.909594763832615 80.70737481685484 23.6563060147285 69.62578630661918 
246.00030343851094 52.002200049571314 90.90715343800707 66.81684081703057 23.370143526348556 80.70737481685484 24.285559147186603 69.62578630661918 
247.00030343851094 52.002200049571314 90.97783178395426 66.81684081703057 23.370143526348556 80.70737481685484 24.938586254368687 69.62578630661918 
248.00030343851094 52.002200049571314 98.90239828538955 66.81684081703057 23.289791563740977 80.70737481685484 25.855069439260717 69.62578630661918 
249.00030343851094 52.002200049571314 93.51632163373716 66.81684081703057 24.26497736519201 81.38938558492467 25.884111821163657 69.62578630661918 
250.00030343851094 52.002200049571314 93.46639319386767 66.81684081703057 24.257365906938247 81.70737481685484 25.884111821163657 69.62578630661918 
251.00030343851094 52.002200049571314 93.46639319386767 66.81684081703057 24.257365906938247 81.70737481685484 26.357388831797692 69.62578630661918 
252.00030343851094 52.002200049571314 93.61498234970065 66.81684081703057 24.84601993322684 82.031250237716 26.357388831797692 69.62578630661918 
253.00030343851094 52.002200049571314 98.90239828538955 66.81684081703057 25.245210086109722 82.031250237716 27.189400519236017 69.62578630661918 
254.00030343851094 52.002200049571314 96.90239828538955 66.81684081703057 25.245210086109722 82.031250237716 27.02834878023637 69.62578630661918 
255.00030343851094 52.002200049571314 95.51632163373716 66.81684081703057 26.15205034704644 82.031250237716 28.002861667375612 69.62578630661918 
256.00030343851097 52.002200049571314 95.51632163373716 66.81684081703057 26.15205034704644 82.031250237716 28.002861667375612 69.62578630661918 
257.00030343851097 52.002200049571314 97.90239828538955 66.81684081703054 26.673609268143878 82.031250237716 28.1471304568945 69.62578630661915 
258.00030343851097 52.002200049571314 97.46935823499587 66.81684081703054 27.590092453035908 82.031250237716 28.766427526915265 69.62578630661915 
259.00030343851097 52.002200049571314 96.90239828538955 66.81684081703054 27.590092453035908 82.031250237716 28.766427526915265 69.62578630661915 
260.00030343851097 52.002200049571314 96.90239828538955 66.81684081703054 28.0472564892182 82.031250237716 29.477226281150934 69.62578630661915 
261.00030343851097 52.002200049571314 97.21513726362514 66.81684081703054 28.11080425247843 82.031250237716 30.672520212633998 69.62578630661915 
262.00030343851097 52.002200049571314 97.90239828538955 66.81684081703054 28.790221537618862 82.031250237716 30.45511436914316 69.62578630661915 
263.00030343851097 52.002200049571314 97.90239828538955 66.81684081703054 29.29351958212004 82.031250237716 30.898526429954586 69.62578630661915 
264.00030343851097 52.002200049571314 97.90239828538955 66.81684081703054 31.092411845572883 82.031250237716 31.276369178901263 69.62578630661915 
265.00030343851097 52.002200049571314 97.90239828538955 66.81684081703054 30.9461476732761 82.031250237716 31.493236050744656 69.62578630661915 
266.00030343851097 52.002200049571314 97.90239828538955 66.81684081703054 30.449430972041625 82.031250237716 32.40934071965961 69.62578630661915 
267.00030343851097 52.002200049571314 97.90239828538955 66.81684081703054 31.214289629311338 82.031250237716 32.53714121611952 69.62578630661915 
268.00030343851097 52.002200049571314 97.90239828538955 66.81684081703054 30.737884681150803 82.031250237716 32.71909441875536 69.62578630661915 
269.00030343851097 52.002200049571314 97.90239828538955 66.81684081703054 30.882153470669664 82.031250237716 33.16101625762326 69.62578630661915 
270.00030343851097 52.002200049571314 97.90239828538955 66.81684081703054 31.40754322640916 82.031250237716 33.64154734720472 69.62578630661915 
271.00030343851097 52.002200049571314 97.90239828538955 66.81684081703054 32.011392192676425 82.031250237716 34.16393649774898 69.62578630661915 
272.00030343851097 52.002200049571314 97.90239828538955 66.81684081703054 32.011392192676425 82.031250237716 34.68571714440495 69.62578630661915 
273.00030343851097 52.002200049571314 97.90239828538955 66.81684081703054 32.63354944372975 82.031250237716 34.68571714440495 69.62578630661915 
274.00030343851097 52.002200049571314 97.90239828538955 66.81684081703054 32.63354944372975 82.031250237716 35.232873927509786 69.62578630661915 
275.00030343851097 52.002200049571314 97.90239828538955 66.81684081703054 33.22825906451982 82.031250237716 36.03574686022233 69.62578630661915 
276.00030343851097 52.002200049571314 97.90239828538955 66.81684081703054 33.272164229894685 82.031250237716 36.82803349608764 69.62578630661915 
277.00030343851097 52.002200049571314 97.90239828538955 66.81684081703054 33.70578081705986 82.031250237716 36.32178192726897 69.62578630661915 
278.00030343851097 52.002200049571314 97.90239828538955 66.81684081703054 34.479056082975205 82.031250237716 36.82803349608764 69.62578630661915 
279.00030343851097 52.002200049571314 97.90239828538955 66.81684081703054 34.479056082975205 82.031250237716 39.44766180657098 69.62578630661915 
280.00030343851097 52.002200049571314 97.90239828538955 66.81684081703054 34.89895951152414 82.031250237716 38.41515029865528 69.62578630661915 
281.00030343851097 52.002200049571314 97.90239828538955 66.81684081703054 35.42074015818011 82.031250237716 38.23805851303149 69.62578630661915 
282.00030343851097 52.002200049571314 97.90239828538955 66.81684081703054 35.42074015818011 82.031250237716 38.98307940002567 69.62578630661915 
283.00030343851097 52.002200049571314 97.90239828538955 66.81684081703054 35.96789694128495 82.031250237716 38.98307940002567 69.62578630661915 
284.00030343851097 52.002200049571314 97.90239828538955 66.81684081703054 36.770769873997494 82.031250237716 41.171734310071 69.62578630661915 
285.00030343851097 52.002200049571314 97.90239828538955 66.81684081703054 148.89881275539562 82.031250237716 40.46397461773256 69.62578630661915 
286.00030343851097 52.002200049571314 97.90239828538955 66.81684081703054 37.01056751541864 82.031250237716 40.46397461773256 69.62578630661915 
287.00030343851097 52.002200049571314 97.90239828538955 66.81684081703054 37.563056509862804 82.031250237716 41.05346038081544 69.62578630661915 
288.00030343851097 52.002200049571314 97.90239828538955 66.81684081703054 39.67235559413996 82.031250237716 42.30230785875551 69.62578630661915 
289.00030343851097 52.002200049571314 97.90239828538955 66.81684081703054 37.97792036119995 82.031250237716 41.95086734627057 69.62578630661915 
290.00030343851097 52.002200049571314 97.90239828538955 66.81684081703054 38.718102413800835 82.031250237716 42.332058363875035 69.62578630661915 
291.00030343851097 52.002200049571314 97.90239828538955 66.81684081703054 38.906757323846165 82.031250237716 44.08863028224985 69.62578630661915 
292.00030343851097 52.002200049571314 97.90239828538955 66.81684081703054 39.50609606994192 82.031250237716 146.33115667584696 69.62578630661915 
293.00030343851097 52.002200049571314 97.90239828538955 66.81684081703054 40.037330872530674 82.031250237716 43.21845066748284 69.62578630661915 
294.00030343851097 52.002200049571314 97.90239828538955 66.81684081703054 40.037330872530674 82.031250237716 43.21845066748284 69.62578630661915 
295.00030343851097 52.002200049571314 97.90239828538955 66.81684081703054 40.037330872530674 82.031250237716 43.21845066748284 69.62578630661915 
296.00030343851097 52.002200049571314 97.90239828538955 66.81684081703054 41.0670813776502 82.031250237716 43.21845066748284 69.62578630661915 
297.00030343851097 52.002200049571314 97.90239828538955 66.81684081703054 40.460393005037645 82.031250237716 43.21845066748284 69.62578630661915 
298.00030343851097 52.002200049571314 97.90239828538955 66.81684081703054 42.08325239647371 82.031250237716 43.21845066748284 69.62578630661915 
299.00030343851097 52.002200049571314 97.90239828538955 66.81684081703054 41.60523715268641 82.031250237716 43.21845066748284 69.62578630661915 
300.00030343851097 52.002200049571314 97.90239828538955 66.81684081703054 42.76896391171903 82.031250237716 43.21845066748284 69.62578630661915 
301.00030343851097 52.002200049571314 97.90239828538955 66.81684081703054 41.953473681258004 82.031250237716 43.21845066748284 69.62578630661915 
302.00030343851097 52.002200049571314 97.90239828538955 66.81684081703054 42.63906009251957 82.031250237716 43.21845066748284 69.62578630661915 
303.00030343851097 52.002200049571314 97.90239828538955 66.81684081703054 42.63906009251957 82.031250237716 43.21845066748284 69.62578630661915 
304.00030343851097 52.002200049571314 97.90239828538955 66.81684081703054 43.823653296024986 82.031250237716 43.58291020054014 69.62578630661915 
305.00030343851097 52.002200049571314 97.90239828538955 66.81684081703054 43.62152471482568 82.031250237716 43.90403707874441 69.62578630661915 
306.00030343851097 52.002200049571314 97.90239828538955 66.81684081703054 43.62152471482568 82.031250237716 43.90403707874441 69.62578630661915 
307.00030343851097 52.002200049571314 97.90239828538955 66.81684081703054 44.029498314732166 82.031250237716 43.90403707874441 69.62578630661915 
308.00030343851097 52.002200049571314 97.90239828538955 66.81684081703054 44.35074795780514 82.031250237716 43.98043682249306 69.62578630661915 
309.00030343851097 52.002200049571286 97.90239828538955 66.81684081703054 44.85610755368384 82.031250237716 44.252105846999825 69.62578630661915 
310.00030343851097 52.002200049571286 97.90239828538955 66.81684081703054 46.29207061631206 82.031250237716 44.252105846999825 69.62578630661915 
311.00030343851097 52.002200049571286 97.90239828538955 66.81684081703054 45.839705788295305 82.031250237716 44.81899700096466 69.62578630661915 
312.00030343851097 52.002200049571286 97.90239828538955 66.81684081703054 49.35074795780514 82.031250237716 44.81899700096466 69.62578630661915 
313.00030343851097 52.002200049571286 97.90239828538955 66.81684081703054 46.1552974892852 82.031250237716 44.88650170105052 69.62578630661915 
314.00030343851097 52.002200049571286 97.90239828538955 66.81684081703054 46.79624238742116 82.031250237716 45.0745954916074 69.62578630661915 
315.00030343851097 52.002200049571286 97.90239828538955 66.81684081703054 46.92617738961485 82.031250237716 45.294475300957004 69.62578630661915 
316.00030343851097 52.002200049571286 97.90239828538955 66.81684081703054 47.20220602986251 82.031250237716 45.46421763358319 69.62578630661915 
317.00030343851097 52.002200049571286 97.90239828538955 66.81684081703054 47.778599075141244 82.031250237716 45.61572494402998 69.62578630661915 
318.00030343851097 52.002200049571286 97.90239828538955 66.81684081703054 47.682675990829296 82.031250237716 45.61572494402998 69.62578630661915 
319.00030343851097 52.002200049571286 97.90239828538955 66.81684081703054 47.682675990829296 82.031250237716 46.12108453990868 69.62578630661915 
320.00030343851097 52.002200049571286 97.90239828538955 66.81684081703054 47.682675990829296 82.031250237716 46.54483468525456 69.62578630661915 
321.00030343851097 52.002200049571286 97.90239828538955 66.81684081703054 47.682675990829296 82.031250237716 46.54483468525456 69.62578630661915 
322.00030343851097 52.002200049571286 97.90239828538955 66.81684081703054 47.682675990829296 82.031250237716 46.54483468525456 69.62578630661915 
323.00030343851097 52.002200049571286 97.90239828538955 66.81684081703054 47.682675990829296 82.031250237716 46.54483468525456 69.62578630661915 
324.00030343851097 52.002200049571286 97.90239828538955 66.81684081703054 47.682675990829296 82.031250237716 47.26729470455905 69.62578630661915 
325.00030343851097 52.002200049571286 97.90239828538955 66.81684081703054 47.778599075141244 82.031250237716 47.26729470455905 69.62578630661915 
326.00030343851097 52.002200049571286 97.90239828538955 66.81684081703054 48.23959655258392 82.031250237716 48.061219373646 69.62578630661915 
327.00030343851097 52.002200049571286 97.90239828538955 66.81684081703054 48.23959655258392 82.031250237716 48.061219373646 69.62578630661915 
328.00030343851097 52.002200049571286 97.90239828538955 66.81684081703054 48.23959655258392 82.031250237716 48.42233446520453 69.62578630661915 
329.00030343851097 52.002200049571286 97.90239828538955 66.81684081703054 48.23959655258392 82.031250237716 48.42233446520453 69.62578630661915 
330.00030343851097 52.002200049571286 97.90239828538955 66.81684081703054 48.23959655258392 82.031250237716 49.46718301608735 69.62578630661915 
331.00030343851097 52.002200049571286 97.90239828538955 66.81684081703054 48.23959655258392 82.031250237716 49.1658625493547 69.62578630661915 
332.00030343851097 52.002200049571286 97.90239828538955 66.81684081703054 48.368770199604114 82.031250237716 49.805594991171574 69.62578630661915 
333.00030343851097 52.002200049571286 97.90239828538955 66.81684081703054 48.54061800494674 82.031250237716 50.12910513265456 69.62578630661915 
334.00030343851097 52.002200049571286 97.90239828538955 66.81684081703054 48.86412814642972 82.031250237716 50.67270118047418 69.62578630661915 
335.00030343851097 52.002200049571286 97.90239828538955 66.81684081703054 48.86412814642972 82.031250237716 50.95244245321044 69.62578630661915 
336.00030343851097 52.002200049571286 97.90239828538955 66.81684081703054 48.86412814642972 82.031250237716 50.95244245321044 69.62578630661915 
337.00030343851097 52.002200049571286 97.90239828538955 66.81684081703054 49.71577520401496 82.031250237716 51.51074114978354 69.62578630661915 
338.00030343851097 52.002200049571286 97.90239828538955 66.81684081703054 49.71577520401496 82.031250237716 51.51074114978354 69.62578630661915 
339.00030343851097 52.002200049571286 97.90239828538955 66.81684081703054 49.71577520401496 82.031250237716 52.30428404392188 69.62578630661915 
340.00030343851097 52.002200049571286 97.90239828538955 66.81684081703054 50.40735500897222 82.031250237716 52.858492701816544 69.62578630661915 
341.00030343851097 52.002200049571286 97.90239828538955 66.81684081703054 50.40735500897222 82.031250237716 52.858492701816544 69.62578630661915 
342.00030343851097 52.002200049571286 97.90239828538955 66.81684081703054 50.40735500897222 82.031250237716 53.034994586096445 69.62578630661915 
343.00030343851097 52.002200049571286 97.90239828538955 66.81684081703054 51.245764163558704 82.031250237716 53.034994586096445 69.62578630661915 
344.00030343851097 52.002200049571286 97.90239828538955 66.81684081703054 51.245764163558704 82.031250237716 54.39236044398814 69.62578630661915 
345.00030343851097 52.002200049571286 97.90239828538955 66.81684081703054 51.245764163558704 82.031250237716 53.81445481782987 69.62578630661915 
346.00030343851097 52.002200049571286 97.90239828538955 66.81684081703054 51.73273194581668 82.031250237716 54.43706171425487 69.62578630661915 
347.00030343851097 52.002200049571286 97.90239828538955 66.81684081703054 51.73273194581668 82.031250237716 55.27685084570294 69.62578630661915 
348.00030343851097 52.002200049571286 97.90239828538955 66.81684081703054 51.73273194581668 82.031250237716 54.965083202065784 69.62578630661915 
349.00030343851097 52.002200049571286 97.90239828538955 66.81684081703054 52.59351571559171 82.031250237716 55.84080263814366 69.62578630661915 
350.00030343851097 52.002200049571286 97.90239828538955 66.81684081703054 52.59351571559171 82.031250237716 56.49418099756116 69.62578630661915 
351.00030343851097 52.002200049571286 97.90239828538955 66.81684081703054 52.59351571559171 82.031250237716 58.615844092070176 69.62578630661915 
352.00030343851097 52.002200049571286 97.90239828538955 66.81684081703054 52.59351571559171 82.031250237716 56.97806792962717 69.62578630661915 
353.00030343851097 52.002200049571286 97.90239828538955 66.81684081703054 52.77001759987161 82.031250237716 57.34343400165989 69.62578630661915 
354.00030343851097 52.002200049571286 97.90239828538955 66.81684081703054 53.20769172690632 82.031250237716 57.42485649524201 69.62578630661915 
355.00030343851097 52.002200049571286 97.90239828538955 66.81684081703054 53.20769172690632 82.031250237716 57.989829369653876 69.62578630661915 
356.00030343851097 52.002200049571286 97.90239828538955 66.81684081703054 54.01857315213755 82.031250237716 58.84784274029852 69.62578630661915 
357.00030343851097 52.002200049571286 97.90239828538955 66.81684081703054 54.01857315213755 82.031250237716 58.84784274029852 69.62578630661915 
358.00030343851097 52.002200049571286 97.90239828538955 66.81684081703054 54.1273834577633 82.031250237716 58.90161199661594 69.62578630661915 
359.00030343851097 52.002200049571286 97.90239828538955 66.81684081703054 54.1273834577633 82.031250237716 59.15834951034867 69.62578630661915 
360.00030343851097 52.002200049571286 97.90239828538955 66.81684081703054 55.17208472803003 82.031250237716 59.860136979859476 69.62578630661915 
361.00030343851097 52.002200049571286 97.90239828538955 66.81684081703054 54.668710406033824 82.031250237716 59.860136979859476 69.62578630661915 
362.00030343851097 52.002200049571286 97.90239828538955 66.81684081703054 54.668710406033824 82.031250237716 60.45827811674809 69.62578630661915 
363.00030343851097 52.002200049571286 97.90239828538955 66.81684081703054 55.29284155504229 82.031250237716 60.45827811674809 69.62578630661915 
364.00030343851097 52.002200049571286 97.90239828538955 66.81684081703054 55.713090943402335 82.031250237716 60.513061744163 69.62578630661915 
365.00030343851097 52.002200049571286 97.90239828538955 66.81684081703054 55.713090943402335 82.031250237716 61.119043749980904 69.62578630661915 
366.00030343851097 52.002200049571286 97.90239828538955 66.81684081703054 55.97203621952826 82.031250237716 63.7408608344665 69.62578630661915 
367.00030343851097 52.002200049571286 97.90239828538955 66.81684081703054 56.15987950901717 82.031250237716 63.04044665195795 69.62578630661915 
368.00030343851097 52.002200049571286 97.90239828538955 66.81684081703054 56.58286575407368 82.031250237716 62.66419667205997 69.62578630661915 
369.00030343851097 52.002200049571286 97.90239828538955 66.81684081703054 56.58286575407368 82.031250237716 62.66419667205997 69.62578630661915 
370.00030343851097 52.002200049571286 97.90239828538955 66.81684081703054 56.77831004828738 82.031250237716 63.14630775993584 69.62578630661915 
371.00030343851097 52.002200049571286 97.90239828538955 66.81684081703054 56.89337252412383 82.031250237716 63.80899148690128 69.62578630661915 
372.00030343851097 52.002200049571286 97.90239828538955 66.81684081703054 57.02157739286105 82.031250237716 63.89163299713306 69.62578630661915 
373.00030343851097 52.002200049571286 97.90239828538955 66.81684081703054 58.09034033078933 82.031250237716 64.41771676614019 69.62578630661915 
374.00030343851097 52.002200049571286 97.90239828538955 66.81684081703054 58.19330113052325 82.031250237716 64.74908062499713 69.62578630661915 
375.00030343851097 52.002200049571286 97.90239828538955 66.81684081703054 58.19330113052325 82.031250237716 65.60275719333526 69.62578630661915 
376.00030343851097 52.002200049571286 97.90239828538955 66.81684081703054 58.75075514868786 82.031250237716 65.60275719333526 69.62578630661915 
377.00030343851097 52.002200049571286 97.90239828538955 66.81684081703054 59.475883848241665 82.031250237716 65.93053388299819 69.62578630661915 
378.00030343851097 52.002200049571286 97.90239828538955 66.81684081703054 61.475883848241665 82.031250237716 66.42893284197163 69.62578630661915 
379.00030343851097 52.002200049571286 97.90239828538955 66.81684081703054 60.05890934834804 82.031250237716 66.99265240610373 69.62578630661915 
380.00030343851097 52.002200049571286 97.90239828538955 66.81684081703054 60.77546966573311 82.031250237716 66.99265240610373 69.62578630661915 
381.00030343851097 52.002200049571286 97.90239828538955 66.81684081703054 60.399219685835135 82.031250237716 67.27701982794508 69.62578630661915 
382.00030343851097 52.002200049571286 97.90239828538955 66.81684081703054 60.54401450067644 82.031250237716 67.58547447854386 69.62578630661915 
383.00030343851097 52.002200049571286 97.90239828538955 66.81684081703054 61.05890934834804 82.031250237716 67.71923523842878 69.62578630661915 
384.00030343851097 52.002200049571286 97.90239828538955 66.81684081703054 61.15273977991535 82.031250237716 67.89185606522699 69.62578630661915 
385.00030343851097 52.002200049571286 97.90239828538955 66.81684081703054 61.4841036387723 82.031250237716 68.54962692129686 69.62578630661915 
386.00030343851097 52.002200049571286 97.90239828538955 66.81684081703054 62.33778020711043 82.031250237716 69.20723896072792 69.62578630661915 
387.00030343851097 52.002200049571286 97.90239828538955 66.81684081703054 62.66555689677335 82.031250237716 68.6721533888608 69.62578630661915 
388.00030343851097 52.002200049571286 97.90239828538955 66.81684081703054 62.66555689677335 82.031250237716 69.43294138491285 69.62578630661915 
389.00030343851097 52.002200049571286 97.90239828538955 66.81684081703054 63.16395585574679 82.031250237716 69.59883682603271 69.62578630661915 
390.00030343851097 52.002200049571286 97.90239828538955 66.81684081703054 63.72767541987889 82.031250237716 70.05722793947211 69.62578630661915 
391.00030343851097 52.002200049571286 97.90239828538955 66.81684081703054 63.72767541987889 82.031250237716 71.17877622358037 69.62578630661915 
392.00030343851097 52.002200049571286 97.90239828538955 66.81684081703054 64.32049749231902 82.031250237716 71.08773593372882 69.62578630661915 
393.00030343851097 52.002200049571286 97.90239828538955 66.81684081703054 64.36071684020379 82.031250237716 71.35755108885229 69.62578630661915 
394.00030343851097 52.002200049571286 97.90239828538955 66.81684081703054 65.03337005444405 82.031250237716 71.26535367422969 69.62578630661915 
395.00030343851097 52.002200049571286 97.90239828538955 66.81684081703054 65.03337005444405 82.031250237716 71.95972277266691 69.62578630661915 
396.00030343851097 52.002200049571286 97.90239828538955 66.81684081703054 65.62687907900215 82.031250237716 72.39223570800118 69.62578630661915 
397.00030343851097 52.002200049571286 97.90239828538955 66.81684081703054 65.72596285289706 82.031250237716 72.60759156115677 69.62578630661915 
398.00030343851097 52.002200049571286 97.90239828538955 66.81684081703054 66.0854107154928 82.031250237716 73.20934038614894 69.62578630661915 
399.00030343851097 52.002200049571286 97.90239828538955 66.81684081703054 66.16796439868801 82.031250237716 73.20934038614894 69.62578630661915 
400.00030343851097 52.002200049571286 97.90239828538955 66.81684081703054 66.73033643583113 82.031250237716 73.80035090226943 69.62578630661915 
401.00030343851097 52.002200049571286 97.90239828538955 66.81684081703054 66.79225095324728 82.031250237716 74.96917729709378 69.62578630661915 
402.00030343851097 52.002200049571286 97.90239828538955 66.81684081703054 67.91379923735553 82.031250237716 74.65178236014714 69.62578630661915 
403.00030343851097 52.002200049571286 97.90239828538955 66.81684081703054 67.51509889845573 82.031250237716 76.52877856119812 69.62578630661915 
404.00030343851097 52.002200049571286 97.90239828538955 66.81684081703054 68.82275894750398 82.031250237716 75.4866832265763 69.62578630661915 
405.00030343851097 52.002200049571286 97.90239828538955 66.81684081703054 68.1284059447944 82.031250237716 75.52877856119812 69.62578630661915 
406.00030343851097 52.002200049571286 97.90239828538955 66.81684081703054 68.90172023031823 82.031250237716 75.93809310460404 69.62578630661915 
407.00030343851097 52.002200049571286 97.90239828538955 66.81684081703054 68.74208858713791 82.031250237716 76.24338817936541 69.62578630661915 
408.00030343851097 52.002200049571286 97.90239828538955 66.81684081703054 69.34261457493193 82.031250237716 77.1717508645466 69.62578630661915 
409.00030343851097 52.002200049571286 97.90239828538955 66.81684081703054 68.9443633999241 82.031250237716 77.47909064720409 69.62578630661915 
410.00030343851097 52.002200049571286 97.90239828538955 66.81684081703054 69.63555113509074 82.031250237716 77.948477818362 69.62578630661915 
411.00030343851097 52.002200049571286 97.90239828538955 66.81684081703054 70.12519999022203 82.031250237716 78.42431132014855 69.62578630661915 
412.00030343851097 52.002200049571286 97.90239828538955 66.81684081703054 70.26380157497329 82.031250237716 78.45133987805912 69.62578630661915 
413.00030343851097 52.002200049571286 97.90239828538955 66.81684081703054 70.26380157497329 82.031250237716 78.80100601612139 69.62578630661915 
414.00030343851097 52.002200049571286 97.90239828538955 66.81684081703054 71.1862208210535 82.031250237716 79.56115408326303 69.62578630661915 
415.00030343851097 52.002200049571286 97.90239828538955 66.81684081703054 71.20879358269951 82.031250237716 79.56115408326303 69.62578630661915 
416.00030343851097 52.002200049571286 97.90239828538955 66.81684081703054 71.62176161805735 82.031250237716 81.18356706282606 69.62578630661915 
417.00030343851097 52.002200049571286 97.90239828538955 66.81684081703054 71.90677387832176 82.031250237716 80.7170823087846 69.62578630661915 
418.00030343851097 52.002200049571286 97.90239828538955 66.81684081703054 71.90677387832176 82.031250237716 80.75857115506096 69.62578630661915 
419.00030343851097 52.002200049571286 97.90239828538955 66.81684081703054 72.04594424868725 82.031250237716 81.41856175467478 69.62578630661915 
420.00030343851097 52.002200049571286 97.90239828538955 66.81684081703054 72.18636289183428 82.031250237716 81.37290691924443 69.62578630661915 
421.00030343851097 52.002200049571286 97.90239828538955 66.81684081703054 72.50285221176671 82.031250237716 81.65207743626479 69.62578630661915 
422.00030343851097 52.002200049571286 97.90239828538955 66.81684081703054 72.91859007660122 82.031250237716 81.83436977246214 69.62578630661915 
423.00030343851097 52.002200049571286 97.90239828538955 66.81684081703054 72.73453426332549 82.031250237716 276.3844944567498 69.62578630661915 
424.00030343851097 52.002200049571286 97.90239828538955 66.81684081703054 73.27017238408126 82.031250237716 82.67937801487471 69.62578630661915 
425.00030343851097 52.002200049571286 97.90239828538955 66.81684081703054 73.27017238408126 82.031250237716 86.13996081795585 69.62578630661915 
426.00030343851097 52.002200049571286 97.90239828538955 66.81684081703054 73.92697841385791 82.031250237716 84.82381219694668 69.62578630661915 
427.00030343851097 52.002200049571286 97.90239828538955 66.81684081703054 73.92697841385791 82.031250237716 84.05361477596864 69.62578630661915 
428.00030343851097 52.002200049571286 97.90239828538955 66.81684081703054 73.92697841385791 82.031250237716 88.1543552102496 69.62578630661915 
429.00030343851097 52.002200049571286 97.90239828538955 66.81684081703054 74.41440102864988 82.031250237716 86.42678877720414 69.62578630661915 
430.00030343851097 52.002200049571286 97.90239828538955 66.81684081703054 74.41440102864988 82.031250237716 85.89598572156115 69.62578630661915 
431.00030343851097 52.002200049571286 97.90239828538955 66.81684081703054 74.47590370073044 82.031250237716 87.13996081795585 69.62578630661915 
432.00030343851097 52.002200049571286 97.90239828538955 66.81684081703054 74.77640123560764 82.031250237716 85.69993108821905 69.62578630661915 
433.00030343851097 52.002200049571286 97.90239828538955 66.81684081703054 75.23778047829325 82.031250237716 88.1543552102496 69.62578630661915 
434.00030343851097 52.002200049571286 97.90239828538955 66.81684081703054 75.7886377897438 82.031250237716 87.6538829462745 69.62578630661915 
435.00030343851097 52.002200049571286 97.90239828538955 66.81684081703054 75.98149936805976 82.031250237716 88.08644060304584 69.62578630661915 
436.00030343851097 52.002200049571286 97.90239828538955 66.81684081703054 76.06617968962212 82.031250237716 88.42678877720414 69.62578630661915 
437.00030343851097 52.002200049571286 97.90239828538955 66.81684081703054 76.5212136658671 82.031250237716 88.03178368390593 69.62578630661915 
438.00030343851097 52.002200049571286 97.90239828538955 66.81684081703054 76.5212136658671 82.031250237716 88.46435486141075 69.62578630661915 
439.00030343851097 52.002200049571286 97.90239828538955 66.81684081703054 76.90468278609126 82.031250237716 89.03421751749283 69.62578630661915 
440.00030343851097 52.002200049571286 97.90239828538955 66.81684081703054 77.39010139557462 82.031250237716 218.168062598926 69.62578630661915 
441.00030343851097 52.002200049571286 97.90239828538955 66.81684081703054 77.4652635520248 82.031250237716 95.9984178050974 69.62578630661915 
442.00030343851097 52.002200049571286 97.90239828538955 66.81684081703054 77.68218888118508 82.031250237716 92.26284427864982 69.62578630661915 
443.00030343851097 52.002200049571286 97.90239828538955 66.81684081703054 77.97966838887896 82.031250237716 99.38449445674979 69.62578630661915 
444.00030343851097 52.002200049571286 97.90239828538955 66.81684081703054 78.38890596004967 82.031250237716 90.58448562231513 69.62578630661915 
445.00030343851097 52.002200049571286 97.90239828538955 66.81684081703054 78.38890596004967 82.031250237716 94.9984178050974 69.62578630661915 
446.00030343851097 52.002200049571286 97.90239828538955 66.81684081703054 79.15552421426122 82.031250237716 94.94848936522794 69.62578630661915 
447.00030343851097 52.002200049571286 97.90239828538955 66.81684081703054 81.15552421426122 82.031250237716 94.94848936522794 69.62578630661915 
448.00030343851097 52.002200049571286 97.90239828538955 66.81684081703054 80.23186093170216 82.031250237716 93.26284427864982 69.62578630661915 
449.00030343851097 52.002200049571286 97.90239828538955 66.81684081703054 80.19143793854079 82.031250237716 100.38449445674979 69.62578630661915 
450.00030343851097 52.002200049571286 97.90239828538955 66.81684081703054 317.8988127553956 82.031250237716 94.9984178050974 69.62578630661915 
451.00030343851097 52.002200049571286 97.90239828538955 66.81684081703054 82.99786729242498 82.031250237716 93.71854060582962 69.62578630661915 
452.00030343851097 52.002200049571286 97.90239828538955 66.81684081703054 89.11951747052495 82.031250237716 95.94848936522794 69.62578630661915 
453.00030343851097 52.002200049571286 97.90239828538955 66.81684081703054 86.11951747052495 82.031250237716 95.94848936522794 69.62578630661915 
454.00030343851097 52.002200049571286 97.90239828538955 66.81684081703054 84.73344081887257 82.031250237716 97.9984178050974 69.62578630661915 
455.00030343851097 52.002200049571286 97.90239828538955 66.81684081703054 84.6835123790031 82.031250237716 95.94848936522794 69.62578630661915 
456.00030343851097 52.002200049571286 97.90239828538955 66.81684081703054 82.95479298792793 82.031250237716 102.38449445674979 69.62578630661915 
457.00030343851097 52.002200049571286 97.90239828538955 66.81684081703054 83.99786729242498 82.031250237716 96.94848936522794 69.62578630661915 
458.00030343851097 52.002200049571286 97.90239828538955 66.81684081703054 90.11951747052495 82.031250237716 97.9984178050974 69.62578630661915 
459.00030343851097 52.002200049571286 97.90239828538955 66.81684081703054 84.19625188318741 82.031250237716 97.56678060585 69.62578630661915 
460.00030343851097 52.002200049571286 97.90239828538955 66.81684081703054 88.11951747052495 82.031250237716 98.9984178050974 69.62578630661915 
461.00030343851097 52.002200049571286 97.90239828538955 66.81684081703054 86.73344081887257 82.031250237716 98.75904156910235 69.62578630661915 
462.00030343851097 52.002200049571286 97.90239828538955 66.81684081703054 86.6835123790031 82.031250237716 103.38449445674979 69.62578630661915 
463.00030343851097 52.002200049571286 97.90239828538955 66.81684081703054 90.11951747052495 82.031250237716 101.38449445674979 69.62578630661915 
464.00030343851097 52.002200049571286 97.90239828538955 66.81684081703054 86.16288383859876 82.031250237716 100.38449445674979 69.62578630661915 
465.00030343851097 52.002200049571286 97.90239828538955 66.81684081703054 90.11951747052495 82.031250237716 100.38449445674979 69.62578630661915 
466.00030343851097 52.002200049571286 97.90239828538955 66.81684081703054 90.11951747052495 82.031250237716 100.9514544063561 69.62578630661915 
467.00030343851097 52.002200049571286 97.90239828538955 66.81684081703054 90.11951747052495 82.031250237716 100.38449445674979 69.62578630661915 
468.00030343851097 52.002200049571286 97.90239828538955 66.81684081703054 88.73344081887257 82.031250237716 101.16806259892599 69.62578630661915 
469.00030343851097 52.002200049571286 97.90239828538955 66.81684081703054 88.73344081887257 82.031250237716 101.16806259892599 69.62578630661915 
470.00030343851097 52.002200049571286 97.90239828538955 66.81684081703054 92.11951747052495 82.031250237716 101.16806259892599 69.62578630661915 
471.00030343851097 52.002200049571286 97.90239828538955 66.81684081703054 91.11951747052495 82.031250237716 101.16806259892599 69.62578630661915 
472.00030343851097 52.002200049571286 97.90239828538955 66.81684081703054 91.11951747052495 82.031250237716 101.16806259892599 69.62578630661915 
473.00030343851097 52.002200049571286 97.90239828538955 66.81684081703054 91.11951747052495 82.031250237716 101.16806259892599 69.62578630661915 
474.00030343851097 52.002200049571286 97.90239828538955 66.81684081703054 90.84880679116918 82.031250237716 101.16806259892599 69.62578630661915 
475.00030343851097 52.002200049571286 97.90239828538955 66.81684081703054 92.11951747052495 82.031250237716 101.16806259892599 69.62578630661915 
476.00030343851097 52.002200049571286 97.90239828538955 66.81684081703054 92.06205090314029 82.031250237716 101.16806259892599 69.62578630661915 
477.00030343851097 52.002200049571286 97.90239828538955 66.81684081703054 92.06205090314029 82.031250237716 101.16806259892599 69.62578630661915 
478.00030343851097 52.002200049571286 97.90239828538955 66.81684081703054 92.06205090314029 82.031250237716 101.16806259892599 69.62578630661915 
479.00030343851097 52.002200049571286 97.90239828538955 66.81684081703054 92.06205090314029 82.031250237716 101.16806259892599 69.62578630661915 
480.00030343851097 52.002200049571286 97.90239828538955 66.81684081703054 92.06205090314029 82.031250237716 101.16806259892599 69.62578630661915 
481.00030343851097 52.002200049571286 97.90239828538955 66.81684081703054 92.06205090314029 82.031250237716 101.16806259892599 69.62578630661915 
#####################################################################
# End of data export. Simulation finished at: 2020-03-23T08:03+0000 #
#####################################################################
