#####################################################################
# Alchemist log file - simulation started at: 2020-03-22T19:00+0000 #
#####################################################################
# seed = 88.0, diameter = 100
#
# The columns have the following meaning: 
# time error-central[Sum] error-extreme[Sum] error-random[Sum] error-pageRank[Sum] error-harmonic[Sum] error-closeness[Sum] error-degree[Sum] 
0.0 NaN NaN NaN NaN NaN NaN NaN 
1.00040360136654 0.0 0.0 0.0 0.0 0.0 0.9125090189809277 0.0 
2.00040360136654 48.221523155408725 47.422593724952215 32.85902924758465 47.53702677405487 131.93325619388898 28.60638588911549 61.89349505170086 
3.00040360136654 29.050183874614355 28.573844304531832 17.952038711295064 29.783965102261597 168.95404582651753 21.594054540553103 40.049348137456 
4.00040360136654 14.643759958026521 14.000004656238463 14.679436638116627 12.853859171366187 142.49413378082292 15.759111966023626 15.63775266546425 
5.00040360136654 17.52517385859904 22.127679109239217 18.116962471810613 11.182911057226525 118.21302466222433 20.90551203505192 11.728443881461702 
6.00040360136654 16.817934515127792 16.83251677387131 10.586705187127862 10.616806288618388 75.84025782463772 15.297187154658673 11.885327693777162 
7.00040360136654 11.175216738983766 10.82079110499688 6.350184698412734 5.852239026343067 65.53449870918479 11.586717364274058 10.801991022670194 
8.00040360136654 7.067031515685602 6.767386128717099 6.694070143005383 8.680755166484523 61.805125871111876 7.748282288884909 11.028732232673182 
9.00040360136654 16.768964653297378 10.742786233102414 4.759471145293661 3.950070369056683 27.106714040792685 7.7482822888849086 5.160433505715621 
10.00040360136654 8.963097514660204 5.3239651801380035 4.759471145293661 4.401626144104284 18.38781342677588 7.927027217125813 5.500774487188532 
11.00040360136654 31.17484007355486 12.86560195774069 4.939848638613558 4.401626144104284 24.587033341347617 22.24191141749913 5.601266136557797 
12.00040360136654 8.696809421305012 5.227158892526925 5.185323061571703 4.401626144104284 19.584027931637312 3.689108640972175 6.619818161513701 
13.00040360136654 6.002375427190492 5.2117624137892555 5.665422868265724 13.385558948780819 12.779693571473075 11.820452063515287 4.645400889810242 
14.00040360136654 3.66025800334935 5.2117624137892555 15.713869440248365 11.738236616012438 14.866357679449575 12.924240527993732 1.962702221954462 
15.00040360136654 3.66025800334935 16.8801799792338 6.302399340989794 6.045926898795885 8.415157989779946 5.680350657102155 13.80011286136687 
16.00040360136654 3.66025800334935 5.869332956837743 5.958508501722285 18.581673503754338 18.207725491670992 4.680350657102155 3.767462162677406 
17.00040360136654 3.6602580033493517 5.501871269767104 6.098857683103532 6.452992567552661 7.577779532709904 4.680350657102155 3.767462162677406 
18.00040360136654 17.943101920188003 6.417076066572816 6.098857683103532 6.452992567552661 20.837425601483538 17.045400032537344 3.767462162677406 
19.00040360136654 3.6602580033493517 6.417076066572816 6.240948775343879 21.742875945538373 7.110851843069357 4.680350657102155 3.767462162677406 
20.00040360136654 3.6602580033493517 6.417076066572815 22.304327943896045 7.312517771913335 7.139490621789273 4.680350657102155 3.774257385910712 
21.00040360136654 3.6602580033493517 6.417076066572815 3.0872880989848426 3.631582075639802 24.655999732494298 19.98432800943978 4.272151488463656 
22.00040360136654 3.6602580033493517 25.570723048814934 3.0872880989848426 3.631582075639802 16.38528664837093 5.2902836697331175 4.272151488463656 
23.00040360136654 3.6602580033493517 7.712628870792187 3.0872880989848426 3.631582075639802 6.761227604997178 5.2902836697331175 4.272151488463656 
24.00040360136654 3.6602580033493517 7.712628870792187 3.0872880989848426 3.631582075639802 6.761227604997178 5.2902836697331175 4.495980077943049 
25.00040360136654 3.6602580033493517 7.681480971718621 3.713932999431723 23.87440014562609 3.55183239594254 5.969506491440612 22.245711682544904 
26.00040360136654 3.6602580033493517 4.739457013595654 3.713932999431723 22.87440014562609 3.55183239594254 5.969506491440612 4.495980077943049 
27.00040360136654 3.6602580033493517 4.739457013595654 3.713932999431723 3.996441502345327 3.55183239594254 5.969506491440612 4.495980077943049 
28.00040360136654 3.6602580033493517 4.739457013595654 3.7749387435925037 3.8744001456260904 3.55183239594254 5.969506491440612 4.495980077943049 
29.00040360136654 3.8195460787904914 4.739457013595654 3.882140524219281 25.516146143239403 3.55183239594254 5.969506491440612 28.81687301142769 
30.00040360136654 3.8195460787904914 4.739457013595654 3.882140524219281 4.117694393113037 15.59976698456685 5.969506491440612 5.013740213536003 
31.00040360136654 30.868879880943744 4.739457013595654 3.882140524219281 5.1493422112327565 4.10022566454473 6.0411830848933725 5.013740213536003 
32.00040360136654 3.8195460787904914 4.739457013595654 3.882140524219281 30.660174907684755 4.10022566454473 6.0411830848933725 31.380544145542654 
33.00040360136654 4.053535898630834 4.739457013595654 3.882140524219281 5.1493422112327565 4.100225664544734 31.66552444067785 5.013740213536003 
34.00040360136654 4.053535898630834 4.739457013595654 3.882140524219281 5.1493422112327565 4.100225664544734 6.362969768139411 5.013740213536003 
35.00040360136654 4.053535898630834 4.739457013595654 3.882140524219281 5.1493422112327565 4.394489676160937 6.362969768139411 5.013740213536003 
36.00040360136654 4.053535898630834 4.739457013595654 3.882140524219281 5.1493422112327565 4.394489676160937 6.362969768139411 5.013740213536003 
37.00040360136654 4.053535898630834 4.739457013595654 3.882140524219281 5.1493422112327565 4.394489676160937 6.362969768139411 5.013740213536003 
38.00040360136654 37.73207367695069 4.739457013595654 3.882140524219281 5.1493422112327565 4.394489676160937 6.362969768139411 5.013740213536003 
39.00040360136654 5.150971050424772 4.739457013595654 3.882140524219281 37.64196047318709 4.394489676160937 6.925894420595299 4.989616513304064 
40.00040360136654 5.735516422330761 4.739457013595654 3.882140524219281 7.492633304473003 4.394489676160937 6.925894420595299 39.20845744554909 
41.00040360136654 5.735516422330761 4.739457013595654 4.137360394245718 6.1493422112327565 4.394489676160937 6.925894420595299 40.432195943286416 
42.00040360136654 5.735516422330761 4.739457013595654 4.227451500038825 6.1493422112327565 4.394489676160937 6.925894420595299 6.013740213536003 
43.00040360136654 5.735516422330761 4.739457013595654 4.227451500038825 6.1493422112327565 4.394489676160937 7.175975763975728 6.013740213536003 
44.00040360136654 5.735516422330761 4.739457013595654 4.227451500038825 6.1493422112327565 4.394489676160937 6.925894420595299 6.013740213536003 
45.00040360136654 5.735516422330761 4.739457013595654 5.178697738071591 6.1493422112327565 4.394489676160937 44.11418291053863 6.013740213536003 
46.00040360136654 6.021328739630263 4.887545017052858 5.178697738071591 6.1493422112327565 4.394489676160937 6.925894420595299 6.013740213536003 
47.00040360136654 6.021328739630263 4.887545017052858 5.178697738071591 45.78530338698048 4.52204047074855 7.527045576228701 6.013740213536003 
48.00040360136654 6.021328739630263 4.887545017052858 5.178697738071591 46.807157772556224 35.58074372702835 7.527045576228701 6.013740213536003 
49.00040360136654 6.021328739630263 4.887545017052858 5.178697738071591 6.62310630324648 5.412616352404015 7.527045576228701 6.086419607497412 
50.00040360136654 49.70033189948417 4.887545017052858 5.178697738071591 6.62310630324648 5.412616352404015 7.527045576228701 49.64970138928373 
51.00040360136654 7.099504017246339 4.887545017052858 5.178697738071591 6.222021605194165 5.412616352404015 7.527045576228701 7.487504305549727 
52.00040360136654 7.099504017246339 4.887545017052858 5.178697738071591 6.222021605194165 5.412616352404015 7.527045576228701 7.487504305549727 
53.00040360136654 7.099504017246339 4.887545017052858 5.349746157818387 6.222021605194165 5.412616352404015 7.527045576228701 7.487504305549727 
54.00040360136654 7.099504017246339 4.887545017052858 5.349746157818387 6.222021605194165 5.412616352404015 7.527045576228701 6.383486546932325 
55.00040360136654 7.099504017246339 4.887545017052858 5.349746157818387 6.222021605194165 52.20756369162169 7.527045576228701 6.383486546932325 
56.00040360136654 7.352443588978012 4.887545017052858 5.349746157818387 6.8930727327684735 5.412616352404015 7.527045576228701 6.383486546932325 
57.00040360136654 8.099504017246339 4.887545017052858 5.60300966120208 6.8930727327684735 5.412616352404015 7.527045576228701 6.383486546932325 
58.00040360136654 57.7282780980774 4.887545017052858 57.10236525228001 6.8930727327684735 5.412616352404015 7.527045576228701 6.7574707350717205 
59.00040360136654 7.352443588978012 4.887545017052858 8.247734163184425 6.8930727327684735 5.412616352404015 7.527045576228701 6.7574707350717205 
60.00040360136654 7.857588156829543 4.887545017052858 8.247734163184425 6.8930727327684735 6.051730544129832 7.527045576228701 6.7574707350717205 
61.00040360136654 7.352443588978012 4.887545017052858 8.247734163184425 6.8930727327684735 6.458582132076941 7.527045576228701 6.7574707350717205 
62.00040360136654 8.857588156829543 4.887545017052858 8.247734163184425 6.8930727327684735 6.458582132076941 7.572382471562406 6.7574707350717205 
63.00040360136654 8.857588156829543 4.887545017052858 8.247734163184425 7.750088402302005 6.458582132076941 7.572382471562406 6.7574707350717205 
64.00040360136654 8.857588156829543 4.887545017052858 8.247734163184425 7.750088402302005 6.458582132076941 7.572382471562406 6.7574707350717205 
65.00040360136654 8.85758815682955 4.887545017052851 8.247734163184425 7.750088402302012 6.734969810569943 7.572382471562406 7.614486404605245 
66.00040360136654 8.85758815682955 4.887545017052851 8.247734163184425 7.750088402302012 6.734969810569943 7.572382471562406 7.614486404605245 
67.00040360136654 8.85758815682955 4.887545017052851 8.247734163184425 7.750088402302012 6.734969810569943 7.572382471562406 7.614486404605245 
68.00040360136654 8.85758815682955 4.887545017052851 7.247734163184425 7.750088402302012 6.734969810569943 7.572382471562406 7.614486404605245 
69.00040360136654 8.85758815682955 4.887545017052851 7.247734163184425 7.750088402302012 6.734969810569943 7.785377276170742 7.614486404605245 
70.00040360136654 8.85758815682955 4.887545017052844 7.247734163184425 7.750088402302012 7.7077906483652825 7.785377276170742 7.614486404605245 
71.00040360136654 8.85758815682955 4.887545017052844 9.70456306882214 7.750088402302012 7.7077906483652825 7.785377276170742 7.614486404605245 
72.00040360136654 8.85758815682955 4.887545017052844 9.70456306882214 7.750088402302012 7.70779064836529 7.785377276170742 7.614486404605245 
73.00040360136654 8.85758815682955 4.887545017052844 9.70456306882214 7.750088402302012 7.70779064836529 7.785377276170735 7.614486404605245 
74.00040360136654 8.85758815682955 4.887545017052844 9.70456306882214 7.750088402302012 7.70779064836529 7.785377276170735 7.614486404605245 
75.00040360136654 8.85758815682955 4.887545017052844 9.70456306882214 7.750088402302012 7.70779064836529 7.785377276170735 7.614486404605245 
76.00040360136654 8.85758815682955 4.887545017052844 10.166069043222123 7.750088402302012 7.70779064836529 7.785377276170735 7.614486404605245 
77.00040360136654 8.85758815682955 4.887545017052844 76.02724817300077 7.750088402302012 7.70779064836529 7.785377276170735 7.614486404605245 
78.00040360136654 9.29756975328604 4.887545017052844 10.166069043222123 7.750088402302012 7.70779064836529 8.195930726880945 7.614486404605245 
79.00040360136654 9.29756975328604 4.887545017052844 78.13551688895056 7.750088402302012 7.70779064836529 8.388550823539575 7.614486404605245 
80.00040360136654 9.29756975328604 4.887545017052844 10.166069043222123 7.750088402302012 7.70779064836529 8.388550823539575 7.614486404605245 
81.00040360136654 9.29756975328604 4.887545017052844 10.166069043222123 7.750088402302012 7.70779064836529 8.388550823539575 7.614486404605245 
82.00040360136654 9.29756975328604 4.887545017052844 10.166069043222123 7.750088402302012 7.70779064836529 8.388550823539575 7.614486404605245 
83.00040360136654 9.29756975328604 4.887545017052844 10.166069043222123 7.750088402302012 7.70779064836529 8.388550823539575 7.614486404605245 
84.00040360136654 9.29756975328604 4.887545017052844 10.316151573732824 7.750088402302012 7.70779064836529 8.388550823539575 7.614486404605245 
85.00040360136654 9.29756975328604 4.887545017052844 10.627890453706982 7.750088402302012 7.70779064836529 8.388550823539575 7.614486404605245 
86.00040360136654 9.29756975328604 4.887545017052844 10.627890453706982 7.750088402302012 7.70779064836529 9.302540029929489 7.614486404605245 
87.00040360136654 9.29756975328604 4.887545017052844 10.627890453706982 7.750088402302012 7.70779064836529 9.302540029929489 7.614486404605245 
88.00040360136654 9.29756975328604 4.887545017052844 10.627890453706982 7.750088402302012 85.78381520460928 9.302540029929489 7.614486404605245 
89.00040360136654 9.29756975328604 4.887545017052844 10.627890453706982 7.750088402302012 8.972448464224058 9.302540029929489 7.614486404605245 
90.00040360136654 9.29756975328604 4.887545017052844 10.627890453706982 7.750088402302012 8.972448464224058 9.302540029929489 7.614486404605245 
91.00040360136654 9.29756975328604 4.887545017052844 10.627890453706982 7.750088402302012 8.972448464224058 9.302540029929489 7.614486404605245 
92.00040360136654 9.52663748736569 4.887545017052844 10.627890453706982 7.750088402302012 8.972448464224058 9.302540029929489 7.614486404605245 
93.00040360136654 92.90097851788724 4.887545017052844 11.056402555800219 7.750088402302012 8.972448464224058 9.302540029929489 7.614486404605245 
94.00040360136654 9.52663748736569 4.887545017052844 11.056402555800219 7.750088402302012 8.972448464224058 9.302540029929489 7.614486404605245 
95.00040360136654 9.52663748736569 4.887545017052844 11.056402555800219 7.750088402302012 8.972448464224058 9.302540029929489 7.614486404605245 
96.00040360136654 9.52663748736569 4.887545017052844 11.056402555800219 7.750088402302012 8.972448464224058 9.302540029929489 7.614486404605245 
97.00040360136654 9.52663748736569 4.887545017052844 11.056402555800219 7.750088402302012 8.972448464224058 9.302540029929489 7.614486404605245 
98.00040360136654 9.52663748736569 4.887545017052844 96.99981320195326 7.750088402302012 8.972448464224058 9.302540029929489 7.614486404605245 
99.00040360136654 9.52663748736569 4.887545017052844 11.056402555800219 7.750088402302012 8.527765899557124 9.302540029929489 7.614486404605245 
100.00040360136654 9.52663748736569 4.887545017052844 99.09500254969556 7.830443157667304 8.527765899557124 9.302540029929489 7.614486404605245 
101.00040360136654 11.055800103852533 4.887545017052844 11.056402555800219 99.71656343568186 8.527765899557124 9.302540029929489 7.614486404605245 
102.00040360136654 11.055800103852533 4.972552597396486 11.056402555800219 9.133332083491382 8.627090814923946 9.302540029929489 7.614486404605245 
103.00040360136654 11.055800103852533 4.972552597396486 11.056402555800219 9.133332083491382 8.627090814923946 9.302540029929489 102.65659985002428 
104.00040360136654 11.055800103852533 4.972552597396486 11.056402555800219 9.133332083491382 8.627090814923946 9.302540029929489 8.997730085794615 
105.00040360136654 11.055800103852533 4.972552597396486 11.056402555800219 8.133332083491382 8.627090814923946 9.302540029929489 8.997730085794615 
106.00040360136654 11.055800103852533 4.972552597396486 11.387182179859394 8.133332083491382 8.627090814923946 9.302540029929489 8.458707963773676 
107.00040360136654 11.055800103852533 4.972552597396486 11.387182179859394 8.133332083491382 8.627090814923946 9.57796720162328 7.778328849807679 
108.00040360136654 11.055800103852533 4.972552597396486 11.387182179859394 8.133332083491382 8.627090814923946 9.57796720162328 7.778934163623248 
109.00040360136654 11.055800103852533 4.972552597396486 11.387182179859394 8.133332083491382 8.627090814923946 9.57796720162328 7.778934163623248 
110.00040360136654 11.055800103852533 4.972552597396486 11.387182179859394 8.133332083491382 9.289354876904909 9.57796720162328 7.778934163623248 
111.00040360136654 11.055800103852533 4.972552597396486 11.387182179859394 8.133332083491382 9.289354876904909 9.57796720162328 7.778934163623248 
112.00040360136654 111.95002691656597 4.972552597396486 11.387182179859394 8.133332083491382 9.289354876904909 9.57796720162328 7.997730085794615 
113.00040360136654 11.055800103852533 4.972552597396486 11.387182179859394 8.227181694134998 9.289354876904909 9.57796720162328 7.997730085794615 
114.00040360136654 11.533610891057833 4.972552597396486 11.387182179859394 8.227181694134998 9.289354876904909 9.57796720162328 7.997730085794615 
115.00040360136654 11.533610891057833 4.972552597396486 11.387182179859394 8.227181694134998 9.289354876904909 9.662458269844706 7.997730085794615 
116.00040360136654 11.533610891057833 4.972552597396486 11.387182179859394 8.797699783961122 9.289354876904909 9.662458269844706 7.997730085794615 
117.00040360136654 11.533610891057833 4.972552597396486 11.387182179859394 8.797699783961122 9.289354876904909 9.662458269844706 8.091579696438231 
118.00040360136654 11.533610891057833 4.887545017052844 11.387182179859394 8.797699783961122 9.289354876904909 9.662458269844706 8.091579696438231 
119.00040360136654 11.716062366773116 4.887545017052844 11.387182179859394 8.797699783961122 9.289354876904909 9.943541174262549 8.091579696438231 
120.00040360136654 11.716062366773116 6.972552597396486 11.387182179859394 8.797699783961122 9.289354876904909 9.943541174262549 8.662097786264354 
121.00040360136654 11.716062366773116 6.972552597396486 11.387182179859394 8.797699783961122 9.289354876904909 9.943541174262549 8.662097786264354 
122.00040360136654 11.716062366773116 6.972552597396486 11.387182179859394 8.797699783961122 10.244017981571204 9.943541174262549 8.662097786264354 
123.00040360136654 11.716062366773116 6.972552597396486 11.387182179859394 8.797699783961122 10.244017981571204 9.943541174262549 8.662097786264354 
124.00040360136654 123.82065244059363 7.467084135732108 11.387182179859394 8.797699783961122 10.244017981571204 9.943541174262549 8.662097786264354 
125.00040360136654 11.716062366773116 7.467084135732108 11.387182179859394 8.797699783961122 10.244017981571204 9.943541174262549 8.662097786264354 
126.00040360136654 11.716062366773116 7.467084135732108 11.387182179859394 8.797699783961122 125.31593586826172 9.943541174262549 8.662097786264354 
127.00040360136654 11.716062366773116 7.467084135732108 11.387182179859394 8.797699783961122 13.07994217348191 9.943541174262549 8.662097786264354 
128.00040360136654 11.716062366773116 7.467084135732108 11.950106832315285 8.797699783961122 13.07994217348191 126.99447929545711 8.662097786264354 
129.00040360136654 11.716062366773116 7.467084135732108 11.95010683231527 8.797699783961122 13.07994217348191 10.994479295457097 8.662097786264354 
130.00040360136654 11.716062366773116 7.467084135732108 11.95010683231527 8.797699783961122 13.07994217348191 129.09600461997576 8.662097786264354 
131.00040360136654 11.716062366773116 7.467084135732108 11.95010683231527 8.797699783961122 13.07994217348191 10.994479295457097 8.662097786264354 
132.00040360136654 11.716062366773116 7.467084135732108 11.95010683231527 8.797699783961122 12.043311818323417 10.994479295457097 8.662097786264354 
133.00040360136654 11.716062366773116 7.467084135732108 11.95010683231527 8.797699783961122 12.043311818323417 10.994479295457097 8.662097786264354 
134.00040360136654 11.716062366773116 7.467084135732108 11.95010683231527 8.797699783961122 12.043311818323417 10.994479295457097 8.662097786264354 
135.00040360136654 11.716062366773116 7.467084135732108 11.95010683231527 8.797699783961122 12.043311818323417 10.994479295457097 8.662097786264354 
136.00040360136654 11.716062366773116 7.467084135732108 12.066781494140145 8.797699783961122 12.043311818323417 10.994479295457097 8.662097786264354 
137.00040360136654 11.716062366773116 7.467084135732108 12.066781494140145 8.797699783961122 12.043311818323417 10.994479295457097 8.662097786264354 
138.00040360136654 11.716062366773116 7.467084135732108 12.066781494140145 8.797699783961122 12.043311818323417 10.994479295457097 8.662097786264354 
139.00040360136654 11.716062366773116 7.467084135732108 12.066781494140145 8.797699783961122 12.043311818323417 10.994479295457097 8.662097786264354 
140.00040360136654 11.716062366773116 7.467084135732108 12.551257987948674 8.797699783961122 12.043311818323417 10.994479295457097 8.662097786264354 
141.00040360136654 11.716062366773116 7.467084135732108 12.551257987948674 8.797699783961122 12.043311818323417 10.994479295457097 8.662097786264354 
142.00040360136654 11.716062366773116 7.467084135732108 12.551257987948674 8.797699783961122 12.043311818323417 10.994479295457097 8.662097786264354 
143.00040360136654 11.716062366773116 7.467084135732108 12.551257987948674 8.797699783961122 12.043311818323417 10.994479295457097 8.662097786264354 
144.00040360136654 11.716062366773116 7.502247414182506 12.551257987948674 8.797699783961122 12.043311818323417 10.994479295457097 8.662097786264354 
145.00040360136654 11.716062366773116 7.502247414182506 12.551257987948674 8.98612453274248 12.043311818323417 10.994479295457097 8.662097786264354 
146.00040360136654 11.716062366773116 7.502247414182506 12.551257987948674 8.98612453274248 12.043311818323417 11.197417599766709 8.662097786264354 
147.00040360136654 11.716062366773116 7.502247414182506 12.551257987948674 8.98612453274248 145.63928983037687 11.197417599766709 8.662097786264354 
148.00040360136654 11.716062366773116 7.502247414182506 12.551257987948674 9.448553674543916 12.043311818323417 11.197417599766709 8.662097786264354 
149.00040360136654 11.716062366773116 7.502247414182506 12.551257987948674 9.448553674543916 12.043311818323417 11.197417599766709 8.850522535045712 
150.00040360136654 11.716062366773116 7.502247414182506 12.551257987948674 9.448553674543916 12.043311818323417 11.278783120406075 8.850522535045712 
151.00040360136654 11.716062366773116 7.502247414182506 12.551257987948674 9.448553674543916 12.85882903684464 12.086574697311733 8.850522535045712 
152.00040360136654 11.716062366773116 7.502247414182506 12.551257987948674 9.448553674543916 12.85882903684464 12.086574697311733 9.312951676847149 
153.00040360136654 11.716062366773116 7.502247414182506 12.551257987948674 9.448553674543916 12.85882903684464 12.086574697311733 9.312951676847149 
154.00040360136654 11.716062366773116 7.502247414182506 12.551257987948674 9.724349798881747 12.85882903684464 12.086574697311733 9.312951676847149 
155.00040360136654 11.716062366773116 7.502247414182506 12.551257987948674 9.724349798881747 12.85882903684464 12.086574697311733 9.312951676847149 
156.00040360136654 12.194960429884958 8.192995435142905 12.551257987948674 9.724349798881747 12.85882903684464 12.086574697311733 9.312951676847149 
157.00040360136654 12.194960429884958 8.192995435142905 12.551257987948674 9.724349798881747 12.85882903684464 12.086574697311733 9.312951676847149 
158.00040360136654 12.194960429884958 8.192995435142905 12.551257987948674 9.724349798881747 12.85882903684464 12.086574697311733 9.58874780118498 
159.00040360136654 12.194960429884958 8.192995435142905 12.551257987948674 9.724349798881747 12.85882903684464 12.086574697311733 9.58874780118498 
160.00040360136654 12.194960429884958 8.192995435142905 12.551257987948674 9.724349798881747 12.85882903684464 12.086574697311733 9.58874780118498 
161.00040360136654 12.194960429884958 8.192995435142905 12.551257987948674 9.724349798881747 12.85882903684464 12.086574697311733 9.58874780118498 
162.00040360136654 12.194960429884958 8.192995435142905 12.596594883282364 9.724349798881747 12.85882903684464 12.086574697311733 9.58874780118498 
163.00040360136654 12.194960429884958 8.192995435142905 12.596594883282364 9.724349798881747 12.85882903684464 12.086574697311733 9.58874780118498 
164.00040360136654 12.194960429884958 8.192995435142905 12.596594883282364 9.724349798881747 12.85882903684464 12.086574697311733 9.58874780118498 
165.00040360136654 12.194960429884958 8.192995435142905 12.596594883282364 9.724349798881747 12.85882903684464 12.086574697311733 9.58874780118498 
166.00040360136654 12.194960429884958 8.192995435142905 12.596594883282364 9.763136254051034 12.85882903684464 12.086574697311733 9.58874780118498 
167.00040360136654 12.194960429884958 8.192995435142905 12.596594883282364 9.763136254051034 12.85882903684464 12.13707587497899 9.58874780118498 
168.00040360136654 12.194960429884958 8.192995435142905 12.596594883282364 9.763136254051034 14.078473030562066 12.356188435720185 9.58874780118498 
169.00040360136654 12.194960429884958 8.192995435142905 12.596594883282364 9.763136254051034 14.078473030562066 12.356188435720185 9.58874780118498 
170.00040360136654 12.194960429884958 169.69209261051472 12.809589687890707 9.88561566584167 14.078473030562066 12.49059128627917 9.627534256354267 
171.00040360136654 12.194960429884958 9.234421412405851 12.809589687890707 9.88561566584167 14.078473030562066 12.589456613454843 9.627534256354267 
172.00040360136654 12.194960429884958 9.234421412405851 12.809589687890707 9.88561566584167 14.078473030562066 12.589456613454843 9.627534256354267 
173.00040360136654 12.194960429884958 9.234421412405851 12.809589687890707 9.88561566584167 14.078473030562066 12.589456613454843 9.627534256354267 
174.00040360136654 12.194960429884958 9.234421412405851 12.809589687890707 10.79815512415513 14.078473030562066 173.09946356603294 9.750013668144902 
175.00040360136654 12.194960429884958 9.234421412405851 12.809589687890707 10.79815512415513 14.078473030562066 15.97758143904295 9.750013668144902 
176.00040360136654 12.194960429884958 9.234421412405851 12.809589687890707 10.79815512415513 14.078473030562066 175.11770390743868 9.750013668144902 
177.00040360136654 12.194960429884958 9.234421412405851 12.809589687890707 10.79815512415513 14.740432307472076 15.97758143904295 9.750013668144902 
178.00040360136654 12.50574866985147 9.234421412405851 12.809589687890707 10.79815512415513 14.740432307472076 15.97758143904295 10.662553126458363 
179.00040360136654 12.50574866985147 9.234421412405851 13.220143138600918 10.79815512415513 14.740432307472076 15.97758143904295 10.662553126458363 
180.00040360136654 12.50574866985147 9.234421412405851 13.220143138600918 10.79815512415513 14.740432307472076 15.00694786708766 10.662553126458363 
181.00040360136654 12.50574866985147 9.234421412405851 13.220143138600918 10.79815512415513 14.740432307472076 15.00694786708766 10.662553126458363 
182.00040360136654 12.50574866985147 9.234421412405851 13.220143138600918 10.79815512415513 14.740432307472076 15.00694786708766 10.662553126458363 
183.00040360136654 12.50574866985147 9.234421412405851 13.220143138600918 12.065146955740232 14.950950192961471 15.00694786708766 10.662553126458363 
184.00040360136654 12.50574866985147 9.234421412405851 13.220143138600918 12.065146955740232 14.950950192961471 15.00328192227039 10.662553126458363 
185.00040360136654 12.50574866985147 9.234421412405851 13.220143138600918 12.065146955740232 14.950950192961471 15.00328192227039 10.662553126458363 
186.00040360136654 12.50574866985147 9.234421412405851 13.220143138600918 12.065146955740232 15.947374496445718 15.00328192227039 11.929544958043465 
187.00040360136654 12.50574866985147 9.234421412405851 13.220143138600918 12.065146955740232 15.947374496445718 15.00328192227039 11.929544958043465 
188.00040360136654 12.50574866985147 9.234421412405851 13.220143138600918 12.065146955740232 15.947374496445718 15.00328192227039 11.929544958043465 
189.00040360136654 12.50574866985147 9.234421412405851 13.220143138600918 12.802076312700052 15.947374496445718 15.00328192227039 11.929544958043465 
190.00040360136654 12.589515347631277 9.234421412405851 13.220143138600918 12.802076312700052 15.947374496445718 15.00328192227039 11.929544958043465 
191.00040360136654 12.589515347631277 9.234421412405851 13.220143138600918 12.802076312700052 15.947374496445718 15.00328192227039 11.929544958043465 
192.00040360136654 12.589515347631277 9.234421412405851 13.220143138600918 12.802076312700052 15.947374496445718 15.00328192227039 11.929544958043465 
193.00040360136654 12.589515347631277 9.234421412405851 13.220143138600918 12.802076312700052 15.947374496445718 15.00328192227039 12.666474315003285 
194.00040360136654 12.589515347631277 8.416380364396048 13.220143138600918 12.802076312700052 15.947374496445718 15.00328192227039 11.929544958043465 
195.00040360136654 12.589515347631277 8.416380364396048 13.220143138600918 12.802076312700052 15.947374496445718 15.00328192227039 13.666474315003285 
196.00040360136654 12.589515347631277 9.065398460871279 13.426801901342117 194.93264235939293 15.947374496445718 15.00328192227039 12.666474315003285 
197.00040360136654 12.589515347631277 8.416380364396048 13.475419763641128 13.913429799516877 15.947374496445718 15.00328192227039 12.666474315003285 
198.00040360136654 12.589515347631277 8.416380364396048 13.475419763641128 13.913429799516877 15.947374496445718 15.00328192227039 12.666474315003285 
199.00040360136654 12.589515347631277 8.416380364396048 13.475419763641128 13.913429799516877 15.947374496445718 15.026339443407636 12.666474315003285 
200.00040360136654 12.589515347631277 8.416380364396048 13.934330821301415 13.913429799516877 15.947374496445718 15.026339443407636 199.79704036169616 
201.00040360136654 12.589515347631277 8.416380364396048 13.934330821301415 13.913429799516877 15.947374496445718 15.026339443407636 13.77782780182011 
202.00040360136654 12.589515347631277 8.416380364396048 13.934330821301415 13.913429799516877 15.947374496445718 15.026339443407636 13.77782780182011 
203.00040360136654 12.589515347631277 8.416380364396048 13.934330821301415 13.913429799516877 15.947374496445718 15.026339443407636 13.77782780182011 
204.00040360136654 12.589515347631277 8.416380364396048 15.756501932677224 13.913429799516877 16.425185283651018 15.026339443407636 14.61853972637897 
205.00040360136654 12.589515347631277 8.416380364396048 15.756501932677224 13.913429799516877 16.425185283651018 15.026339443407636 14.61853972637897 
206.00040360136654 12.589515347631277 8.416380364396048 15.756501932677224 13.913429799516877 16.425185283651018 15.026339443407636 14.61853972637897 
207.00040360136654 12.589515347631277 8.416380364396048 15.756501932677224 13.913429799516877 16.425185283651018 205.92077605878526 14.61853972637897 
208.00040360136654 12.589515347631277 8.416380364396048 15.756501932677224 13.913429799516877 16.425185283651018 15.514351600226064 14.61853972637897 
209.00040360136654 12.589515347631277 8.416380364396048 15.756501932677224 13.913429799516877 16.425185283651018 15.514351600226064 14.61853972637897 
210.00040360136654 12.589515347631277 12.496063502450369 15.756501932677224 13.878750403216117 16.425185283651018 15.514351600226064 14.61853972637897 
211.00040360136654 12.589515347631277 12.496063502450369 15.756501932677224 14.913429799516877 16.425185283651018 15.514351600226064 13.77782780182011 
212.00040360136654 12.589515347631277 12.496063502450369 15.756501932677224 14.913429799516877 16.425185283651018 15.514351600226064 13.77782780182011 
213.00040360136654 12.589515347631277 212.72213167307692 15.756501932677224 14.913429799516877 16.425185283651018 15.514351600226064 13.77782780182011 
214.00040360136654 12.589515347631277 13.730054386283399 15.756501932677224 14.913429799516877 16.425185283651018 15.514351600226064 13.74314840551935 
215.00040360136654 12.589515347631277 13.730054386283399 15.756501932677224 14.913429799516877 16.6076367593663 15.514351600226064 14.77782780182011 
216.00040360136654 12.589515347631277 13.730054386283399 15.756501932677224 14.913429799516877 16.6076367593663 15.514351600226064 14.77782780182011 
217.00040360136654 12.589515347631277 13.730054386283399 16.018691707177084 14.913429799516877 16.6076367593663 15.514351600226064 14.77782780182011 
218.00040360136654 12.589515347631277 13.730054386283399 16.018691707177084 14.913429799516877 16.6076367593663 15.514351600226064 14.77782780182011 
219.00040360136654 12.589515347631277 13.730054386283399 16.018691707177084 14.913429799516877 16.6076367593663 15.514351600226064 14.810019179186583 
220.00040360136654 12.589515347631277 13.83358620648221 16.018691707177084 14.913429799516877 16.6076367593663 15.514351600226064 14.810019179186583 
221.00040360136654 12.709617451484092 13.83358620648221 16.018691707177084 14.913429799516877 16.6076367593663 16.034894043368496 14.810019179186583 
222.00040360136654 12.709617451484092 13.83358620648221 16.018691707177084 14.94562117688335 16.6076367593663 16.034894043368496 14.810019179186583 
223.00040360136654 12.709617451484092 13.83358620648221 16.018691707177084 14.94562117688335 16.6076367593663 16.034894043368496 14.810019179186583 
224.00040360136654 12.709617451484092 13.83358620648221 16.018691707177084 14.94562117688335 16.6076367593663 16.034894043368496 14.810019179186583 
225.00040360136654 12.709617451484092 13.83358620648221 16.018691707177084 14.94562117688335 16.6076367593663 16.277074483182844 14.810019179186583 
226.00040360136654 12.709617451484092 13.83358620648221 16.018691707177084 14.94562117688335 16.6076367593663 16.277074483182844 14.810019179186583 
227.00040360136654 12.709617451484092 13.83358620648221 16.018691707177084 14.94562117688335 16.6076367593663 16.277074483182844 14.810019179186583 
228.00040360136654 12.709617451484092 13.83358620648221 16.018691707177084 14.94562117688335 16.6076367593663 16.277074483182844 14.810019179186583 
229.00040360136654 12.709617451484092 13.83358620648221 16.018691707177084 14.94562117688335 16.6076367593663 16.277074483182844 14.810019179186583 
230.00040360136654 12.709617451484092 13.83358620648221 16.018691707177084 14.94562117688335 16.6076367593663 229.1013484390871 14.810019179186583 
231.00040360136654 12.709617451484092 13.83358620648221 16.018691707177084 14.94562117688335 16.6076367593663 16.277074483182844 14.810019179186583 
232.00040360136654 12.709617451484092 13.83358620648221 16.018691707177084 14.94562117688335 16.6076367593663 16.277074483182844 14.810019179186583 
233.00040360136654 12.709617451484092 13.83358620648221 16.018691707177084 14.94562117688335 16.6076367593663 16.277074483182844 14.810019179186583 
234.00040360136654 12.709617451484092 13.83358620648221 16.018691707177084 14.94562117688335 16.6076367593663 16.277074483182844 14.810019179186583 
235.00040360136654 12.709617451484092 13.83358620648221 16.018691707177084 14.94562117688335 16.6076367593663 16.277074483182844 14.810019179186583 
#####################################################################
# End of data export. Simulation finished at: 2020-03-22T20:17+0000 #
#####################################################################
