#####################################################################
# Alchemist log file - simulation started at: 2020-03-22T16:04+0000 #
#####################################################################
# seed = 77.0, diameter = 250
#
# The columns have the following meaning: 
# time error-central[Sum] error-extreme[Sum] error-random[Sum] error-pageRank[Sum] error-harmonic[Sum] error-closeness[Sum] error-degree[Sum] 
0.0 NaN NaN NaN NaN NaN NaN NaN 
1.0008627412927418 0.0 0.0 0.0 0.0 0.0 0.0 0.0 
2.0008627412927416 35.387100563923546 1.7366994449225468 28.92955837538684 18.465166341709807 78.77266563072024 23.652162782971658 55.22067552289434 
3.0008627412927416 32.805817801175614 2.28658542301545 24.218462431474222 32.88076096810665 165.9672171767786 21.446858633299968 39.19764728770777 
4.0008627412927416 16.06316634182349 2.28658542301545 23.625179088429572 24.944441453256427 166.97527416473326 23.001766632433846 29.76703739035897 
5.0008627412927416 23.75318134012055 2.28658542301545 32.670540554879764 27.235029273702033 133.0552273231915 21.65796767232924 13.846999909188728 
6.0008627412927416 18.431756884797363 5.629597429695654 20.30192921691056 15.026697057473093 98.8162267334772 20.297019643921505 21.98821573088946 
7.0008627412927416 18.213247650839055 2.3730631846019676 24.024366924306673 23.567743872658735 46.633823238054866 17.36107070653338 11.790002140608317 
8.000862741292742 25.02770948090003 2.9566681141060824 17.11123920171344 14.978209350877648 24.77224427298236 19.493686070926618 23.62675846804998 
9.000862741292742 19.757621313012876 3.849757173012149 19.20178026986747 12.176966839574192 24.034362873702005 21.55859426821872 31.12104670788842 
10.000862741292742 17.281416528468235 3.849757173012149 14.870340041091275 16.63700659448398 23.78374029613373 24.454598629517932 15.629422602125851 
11.000862741292742 20.15133422250215 4.683387782024411 26.920023328141323 11.451897237311975 20.04854164894828 25.96427636051491 15.085160958623328 
12.000862741292742 13.165169976697602 4.7979010406629845 26.59865006277741 12.532500484470727 18.72116443453399 26.279494461206518 20.7227250163751 
13.000862741292742 9.554894343398892 5.041664778201461 19.183239121491148 12.168727900914153 21.287027581434735 16.602551508360598 15.238111321909916 
14.000862741292742 12.255719607692306 11.79840099420686 28.52139540615881 13.55983114889173 14.933017121198295 16.354577128208483 18.94199658543259 
15.000862741292742 10.741188388481204 6.79840099420686 22.76306546585521 28.820087675421508 15.255781042656674 19.861380994463175 15.416918321856336 
16.000862741292742 11.501729322107588 6.79840099420686 31.5971161579105 27.946525445622086 11.282424674771857 18.501560932692808 17.84243163716131 
17.000862741292742 12.996169061585043 6.79840099420686 28.85749021023243 16.815287996638972 16.461498227845805 11.79203611502694 14.198390330308499 
18.000862741292742 23.546980580906727 7.40021301989329 29.558734042117916 21.30815107404679 8.660962860387736 12.545837705923905 13.128311509889425 
19.000862741292742 25.337993503143014 7.40021301989329 22.47182994302921 19.831226716548606 8.147877514266543 12.545837705923905 30.028555140392236 
20.000862741292742 16.78115415912238 8.062298648541145 25.374796803826772 22.99777838757164 10.929667985125246 25.84777259098462 28.19697273310618 
21.000862741292742 15.197558249948294 8.329156174634491 22.684613492389182 35.85011107733434 4.965912759271248 14.5423441173962 28.164877763985036 
22.000862741292742 29.46091786557703 8.329156174634491 14.58337804006316 16.143206627764794 10.965912759271248 18.364609215995024 16.587796141009882 
23.000862741292742 21.7322523647091 22.768270934362796 14.58337804006316 15.95223551651746 5.548953688996541 20.760817512448074 22.45652947839779 
24.000862741292742 33.24082452594135 11.609391902843962 15.805973613490409 15.952235516517458 5.688271379232539 15.906764870050822 23.546805064000246 
25.000862741292742 49.02924094084706 9.342178725358917 23.504677357529616 19.016711544502193 6.083072118971977 20.314846090857323 30.84591051197672 
26.000862741292742 23.119063241568412 9.991736675543894 17.399704875080594 33.989094195375415 6.667442091135253 17.711866683128285 20.29347632928023 
27.000862741292742 20.003906448479245 9.991736675543894 35.67020456224114 19.274360167698298 7.0874108714373705 23.711054387310373 20.273699388237386 
28.000862741292742 25.304088527627577 14.609391902843962 18.674614978730524 19.703909051666123 20.479106427630768 21.314846090857323 21.072991042546512 
29.000862741292742 11.768104193281108 12.60939190284396 18.517661782984465 9.110189952543816 7.640995968686244 27.147892676945872 21.85087058356395 
30.000862741292742 11.768104193281108 12.128371241239677 20.01620893496482 9.86500321800403 8.487340996702166 24.217567842816837 22.164574190751868 
31.000862741292742 12.01497928026356 13.60939190284396 20.01620893496482 10.627369833488235 8.167320321353909 23.653515511809786 22.048643865167502 
32.00086274129274 31.25490874554049 13.664415183126465 20.840646266359368 10.701157211965626 8.167320321353909 24.2483846752224 22.473607007232836 
33.00086274129274 13.119994416799898 14.01842464342215 20.884744232264776 11.22751970330527 8.167320321353913 22.51294877351316 22.513932433825286 
34.00086274129274 13.119994416799898 13.51628088452101 65.34969686949083 12.198633008046457 8.658450921215362 26.018495260594037 22.87109423363546 
35.00086274129274 13.744470181397496 15.01842464342215 25.23564349627563 12.608046193642672 9.193894119131617 26.3146521623068 46.869144449341135 
36.00086274129274 14.153186364715722 15.01842464342215 27.619962473716477 13.167640397719907 31.528551223018106 25.871251610564183 27.566020415674327 
37.00086274129274 14.352289979280279 15.106867698924795 26.619962473716477 13.078026627742876 9.3430075274959 24.59943308204492 26.85518980082382 
38.00086274129274 14.352289979280279 15.60939190284396 14.20523349379993 13.860036243484458 9.579527795760086 53.47310242977464 26.50273587228904 
39.00086274129274 14.352289979280279 38.77413012712363 14.20523349379993 14.597145252307172 10.03012778293379 28.55783918818522 40.72826611285272 
40.00086274129274 14.586499778366314 18.218802746572962 14.229190412030725 14.293930283594609 10.03012778293379 28.397092071034653 27.581787280447898 
41.00086274129274 14.586499778366314 18.05847231626288 14.820984253859951 14.293930283594609 37.956019643641206 35.39364947818737 29.333272330283855 
42.00086274129274 14.586499778366314 18.05847231626288 15.20523349379993 14.293930283594609 13.455812534650725 31.245056015631818 28.854653336472936 
43.00086274129274 14.586499778366314 18.218802746572962 15.322364746274243 14.636287403280555 13.058541172624455 32.99375170335978 16.501543232470496 
44.00086274129274 14.586499778366314 18.05847231626288 15.563524104533052 15.083501984665556 13.455812534650725 56.874562820217136 16.501543232470496 
45.00086274129274 15.206277354050073 17.797170669011738 16.229190412030725 15.433944034480579 13.455812534650725 33.57299855829333 16.501543232470496 
46.00086274129274 15.206277354050073 20.363109111692257 16.418069573524072 16.307897541165673 13.49661009083087 33.18327712595426 23.9334998165898 
47.00086274129274 15.704990301605424 19.647343060529753 46.88796533896337 46.737100159755954 13.455812534650725 35.893052044449114 16.501543232470496 
48.00086274129274 16.063098467428855 19.434339939185755 17.229190412030725 47.375476930298184 13.590912514405886 34.190986273477115 16.98882929987002 
49.00086274129274 16.46045297289134 21.176235103576538 17.507298282398704 20.708496882529882 13.65966323994843 35.254579868343576 16.98882929987002 
50.00086274129274 16.67827316325515 21.176235103576538 17.777328797323392 18.89016630332852 15.65966323994843 35.71522595238082 17.248691357997323 
51.00086274129274 16.67827316325515 21.176235103576538 35.27051114923897 21.708496882529882 15.316697293659416 35.958356191008406 17.248691357997323 
52.00086274129274 17.138023759648533 21.503662260494593 19.415885955299743 21.4122783529 37.76664175681294 36.50936618006073 17.567318611731046 
53.00086274129274 17.89544813188786 21.918678154664057 19.256158105943555 18.89016630332852 15.304835985108 36.62192888278377 18.063843138482504 
54.00086274129274 17.89544813188786 22.68667960524653 19.256158105943555 22.025593074195548 15.358841841562096 70.57532138063458 18.36130281716531 
55.00086274129274 18.088573342087265 22.686679605246532 19.309842761548886 21.809586791778507 17.265354704368292 39.497533777810396 19.063843138482504 
56.00086274129274 18.31104143355188 22.76481897637298 19.309842761548886 22.043086958086107 16.34813982841598 39.31921617611512 19.201291540088874 
57.00086274129274 18.97620810457098 22.76481897637298 19.309842761548886 21.630502438539153 39.85773067688773 21.4373438545003 56.07674527796134 
58.00086274129274 19.295454501973552 23.352495017818377 19.309842761548886 53.343706428553446 17.60421354092071 21.4373438545003 21.08957582889493 
59.00086274129274 19.710719055705447 23.85481753210457 19.309842761548886 21.351924707989724 17.694702554845392 21.909284266866997 20.601118393058577 
60.00086274129274 20.133778334418615 24.009103488731945 19.309842761548886 21.351924707989724 18.364123826165795 21.909284266866997 42.669486577755734 
61.00086274129274 20.498891935008963 24.85481753210457 19.309842761548886 21.98214243568406 18.761070352365884 21.909284266866997 23.57179299409654 
62.00086274129274 20.94060596874904 25.049147952062512 19.500314512413468 27.378350732137108 20.152865937289903 21.909284266866997 21.11398442583841 
63.00086274129274 21.41971938155654 25.908234690878338 19.500314512413468 22.941522482133813 19.880784778484852 21.909284266866997 21.85062487337364 
64.00086274129274 21.91983000174678 25.908234690878338 20.39660689419371 25.378350732137108 19.885930715225527 22.328024302771965 25.57179299409654 
65.00086274129274 22.538621274550117 64.77036329105657 20.39660689419371 25.378350732137108 20.63759775260644 22.545154150817176 22.524279701503467 
66.00086274129274 65.25959943591921 27.445972012537297 21.369288465234362 25.378350732137108 21.341440850893676 22.545154150817176 25.571792994096533 
67.00086274129274 22.968186820255234 27.445972012537297 21.369288465234362 25.378350732137108 21.341440850893676 22.680898886285924 25.571792994096533 
68.00086274129274 67.25132392270774 28.34871759886577 21.85958454810099 25.378350732137108 67.138821017283 23.032512354406165 24.86714665894192 
69.00086274129274 24.324011587314317 29.039905472338987 22.251509878200345 24.828464754044205 22.1593984922333 23.17219213770116 25.26089438322142 
70.00086274129274 25.042356302980203 29.039905472338987 22.19061609611041 26.378350732137108 22.1593984922333 23.398458723342294 26.571792994096533 
71.00086274129274 25.650990487028736 29.8285748581632 22.927054861219503 26.378350732137108 27.375829218673488 23.986726872466676 25.86714665894192 
72.00086274129274 24.926365661116243 30.163305530778302 23.02734409667883 25.485524509099243 23.64497614242707 24.749200631175796 26.26089438322142 
73.00086274129274 26.042356302980203 30.777507886262953 23.02734409667883 25.485524509099243 23.953203744766036 24.749200631175796 26.664904012419484 
74.00086274129274 73.1906802076582 30.777507886262953 23.882247907320718 25.485524509099243 23.953203744766036 24.749200631175796 26.664904012419484 
75.00086274129274 30.090609546633637 31.082618868510103 24.711146762812334 25.485524509099243 23.855196645358347 26.67374208924457 27.26089438322142 
76.00086274129274 28.634613633545783 31.177658574073718 24.34830582709823 25.485524509099243 25.063050109865003 25.717690121415437 28.571792994096533 
77.00086274129274 27.650990487028736 31.68824467340226 25.067248669102106 25.485524509099243 25.375829218673488 25.717690121415437 28.13138719817377 
78.00086274129274 29.634613633545783 32.13633783686547 26.358848253688294 25.485524509099243 24.953203744766036 25.717690121415437 28.82378304393832 
79.00086274129274 44.0423563029802 32.31550038119837 26.711146762812334 25.485524509099243 25.285745484550873 26.46984999405162 28.936199914632212 
80.00086274129274 29.081634188953068 32.64310069240338 26.92035003601959 25.485524509099243 25.285745484550873 26.433590522343394 28.936199914632212 
81.00086274129274 29.972173779228932 32.67367080680107 27.36565114662988 25.485524509099243 25.695059167927703 26.433590522343394 29.58368377617137 
82.00086274129274 32.09060954663364 33.35258384263804 27.465510522590634 25.485524509099243 25.695059167927703 26.433590522343394 29.58368377617137 
83.00086274129274 31.634613633545783 33.32396243088193 28.089184941739887 25.485524509099243 26.05249012933222 27.534665119601982 29.669486577755734 
84.00086274129274 31.634613633545783 34.11238091863468 28.089184941739887 25.500660306220404 53.063009879663156 27.534665119601982 30.04724878511942 
85.00086274129274 31.960661484067856 34.285488512758505 28.323869505562726 26.06628928087399 28.138821017282993 27.925612529437657 30.397690834934437 
86.00086274129274 32.211020677183306 34.62183405304859 28.570744592545175 26.357120077607505 27.798723706567884 28.534665119601982 30.97351707752921 
87.00086274129274 32.39729724791381 35.113903224145105 29.322844844723846 26.357120077607505 28.878991953154966 28.76148652799381 31.31569913619991 
88.00086274129274 32.83404406890004 35.113903224145105 29.675759729081513 26.7657897342619 31.08328160445403 28.97906510770884 87.34209753259097 
89.00086274129274 33.127906976469674 35.50526904009657 29.675759729081513 27.049850515788066 29.138821017282993 28.97906510770884 37.34209753259097 
90.00086274129274 33.55759038528382 35.50526904009657 30.30023549367911 27.475767133150192 29.328012924985416 29.75659701624423 36.34209753259097 
91.00086274129274 33.55759038528382 36.14562888378436 30.30023549367911 27.50385651999821 30.08328160445403 29.75659701624423 36.34209753259097 
92.00086274129274 33.55759038528382 36.14562888378436 30.908055291561894 27.897356341570458 30.138821017282993 29.939084693594957 36.34209753259097 
93.00086274129274 33.55759038528382 36.704173329826396 31.142265090647925 28.62584533657507 30.138821017282993 30.435925657998702 34.315671508443586 
94.00086274129274 33.55759038528382 36.704173329826396 32.26075561388704 28.62584533657507 30.138821017282993 30.88167769283001 37.34209753259097 
95.00086274129274 67.07785877070293 37.93582504142981 32.26075561388704 29.22853497805238 30.138821017282993 30.921899386419277 37.34209753259097 
96.00086274129274 34.43538554314155 37.74888087458714 32.618863779710466 29.42212427326126 30.138821017282993 31.922932419697453 37.34209753259097 
97.00086274129274 34.43538554314155 37.78196093265058 32.918464497863525 29.42212427326126 30.138821017282993 32.21733566295306 37.34209753259097 
98.00086274129274 34.57699273522262 37.78196093265058 97.89681090056449 30.025082499416158 30.138821017282993 32.15643258600505 35.20937076218709 
99.00086274129274 35.14806386696691 38.122913365731364 35.26648436798706 30.05277282819425 30.138821017282993 32.59213407162025 38.34209753259097 
100.00086274129274 35.14806386696691 38.122913365731364 35.26648436798706 30.284944557543454 30.138821017282993 32.59213407162025 38.34209753259097 
101.00086274129274 35.14806386696691 38.781615935426075 35.26648436798706 64.63050243853915 30.138821017282993 33.21733566295306 36.10248715833869 
102.00086274129274 35.96666381287132 39.544089694135195 35.05465724729058 31.397556016711434 30.138821017282993 33.44472073405694 39.34209753259097 
103.00086274129274 60.8858048617494 39.544089694135195 36.26648436798706 31.339987438287807 30.138821017282993 33.44472073405694 39.34209753259097 
104.00086274129274 36.58623521494616 39.63874900338189 36.26648436798706 32.397556016711434 30.138821017282993 33.76773619094574 39.34209753259097 
105.00086274129274 36.58623521494616 40.46863115220397 36.26648436798706 32.255482043913005 30.138821017282993 34.142208620087374 39.73429685857015 
106.00086274129274 36.760163387385376 40.981094400914216 37.05465724729058 33.23754473963501 30.138821017282993 35.179634908792934 40.34209753259097 
107.00086274129274 37.50648957150271 41.22847958530279 37.49637128103065 34.13440215523721 30.138821017282993 34.47046570552645 39.46621805920216 
108.00086274129274 37.50648957150271 107.78196093265058 37.975484693838155 33.81564895319519 30.138821017282993 36.405737446093596 41.34209753259097 
109.00086274129274 38.08933811888656 45.95938815301869 38.475595314028396 34.63737159260471 30.138821017282993 35.79545409732589 41.34209753259097 
110.00086274129274 38.5047997463395 45.95938815301869 38.475595314028396 34.681469558510116 30.138821017282993 35.9692833019257 41.34209753259097 
111.00086274129274 38.71640630677244 45.95938815301869 39.09438658683173 34.681469558510116 30.138821017282993 36.542845809789156 41.34209753259097 
112.00086274129274 39.301906239256624 45.95938815301869 39.09438658683173 34.96419747356235 30.14539830675713 36.542845809789156 41.34209753259097 
113.00086274129274 39.301906239256624 45.71782148265686 39.09438658683173 35.251353674167774 31.131252287563967 37.44745811646983 41.34209753259097 
114.00086274129274 39.81674100000171 44.95938815301869 39.09438658683173 36.59407687436702 30.82133530972004 37.739190964494014 41.34209753259097 
115.00086274129274 40.22376686813017 44.95938815301869 39.09438658683173 36.537774597142544 110.42266866400533 37.739190964494014 41.34209753259097 
116.00086274129274 40.713322366460176 44.95938815301869 39.09438658683173 36.53894648578438 32.10578269455348 38.341880605971326 41.34209753259097 
117.00086274129274 40.713322366460176 45.71782148265686 39.09438658683173 36.916066826233276 34.54348278854147 38.341880605971326 41.34209753259097 
118.00086274129274 41.3959432836658 44.73397375655435 39.09438658683173 37.81989698781635 33.844349988065034 38.651142059935566 41.34209753259097 
119.00086274129274 42.23360038618972 46.71782148265686 39.37745207627556 37.81989698781635 34.23422133457723 39.138428127335104 41.34209753259097 
120.00086274129274 41.9001963745759 45.95938815301869 39.37745207627556 38.32127748023065 33.54348278854147 39.138428127335104 41.34209753259097 
121.00086274129274 41.9001963745759 47.71782148265686 39.52395213253685 38.54182794778511 33.844349988065034 39.3982901854624 41.41387297857975 
122.00086274129274 42.57115098220304 46.71782148265686 121.86321586622182 39.07336674767977 34.23422133457723 121.00022370083872 41.41387297857975 
123.00086274129274 42.57115098220304 46.71782148265686 41.35301197403332 39.41698230748048 34.23422133457723 44.18671237559872 41.41387297857975 
124.00086274129274 43.3604378194145 46.95132164896445 44.379437998180705 39.41698230748048 34.42271650675748 44.07766241644306 41.41387297857975 
125.00086274129274 44.22252620495172 47.38702313457965 43.379437998180705 124.64110470452707 34.631531693099916 51.82121003887268 41.41387297857975 
126.00086274129274 44.22252620495172 48.01222472591246 43.379437998180705 42.710059496768736 34.903042698095305 44.18671237559872 41.41387297857975 
127.00086274129274 44.33197632584303 48.33563171884762 41.39146158696845 40.749082101060836 123.3259312509493 44.07766241644306 41.41387297857975 
128.00086274129274 47.162581030831944 49.01222472591246 42.35301197403332 47.70786441095373 41.427005848207884 58.68679133741723 41.41387297857975 
129.00086274129274 45.272334212961 49.16699313986163 45.37943799818072 43.06599150593337 37.41796470942485 44.07766241644305 41.41387297857975 
130.00086274129274 45.55551190630578 49.25046683688893 45.37943799818072 47.70786441095373 37.071975637398836 56.68679133741722 41.41387297857975 
131.00086274129274 46.31032517176601 49.56262525390514 45.37943799818072 57.52685182546696 43.427005848207884 44.1867123755987 41.41387297857975 
132.00086274129274 46.31032517176601 49.93709768304677 45.37943799818072 43.531857827487784 40.69414273718148 44.07766241644305 41.41387297857975 
133.00086274129274 47.07269178725021 50.40889499709874 43.353011974033336 43.531857827487784 37.66007691955164 44.67578246640838 41.41387297857975 
134.00086274129274 47.1464791657276 50.659035869281254 46.37943799818072 46.710059496768736 42.427005848207884 52.821210038872664 41.41387297857975 
135.00086274129274 47.67284165706724 56.61673157340823 46.37943799818072 58.105293229774475 38.714183239054734 45.1867123755987 41.49980925438793 
136.00086274129274 48.348721812250034 51.26535476848585 45.33840530714913 49.70786441095373 43.427005848207884 44.93324261573528 41.49980925438793 
137.00086274129274 49.053368147404655 51.674024425140246 47.37943799818072 49.70786441095373 39.264444805508134 59.68679133741722 41.57575157346909 
138.00086274129274 49.61296235148188 51.674024425140246 47.37943799818072 46.710059496768736 42.97261385621303 56.68679133741722 41.57575157346909 
139.00086274129274 49.52334858150485 52.22439780507179 47.37943799818072 46.17223161399798 42.69414273718148 45.88171516291983 41.57575157346909 
140.00086274129274 50.305358197246434 52.32526484111098 47.37943799818072 51.70786441095373 40.81527314830336 51.821210038872664 42.477765754699476 
141.00086274129274 50.305358197246434 53.53408002745341 47.37943799818072 50.70786441095373 44.427005848207884 48.82340512468767 42.477765754699476 
142.00086274129274 50.305358197246434 53.136769668930725 47.37943799818072 61.78173929528447 43.69414273718148 52.821210038872664 43.01731678170084 
143.00086274129274 50.9369530391177 53.330358964139606 47.636396878205005 48.51734889241985 43.69414273718148 48.1793371338523 43.01731678170084 
144.00086274129274 50.73925223735658 53.446031122894965 48.37943799818072 48.710059496768736 43.69414273718148 52.821210038872664 43.01731678170084 
145.00086274129274 51.15106173106385 53.9333171902945 47.636396878205005 53.259668347843444 44.427005848207884 52.5534489553835 43.93814422824842 
146.00086274129274 51.15106173106385 53.961007519072595 47.636396878205005 51.70786441095373 44.49401060054234 48.1793371338523 43.93814422824842 
147.00086274129274 51.528823938427536 54.1931792484218 48.51642679634949 50.43739883020187 45.69414273718148 63.45422770404974 44.24590556272011 
148.00086274129274 147.2399168285322 147.79511276379813 48.76678598946495 52.70786441095373 45.69414273718148 54.84273282656183 44.43825484843866 
149.00086274129274 52.75321949492765 56.795112763798116 48.95306256019545 52.70786441095373 45.69414273718148 53.821210038872664 44.5965141496001 
150.00086274129274 58.82367268589908 56.795112763798116 49.4425431114075 52.44010332746457 46.02562562559535 53.821210038872664 44.636870863076055 
151.00086274129274 57.82367268589908 57.033800621917464 49.68367228875131 53.70786441095373 46.02562562559535 50.139602458554165 45.332450180453975 
152.00086274129274 57.82367268589908 56.16371673479135 50.11335569756545 53.70786441095373 46.97288963842408 51.82340512468767 45.480987223500094 
153.00086274129274 57.82367268589908 57.795112763798116 50.88360828817929 66.79531232031997 46.97288963842408 55.14584625769547 45.716351343342325 
154.00086274129274 55.7972466617517 57.502311565245364 50.991150855423186 54.259668347843444 47.082542201137386 53.43612786743806 46.01746505311981 
155.00086274129274 55.02334205484925 58.795112763798116 52.011315458323935 55.015131019129356 150.46056077733877 53.20144330361522 46.01746505311981 
156.00086274129274 55.4029614841652 57.872432164440696 51.79956230790948 54.14117782460433 61.613732550167526 52.63069452033878 46.60485150498093 
157.00086274129274 60.82367268589908 58.15958836504612 52.522429125152954 56.015131019129356 57.115179185479874 53.265498363844856 46.75905912077383 
158.00086274129274 59.82367268589908 58.502311565245364 53.33119857959177 61.49528401498705 61.613732550167526 52.63069452033878 46.978573365234695 
159.00086274129274 59.82367268589908 59.44600928802089 53.33119857959177 58.265397101943464 48.83907191833774 52.63069452033878 46.978573365234695 
160.00086274129274 59.82367268589908 59.447181176662724 53.59236804288656 58.265397101943464 48.62825002774778 52.63069452033878 49.74784074379309 
161.00086274129274 57.7972466617517 59.82430151711162 53.61678434445848 58.265397101943464 63.9781394707032 52.63069452033878 48.12643808448766 
162.00086274129274 60.82367268589908 59.82430151711162 54.46910324934575 57.61200477301523 56.78200026356028 52.63069452033878 48.62743183638695 
163.00086274129274 60.82367268589908 60.39014252954888 54.46910324934575 57.61200477301523 49.6415413597817 52.63069452033878 48.83973683718 
164.00086274129274 59.386844435895796 60.39014252954888 54.72467159043501 57.61200477301523 64.61373255016753 52.63069452033878 49.24040093440635 
165.00086274129274 61.82367268589908 60.87255147940246 54.72467159043501 57.61200477301523 63.613732550167526 52.63069452033878 50.06904003022834 
166.00086274129274 61.82367268589908 60.981601438558116 55.852189772169424 58.530886150808996 63.9781394707032 52.63069452033878 49.86538478094462 
167.00086274129274 61.82367268589908 61.14746415801123 56.00205259990494 59.1354312084849 59.115179185479874 52.63069452033878 51.599056412615255 
168.00086274129274 61.82367268589908 167.666258197249 56.43927666233975 59.265397101943464 63.613732550167526 52.63069452033878 51.105975875619066 
169.00086274129274 61.53708726288363 61.517897636544944 56.74644551993984 60.05356998124698 63.613732550167526 52.63069452033878 51.39263249973324 
170.00086274129274 62.82367268589908 66.7085574125152 59.78936569847136 60.05356998124698 63.9781394707032 52.63069452033878 52.599056412615255 
171.00086274129274 62.82367268589908 62.51487073760502 57.775404840310486 60.49528401498705 57.78200026356028 53.03260839789493 52.47908633075974 
172.00086274129274 61.93084646286121 67.7085574125152 59.22293602776662 60.97439742779456 64.9781394707032 53.03260839789493 53.15303848023767 
173.00086274129274 61.93084646286121 65.61829418764708 58.389818096437565 61.09897810744758 63.613732550167526 53.03260839789493 52.9157220946057 
174.00086274129274 61.93084646286121 65.61829418764708 58.389818096437565 61.4745080479848 63.613732550167526 53.03260839789493 53.609034393325516 
175.00086274129274 61.93084646286121 64.44009251836613 58.69375983647379 61.67312406262219 54.931099726576036 53.03260839789493 54.15303848023767 
176.00086274129274 61.93084646286121 64.8888848010778 58.84236936943239 62.093299320788134 60.115179185479874 53.03260839789493 54.524260949663756 
177.00086274129274 61.93084646286121 71.7085574125152 59.03614795708327 62.37636481023196 64.9781394707032 53.03260839789493 54.64633182316156 
178.00086274129274 61.93084646286121 69.7085574125152 59.03614795708327 62.52286486649325 56.41295204684488 53.03260839789493 55.58074040584883 
179.00086274129274 61.93084646286121 69.7085574125152 59.53084728804373 69.28215876226625 59.035256622524656 53.24376989692294 55.58074040584883 
180.00086274129274 62.19889153588338 67.61829418764708 59.53084728804373 63.795312320319965 57.27511023972022 53.24376989692294 55.760564416182206 
181.00086274129274 62.19889153588338 67.08046630487632 60.28347875043009 63.795312320319965 60.035256622524656 53.715763754426064 56.4850886595632 
182.00086274129274 62.68979566253111 71.7085574125152 60.28347875043009 64.66133259476166 68.9781394707032 53.715763754426064 56.62950157296743 
183.00086274129274 62.68979566253111 68.42558358329819 62.04283660857514 64.66133259476166 58.42048504578099 53.715763754426064 57.29385811400202 
184.00086274129274 62.992747464672576 70.7085574125152 60.96131366879001 65.01482656478083 68.9781394707032 54.03321478409305 57.771125889720594 
185.00086274129274 62.992747464672576 70.7085574125152 61.21344945938995 66.78409394333923 59.260757196424805 54.150013224806855 57.736608355724826 
186.00086274129274 63.294832242595476 70.7085574125152 61.70062580879035 66.1626912840338 61.64970252164943 54.150013224806855 58.48379010499981 
187.00086274129274 63.69020046723185 70.94490228776627 61.746773485243395 66.63991330338561 68.9781394707032 54.150013224806855 58.4837901049998 
188.00086274129274 63.94091683111678 70.7085574125152 62.18512025646359 66.66368503593309 67.9781394707032 54.5621406251382 58.93242870441796 
189.00086274129274 64.39283934200316 70.7085574125152 62.66284300065402 67.39824276191105 61.035256622524656 54.593959643479536 58.93242870441796 
190.00086274129274 64.39283934200316 70.99633236657463 63.082811780956135 68.5187824483588 61.035256622524656 54.593959643479536 59.814849306579674 
191.00086274129274 64.85430027933691 71.2299922695586 63.29333771003169 68.10529322977447 70.22582290688618 55.0636789150353 59.814849306579674 
192.00086274129274 64.81546481591062 71.94490228776627 183.00205259990494 68.6363122351911 69.22582290688618 55.41249385555443 59.814849306579674 
193.00086274129274 64.81546481591062 72.58290715391627 65.25890355805625 68.6363122351911 63.74479472617628 55.41249385555443 60.75202523288161 
194.00086274129274 65.13469476516482 72.58290715391627 65.02552869245255 69.60436632867837 65.11517918547986 55.646962623928346 63.75202523288161 
195.00086274129274 179.84476801066123 73.38884870643896 66.25890355805626 69.71442212688399 69.9781394707032 56.33361085017057 61.680647345779164 
196.00086274129274 65.49212572656936 73.40966411765507 65.81403259876225 70.6353096121614 70.22582290688618 56.45857713144875 63.18559556217687 
197.00086274129274 66.1307670245555 74.61609910183208 66.02552869245255 70.6353096121614 65.11517918547986 56.821210038872664 62.35247763084783 
198.00086274129274 66.71719949171433 74.61609910183208 66.81403259876225 71.51533953030588 70.22582290688618 250.43807445412318 62.555188091347134 
199.00086274129274 66.71719949171433 75.25346619440815 66.81403259876225 71.51533953030588 65.30624723719035 82.90479642879777 63.12212506796888 
200.00086274129274 71.57845661452012 75.16790303872179 67.73988632705215 71.95197529415184 71.29961664011944 58.56794238873459 63.15515198967083 
201.00086274129274 68.57845661452012 75.59563702342453 67.73988632705215 72.00294047537005 71.22582290688618 88.59489663976296 63.65641937088404 
202.00086274129274 68.50016938150327 75.82561192269827 68.51145957995593 72.44145584536389 71.22582290688618 80.24634974648754 64.19385688942714 
203.00086274129274 70.52291720169117 202.67248248336918 69.49201100034963 73.88687467400678 71.22582290688618 80.05652190208073 64.19385688942714 
204.00086274129274 69.57845661452012 77.52023946389357 69.39829237081784 74.74502061232798 71.22582290688618 65.58009035572093 64.62984991898207 
205.00086274129274 69.57845661452012 77.52023946389357 69.58631342392465 76.88781881550798 71.29961664011944 63.78904798772325 65.35158156710776 
206.00086274129274 69.57845661452012 77.52023946389357 69.6550641494672 87.52448942352075 71.22582290688618 64.40782736058696 65.47458863159338 
207.00086274129274 69.57845661452012 77.52023946389357 69.6550641494672 87.71040069821106 68.1315153849659 64.1452240582054 65.49350682245398 
208.00086274129274 69.57845661452012 77.84558413556968 70.31209820317818 76.85988287569938 72.22582290688618 63.943540017228116 66.24613828484036 
209.00086274129274 69.57845661452012 78.52023946389357 71.30023689462678 88.86661106235832 69.89234072860592 70.31175799425802 66.24613828484036 
210.00086274129274 69.57845661452012 79.35320707184877 71.30023689462678 94.27824680798702 73.22582290688618 64.69887213927257 67.00549614298541 
211.00086274129274 69.57845661452012 80.1736317928218 71.35424275108085 111.37916163924382 73.29961664011944 66.26691400238286 67.64696303488532 
212.00086274129274 69.57845661452012 80.1736317928218 71.63715897330789 97.67727862334391 73.29961664011944 65.41185665270268 67.94587153092351 
213.00086274129274 69.57845661452012 80.4035187058654 72.34354073793475 80.21351320731816 73.22582290688618 65.99735409324501 68.1761089938002 
214.00086274129274 69.57845661452012 80.88263211867289 74.63715897330789 102.32849716862816 74.29961664011944 67.02067168045886 68.1761089938002 
215.00086274129274 69.57845661452012 81.38274273886313 73.75647126188466 82.28781396388945 74.27096940004941 67.36128949836746 68.62550253506427 
216.00086274129274 69.57845661452012 81.38274273886313 73.69010346436414 107.30043445326592 74.22582290688618 97.02985938746701 68.80194086693018 
217.00086274129274 69.57845661452012 81.58135875350055 73.69010346436414 138.75990967058306 73.23320605983011 105.7282336663414 68.80194086693018 
218.00086274129274 69.57845661452012 217.69232863421757 74.16420081908927 85.69466927237235 75.29961664011944 91.18524558506377 69.25599724444194 
219.00086274129274 69.57845661452012 82.57520593164867 74.75647126188466 85.22005224227675 75.29961664011944 96.71193268149989 69.76248714185809 
220.00086274129274 69.57845661452012 88.54354430303974 75.5671247049793 125.71500689301979 75.86572260000929 192.56921103393663 70.0780067749798 
221.00086274129274 69.57845661452012 83.56956728564 75.8761856880036 209.87580707281433 76.29961664011944 306.39904790618675 70.0780067749798 
222.00086274129274 69.57845661452012 86.54354430303974 75.8761856880036 215.98894203615018 76.27096940004941 198.49101321168905 70.0780067749798 
223.00086274129274 69.57845661452012 83.92306125565918 75.8761856880036 518.244595797582 76.27096940004941 465.4311525762706 70.22156309246651 
224.00086274129274 69.57845661452012 87.54354430303974 76.18959811038258 581.0685529914426 76.29961664011944 644.6974920799362 70.7025458614624 
225.00086274129274 69.57845661452012 86.33712039015771 76.67181768823775 513.6052446936078 76.7114261338267 104.24688524619486 70.90171256169987 
226.00086274129274 69.57845661452012 85.54354430303974 77.07704484550723 666.7616137355164 77.02110063941467 90.39854310326814 71.55872518683165 
227.00086274129274 69.57845661452012 86.01352792065282 77.91522907719252 183.17589270331104 77.43963039100544 134.48117198384443 71.81579112081675 
228.00086274129274 69.57845661452012 85.43508651634531 77.91522907719252 109.67985217149908 77.61683563363823 16.873750939451583 72.45467053475988 
229.00086274129274 69.57845661452012 86.37582859109946 78.15479940175206 19.641895497739966 78.31358389769053 81.79606428040705 72.45467053475988 
230.00086274129274 69.57845661452012 86.33712039015771 78.15479940175206 20.6172897692133 229.38403708866196 13.870696321757578 72.61772368387744 
231.00086274129274 69.57845661452012 86.54354430303974 78.75465684816501 15.332795212042697 85.38403708866196 14.654972904178976 73.02236820172871 
232.00086274129274 69.57845661452012 87.32837511146707 78.75465684816501 95.66912543422254 83.38403708866196 15.588605106658463 73.06908375063128 
233.00086274129274 69.57845661452012 87.42357422118423 79.24556097481275 16.79848590083313 83.38403708866196 15.438556439069202 73.27475773758843 
234.00086274129274 69.57845661452012 87.95798729296021 79.40811244992273 17.563039082685776 81.34300439763035 16.693520163187173 74.26289642903703 
235.00086274129274 69.57845661452012 87.95798729296021 79.54851277695423 17.5103030955145 82.35761106451457 16.828845339650485 74.3169022854911 
236.00086274129274 69.57845661452012 88.8602099850302 79.71600506889592 23.35962213621923 82.35761106451457 16.874335380416028 74.3169022854911 
237.00086274129274 69.57845661452012 89.34969053624224 80.24596577951348 21.557256511041174 86.38403708866196 89.78219452110773 74.59981850771814 
238.00086274129274 69.57845661452012 89.34969053624224 80.24596577951348 26.91476034959601 85.38403708866196 18.388862339044266 74.758104764226 
239.00086274129274 69.57845661452012 90.02050312240019 80.9486046542848 22.716920869474222 85.38403708866196 22.772847401879233 76.0527310811226 
240.00086274129274 69.57845661452012 90.5252282962733 80.9486046542848 24.769833086476694 85.38403708866196 21.586014100221405 75.7191307962949 
241.00086274129274 69.57845661452012 90.91846288315867 80.9486046542848 17.959233109292086 83.35761106451457 20.886835498607752 75.7191307962949 
242.00086274129274 69.57845661452012 241.6965131233061 81.28114639406965 19.223130763626358 84.34300439763035 20.36687024849249 76.12686035349952 
243.00086274129274 69.57845661452012 91.3107592173562 81.28114639406965 19.685831254248058 87.38403708866196 23.653601572900442 76.3221842700948 
244.00086274129274 69.57845661452012 94.13008345260135 82.37123012819225 19.569284302423767 84.94720883865867 21.49060635335391 76.52978423938956 
245.00086274129274 69.57845661452012 93.90920002473968 81.69046007744646 20.177488717499756 87.38403708866196 27.67976237533881 76.83884522241385 
246.00086274129274 69.57845661452012 92.87691659484244 82.04789103885099 21.73624496500426 87.38403708866196 24.802987968015657 76.84399115915454 
247.00086274129274 69.57845661452012 92.98853161776194 223.03614795708327 21.414149170573694 87.38403708866196 24.93804070157546 77.15225764479283 
248.00086274129274 69.57845661452012 95.13008345260135 83.42565860837578 27.910347591072963 87.38403708866196 26.068676159673856 77.15225764479283 
249.00086274129274 69.57845661452012 94.75933719700416 85.13422192680176 23.4218436733334 87.38403708866196 26.13581398317902 77.59565819653545 
250.00086274129274 69.57845661452012 94.75933719700416 85.07868251397281 24.366454649337868 87.47051485024849 26.11024365217139 77.59565819653545 
251.00086274129274 69.57845661452012 94.75933719700416 84.87439286267374 24.716896699152898 88.38403708866196 99.69118318031144 77.93452154603841 
252.00086274129274 69.57845661452012 94.9025483343535 86.07868251397281 25.129941315968523 87.49121086562408 26.900483449795757 77.93452154603841 
253.00086274129274 69.57845661452012 95.65359294477457 85.32341383450418 25.94513481585929 87.49121086562408 27.025585711466675 78.49857387704549 
254.00086274129274 69.57845661452012 95.65359294477457 86.13422192680176 26.129405415867296 87.49121086562408 28.477739827160065 78.6030365863561 
255.00086274129274 69.57845661452012 96.13008345260135 86.13422192680176 26.758401056111296 87.49121086562408 101.13132862623252 78.90118253721332 
256.00086274129274 69.57845661452012 96.28565951811706 86.13422192680176 27.72511587149947 87.49121086562408 30.103975878955197 79.37077198433298 
257.00086274129274 69.57845661452015 96.29696552127228 86.13422192680176 28.113025514780787 87.49121086562408 30.251557954682482 79.51117231136448 
258.00086274129274 69.57845661452015 97.06661295839334 86.13422192680176 28.56221721110083 87.49121086562408 30.574491052901806 80.01439615171682 
259.00086274129274 69.57845661452015 97.06661295839334 86.13422192680176 29.420230182998296 87.49121086562408 31.490624683278014 80.24011445253305 
260.00086274129274 69.57845661452015 97.60090726130849 86.13422192680176 30.334817925524902 87.49121086562408 31.490624683278014 80.81325708928736 
261.00086274129274 69.57845661452015 98.1383447798516 86.13422192680176 31.789806496824212 87.49121086562408 32.931030479200786 80.91126418869504 
262.00086274129274 69.57845661452015 98.1383447798516 86.13422192680176 31.888321071545334 87.49121086562408 33.22640816783294 81.08062617562871 
263.00086274129274 69.57845661452015 98.56587669512419 86.13422192680176 32.49010398234694 87.49121086562408 33.873892029372115 81.15746259779809 
264.00086274129274 69.57845661452015 98.57433780940653 86.13422192680176 32.688947937260195 87.49121086562408 34.814351514980245 81.54849175459353 
265.00086274129274 69.57845661452015 99.43799471287844 86.13422192680176 33.27360563862183 87.49121086562408 46.07387603609172 82.2438059284799 
266.00086274129274 69.57845661452015 99.43799471287844 86.13422192680176 33.59507353264888 87.49121086562408 38.033725933303145 82.2438059284799 
267.00086274129274 69.57845661452015 100.19062617526481 86.13422192680176 35.18018093494413 87.49121086562408 38.033725933303145 82.71317571801376 
268.00086274129274 69.57845661452015 100.19062617526481 86.13422192680176 34.98673979733945 87.49121086562408 38.632901183258184 83.3338896626025 
269.00086274129274 69.57845661452015 100.73312250366095 86.13422192680176 71.79375286762871 87.49121086562408 38.632901183258184 83.3338896626025 
270.00086274129274 69.57845661452015 100.86846109362472 86.13422192680176 36.326519791671785 87.49121086562408 75.8057199283663 84.01055057326124 
271.00086274129274 69.57845661452015 101.0760010162052 86.13422192680176 36.5907388898334 87.49121086562408 43.79869841549694 83.64919187124738 
272.00086274129274 69.57845661452015 101.60777323362504 86.13422192680176 37.3530408792966 87.49121086562408 43.37398278235841 271.6181373634806 
273.00086274129274 69.57845661452015 101.90371567156899 86.13422192680176 37.3530408792966 87.49121086562408 43.37398278235841 84.23562433840621 
274.00086274129274 69.57845661452015 101.98562045332545 86.13422192680176 37.836654923110075 87.49121086562408 44.25211169054796 86.096881461212 
275.00086274129274 69.57845661452015 102.85091049508398 86.13422192680176 38.34273050617446 87.49121086562408 18.558859314116944 85.28607336891443 
276.00086274129274 69.57845661452015 102.98995920579085 86.13422192680176 39.27370127427096 87.49121086562408 20.534241963817408 87.04134204838306 
277.00086274129274 69.57845661452015 103.70697503228254 86.13422192680176 39.91375454848017 87.49121086562408 23.56066798796479 86.096881461212 
278.00086274129274 69.57845661452015 103.60371680288625 86.13422192680176 40.31235603923423 87.49121086562408 22.56066798796479 86.096881461212 
279.00086274129274 69.57845661452015 104.70697503228254 86.13422192680176 40.31235603923423 87.49121086562408 22.56066798796479 86.096881461212 
280.00086274129274 69.57845661452015 104.56099925556885 86.13422192680176 40.91486129425101 87.49121086562408 22.56066798796479 86.096881461212 
281.00086274129274 69.57845661452015 104.91495707010552 86.13422192680176 41.10481611665375 87.49121086562408 20.534241963817408 86.096881461212 
282.00086274129274 69.57845661452015 105.24555586184937 86.13422192680176 41.426981198293845 87.49121086562408 23.56066798796479 86.096881461212 
283.00086274129274 69.57845661452015 105.93267611728726 86.13422192680176 41.744360281088234 87.49121086562408 23.56066798796479 86.096881461212 
284.00086274129274 69.57845661452015 106.72118002359696 86.13422192680176 42.39752626097982 87.49121086562408 21.321057613712526 86.096881461212 
285.00086274129274 69.57845661452015 106.72118002359696 86.13422192680176 42.91721836778021 87.49121086562408 24.56066798796479 86.096881461212 
286.00086274129274 69.57845661452015 106.96256668716131 86.13422192680176 43.483255129511235 87.49121086562408 24.56066798796479 86.096881461212 
287.00086274129274 69.57845661452015 107.64703375188685 86.13422192680176 43.92012570698347 87.49121086562408 24.56066798796479 86.096881461212 
288.00086274129274 69.57845661452015 107.87562374720278 86.13422192680176 18.98995877257545 87.49121086562408 25.274082564949367 86.096881461212 
289.00086274129274 69.57845661452015 108.41860700479063 86.13422192680176 19.88405367029941 87.49121086562408 25.56066798796479 86.096881461212 
290.00086274129274 69.57845661452015 109.39915842518434 86.13422192680176 19.889624079346163 87.49121086562408 24.703957783040494 86.096881461212 
291.00086274129274 69.57845661452015 109.39915842518434 86.13422192680176 20.07396242911443 87.49121086562408 26.56066798796479 86.096881461212 
292.00086274129274 69.57845661452015 109.59906260632397 86.13422192680176 20.07396242911443 87.49121086562408 26.56066798796479 86.096881461212 
293.00086274129274 69.57845661452015 109.81155699472424 86.13422192680176 20.07396242911443 87.49121086562408 26.56066798796479 86.096881461212 
294.00086274129274 69.57845661452015 110.5622115743019 86.13422192680176 20.679707344076462 87.49121086562408 26.56066798796479 86.096881461212 
295.00086274129274 69.57845661452015 110.21924562801289 86.13422192680176 21.258599855621014 87.49121086562408 26.56066798796479 86.096881461212 
296.00086274129274 69.57845661452015 110.93271996201932 86.13422192680176 21.394853633371156 87.49121086562408 26.56066798796479 86.096881461212 
297.00086274129274 69.57845661452015 111.20738431946148 86.13422192680176 21.64810999233555 87.49121086562408 26.56066798796479 86.096881461212 
298.00086274129274 69.57845661452015 111.59539228431694 86.13422192680176 22.03499469281212 87.49121086562408 26.933118434230607 86.096881461212 
299.00086274129274 69.57845661452015 112.15458496580351 86.13422192680176 22.64810999233555 87.49121086562408 26.56066798796479 86.096881461212 
300.00086274129274 69.57845661452015 112.25068816276945 86.13422192680176 22.7993348040784 87.49121086562408 27.038254929834466 86.096881461212 
301.00086274129274 69.57845661452015 112.70259265465046 86.13422192680176 23.059022634323128 87.49121086562408 27.61181743769788 86.096881461212 
302.00086274129274 69.57845661452015 112.99721897154706 86.13422192680176 23.75021050779634 87.49121086562408 27.61181743769788 86.096881461212 
303.00086274129274 69.57845661452015 113.32437797466184 86.13422192680176 23.857266248246447 87.49121086562408 28.07967359739814 86.096881461212 
304.00086274129274 69.57845661452015 113.70216594572756 86.13422192680176 24.00999069691653 87.49121086562408 28.808162592402766 86.096881461212 
305.00086274129274 69.57845661452015 114.07134824392398 86.13422192680176 24.873610566235698 87.49121086562408 28.808162592402766 86.096881461212 
306.00086274129274 69.57845661452015 114.47054994028491 86.13422192680176 24.873610566235698 87.49121086562408 29.410852233880064 86.096881461212 
307.00086274129274 69.57845661452015 114.84735809621205 86.13422192680176 25.033338415591857 87.49121086562408 29.410852233880064 86.096881461212 
308.00086274129274 69.57845661452015 114.97611020080745 86.13422192680176 25.887963609531084 87.49121086562408 29.720113687844332 86.096881461212 
309.00086274129274 69.57845661452015 115.83634569244651 86.13422192680176 25.887963609531084 87.49121086562408 30.20739975524384 86.096881461212 
310.00086274129274 69.57845661452015 115.83634569244651 86.13422192680176 26.565045822694856 87.49121086562408 30.20739975524384 86.096881461212 
311.00086274129274 69.57845661452015 116.59224488666575 86.13422192680176 26.565045822694856 87.49121086562408 30.467261813371124 86.096881461212 
312.00086274129274 69.57845661452015 117.09674553521728 86.13422192680176 27.092725527649236 87.49121086562408 130.15099915979178 86.096881461212 
313.00086274129274 69.57845661452015 117.09674553521728 86.13422192680176 27.565734459332987 87.49121086562408 33.06919532874747 86.096881461212 
314.00086274129274 69.57845661452015 117.98419227034194 86.13422192680176 27.83603016128609 87.49121086562408 33.06919532874747 86.096881461212 
315.00086274129274 69.57845661452015 117.98419227034194 86.13422192680176 28.543953096386872 87.49121086562408 32.8637868143378 86.096881461212 
316.00086274129274 69.57845661452015 118.47387859987549 86.13422192680176 28.543953096386872 87.49121086562408 32.419861995462725 86.096881461212 
317.00086274129274 69.57845661452015 118.82237650202723 86.13422192680176 29.034267466339315 87.49121086562408 34.06919532874747 86.096881461212 
318.00086274129274 69.57845661452015 119.06194682658676 86.13422192680176 29.251076543276668 87.49121086562408 34.06919532874747 86.096881461212 
319.00086274129274 69.57845661452015 119.76631423820282 86.13422192680176 29.995793548215886 87.49121086562408 34.06919532874747 86.096881461212 
320.00086274129274 69.57845661452015 119.76631423820282 86.13422192680176 29.995793548215886 87.49121086562408 34.06919532874747 86.096881461212 
321.00086274129274 69.57845661452015 120.44306176746994 86.13422192680176 30.17293966053319 87.49121086562408 34.14651472939005 86.096881461212 
322.00086274129274 69.57845661452015 121.31525987475743 86.13422192680176 30.428530126434623 87.49121086562408 35.06919532874747 86.096881461212 
323.00086274129274 69.57845661452015 120.59214072528488 86.13422192680176 30.973966002014095 87.49121086562408 35.77639413019472 86.096881461212 
324.00086274129274 69.57845661452015 121.37338660159895 86.13422192680176 30.973966002014095 87.49121086562408 35.742850156877296 86.096881461212 
325.00086274129274 69.57845661452015 121.45566020178893 86.13422192680176 31.099068263685012 87.49121086562408 36.7200918529702 86.096881461212 
326.00086274129274 69.57845661452015 122.1846023429575 86.13422192680176 31.497229359888024 87.49121086562408 36.62709375450544 86.096881461212 
327.00086274129274 69.57845661452018 122.1846023429575 86.13422192680176 31.646130076887175 87.49121086562408 37.09838408206099 86.096881461212 
328.00086274129274 69.57845661452018 122.75774497971182 86.13422192680176 32.4144783652838 87.49121086562408 38.00221424364406 86.096881461212 
329.00086274129274 69.57845661452018 123.15311320434819 86.13422192680176 32.4144783652838 87.49121086562408 38.00221424364406 86.096881461212 
330.00086274129274 69.57845661452018 123.8557520791195 86.13422192680176 32.4144783652838 87.49121086562408 38.503594736058346 86.096881461212 
331.00086274129274 69.57845661452018 123.8557520791195 86.13422192680176 32.4144783652838 87.49121086562408 38.72414520361281 86.096881461212 
332.00086274129274 69.57845661452018 124.19364345659608 86.13422192680176 32.75607074603181 87.49121086562408 39.25568400350744 86.096881461212 
333.00086274129274 69.57845661452018 124.31721301645325 86.13422192680176 32.75607074603181 87.49121086562408 39.599299563308136 86.096881461212 
334.00086274129274 69.57845661452018 124.96559844421847 86.13422192680176 33.49192097088343 87.49121086562408 39.599299563308136 86.096881461212 
335.00086274129274 69.57845661452018 125.27837755302696 86.13422192680176 34.25439472959255 87.49121086562408 144.87498982625786 86.096881461212 
336.00086274129274 69.57845661452018 125.59760750228116 86.13422192680176 34.25439472959255 87.49121086562408 42.89237675259642 86.096881461212 
337.00086274129274 69.57845661452018 125.9550384636857 86.13422192680176 34.25439472959255 87.49121086562408 42.89237675259642 86.096881461212 
338.00086274129274 69.57845661452018 126.26796978466587 86.13422192680176 34.69139943637157 87.49121086562408 41.12463514553747 86.096881461212 
339.00086274129274 69.57845661452018 338.78154028750845 86.13422192680176 34.69139943637157 87.49121086562408 48.890181666781416 86.096881461212 
340.00086274129274 69.57845661452018 129.9858299388075 86.13422192680176 331.21351811271353 87.49121086562408 54.97762957614765 86.096881461212 
341.00086274129274 69.57845661452018 128.04136935163646 86.13422192680176 41.684829007209714 87.49121086562408 44.16956803576261 86.096881461212 
342.00086274129274 69.57845661452018 128.04136935163646 86.13422192680176 45.64362222575187 87.49121086562408 52.558682066059646 86.096881461212 
343.00086274129274 69.57845661452018 128.04136935163646 86.13422192680179 89.26382731920737 87.49121086562408 46.890181666781416 86.09688146121204 
344.00086274129274 69.57845661452018 128.04136935163646 86.13422192680179 41.40305594124118 87.49121086562411 46.890181666781416 86.09688146121204 
345.00086274129274 69.57845661452018 128.9858299388075 86.13422192680179 44.90348428387915 87.49121086562411 43.10828485100359 86.09688146121204 
346.00086274129274 69.57845661452018 129.04136935163646 86.13422192680179 41.40305594124118 87.49121086562411 44.89237675259642 86.09688146121204 
347.00086274129274 69.57845661452018 129.04136935163646 86.13422192680179 42.684829007209714 87.49121086562411 48.890181666781416 86.09688146121204 
348.00086274129274 69.57845661452018 129.04136935163646 86.13422192680179 45.67131255452995 87.49121086562411 47.890181666781416 86.09688146121204 
349.00086274129274 69.57845661452018 129.04136935163646 86.13422192680179 38.468672274547316 87.49121086562411 56.44771435777113 86.09688146121204 
350.00086274129274 69.57845661452018 129.04136935163646 86.13422192680179 42.91093154451039 87.49121086562411 45.6996661482475 86.09688146121204 
351.00086274129274 69.57845661452018 129.04136935163646 86.13422192680179 46.64362222575187 87.49121086562411 45.89237675259642 86.09688146121204 
352.00086274129274 69.57845661452018 129.04136935163646 86.13422192680179 76.16180705880743 87.49121086562411 50.44198560367113 86.09688146121204 
353.00086274129274 69.57845661452018 129.04136935163646 86.13422192680179 42.40305594124118 87.49121086562411 48.48146548346318 86.09688146121204 
354.00086274129274 69.57845661452018 129.04136935163646 86.13422192680179 45.90348428387915 87.49121086562411 48.62242058329224 86.09688146121204 
355.00086274129274 69.57845661452018 129.04136935163646 86.13422192680179 42.40305594124118 87.49121086562411 47.982639977464544 86.09688146121204 
356.00086274129274 69.57845661452018 129.04136935163646 86.13422192680179 43.684829007209714 87.49121086562411 48.62242058329224 86.09688146121204 
357.00086274129274 69.57845661452018 129.04136935163646 86.13422192680179 42.09732817003703 87.49121086562411 48.982639977464544 86.09688146121204 
358.00086274129274 69.57845661452018 129.04136935163646 86.13422192680179 42.644132800531224 87.49121086562411 49.21898485271561 86.09688146121204 
359.00086274129274 69.57845661452018 129.04136935163646 86.13422192680179 48.67131255452995 87.49121086562411 49.21898485271561 86.09688146121204 
360.00086274129274 69.57845661452018 129.04136935163646 86.13422192680179 44.684829007209714 87.49121086562411 49.21898485271561 86.09688146121204 
361.00086274129274 69.57845661452018 129.04136935163646 86.13422192680179 44.40305594124118 87.49121086562411 49.21898485271561 86.09688146121204 
362.00086274129274 69.57845661452018 129.04136935163646 86.13422192680179 49.64362222575187 87.49121086562411 49.21898485271561 86.09688146121204 
363.00086274129274 69.57845661452018 129.04136935163646 86.13422192680179 71.37114426922415 87.49121086562411 49.21898485271561 86.09688146121204 
364.00086274129274 69.57845661452018 129.04136935163646 86.13422192680179 45.40305594124118 87.49121086562411 49.21898485271561 86.09688146121204 
365.00086274129274 69.57845661452018 129.04136935163646 86.13422192680179 48.90348428387915 87.49121086562411 49.21898485271561 86.09688146121204 
366.00086274129274 69.57845661452018 129.04136935163646 86.13422192680179 48.90348428387915 87.49121086562411 49.21898485271561 86.09688146121204 
367.00086274129274 69.57845661452018 129.04136935163646 86.13422192680179 48.67131255452995 87.49121086562411 49.21898485271561 86.09688146121204 
368.00086274129274 69.57845661452018 129.04136935163646 86.13422192680179 48.67131255452995 87.49121086562411 49.21898485271561 86.09688146121204 
369.00086274129274 69.57845661452018 129.04136935163646 86.13422192680179 47.474477400342494 87.49121086562411 49.21898485271561 86.09688146121204 
370.00086274129274 69.57845661452018 129.04136935163646 86.13422192680179 49.64362222575187 87.49121086562411 49.21898485271561 86.09688146121204 
371.00086274129274 69.57845661452018 129.04136935163646 86.13422192680179 49.67131255452995 87.49121086562411 49.21898485271561 86.09688146121204 
372.00086274129274 69.57845661452018 129.04136935163646 86.13422192680179 49.127827983335465 87.49121086562411 49.21898485271561 86.09688146121204 
373.00086274129274 69.57845661452018 129.04136935163646 86.13422192680179 50.67131255452995 87.49121086562411 49.21898485271561 86.09688146121204 
374.00086274129274 69.57845661452018 129.04136935163646 86.13422192680179 72.23054449935091 87.49121086562411 49.21898485271561 86.09688146121204 
375.00086274129274 69.57845661452018 129.04136935163646 86.13422192680179 50.90348428387915 87.49121086562411 49.21898485271561 86.09688146121204 
376.00086274129274 69.57845661452018 129.04136935163646 86.13422192680179 50.90348428387915 87.49121086562411 49.21898485271561 86.09688146121204 
377.00086274129274 69.57845661452018 129.04136935163646 86.13422192680179 64.32640413728944 87.49121086562411 49.21898485271561 86.09688146121204 
378.00086274129274 69.57845661452018 129.04136935163646 86.13422192680179 62.651040356112276 87.49121086562411 49.21898485271561 86.09688146121204 
379.00086274129274 69.57845661452018 129.04136935163646 86.13422192680179 55.69190647401547 87.49121086562411 49.21898485271561 86.09688146121204 
380.00086274129274 69.57845661452018 129.04136935163646 86.13422192680179 55.58285651485983 87.49121086562411 49.21898485271561 86.09688146121204 
381.00086274129274 69.57845661452018 129.04136935163646 86.13422192680179 52.85608446597075 87.49121086562411 49.21898485271561 86.09688146121204 
382.00086274129274 69.57845661452018 129.04136935163646 86.13422192680179 62.941321965854854 87.49121086562411 49.21898485271561 86.09688146121204 
383.00086274129274 69.57845661452018 129.04136935163646 86.13422192680179 56.69190647401547 87.49121086562411 49.21898485271561 86.09688146121204 
384.00086274129274 69.57845661452018 129.04136935163646 86.13422192680179 56.58285651485983 87.49121086562411 49.21898485271561 86.09688146121204 
385.00086274129274 69.57845661452018 129.04136935163646 86.13422192680179 61.25263104983355 87.49121086562411 49.66293127138829 86.09688146121204 
386.00086274129274 69.57845661452018 129.0413693516365 86.13422192680179 55.58525022992404 87.49121086562411 49.66293127138829 86.09688146121204 
387.00086274129274 69.57845661452018 129.0413693516365 86.13422192680179 57.58285651485983 87.49121086562411 50.13265054294402 86.09688146121204 
388.00086274129274 69.57845661452018 129.0413693516365 86.13422192680179 61.64479655697096 87.49121086562411 50.48146548346318 86.09688146121204 
389.00086274129274 69.57845661452018 129.0413693516365 86.13422192680179 57.58285651485983 87.49121086562411 50.48146548346318 86.09688146121204 
390.00086274129274 69.57845661452018 129.0413693516365 86.13422192680179 58.69190647401547 87.49121086562411 50.48146548346318 86.09688146121204 
391.00086274129274 69.57845661452018 129.0413693516365 86.13422192680179 58.58285651485983 87.49121086562411 51.30160015078263 86.09688146121204 
392.00086274129274 69.57845661452018 129.0413693516365 86.13422192680179 58.69190647401547 87.49121086562411 51.40258247807935 86.09688146121204 
393.00086274129274 69.57845661452018 129.0413693516365 86.13422192680179 62.68453123226908 87.49121086562411 51.5275487593575 86.09688146121204 
394.00086274129274 69.57845661452018 129.0413693516365 86.13422192680179 59.69190647401547 87.49121086562411 51.94656504831852 86.09688146121204 
395.00086274129274 69.57845661452018 129.0413693516365 86.13422192680179 59.69190647401547 87.49121086562411 51.94656504831852 86.09688146121204 
396.00086274129274 69.57845661452018 129.0413693516365 86.13422192680179 59.69190647401547 87.49121086562411 51.94656504831852 86.09688146121204 
397.00086274129274 69.57845661452018 129.0413693516365 86.13422192680179 60.857769193468584 87.49121086562411 52.94327265611577 86.09688146121204 
398.00086274129274 69.57845661452018 129.0413693516365 86.13422192680179 60.3869092613366 87.49121086562411 52.94327265611577 86.09688146121204 
399.00086274129274 69.57845661452018 129.0413693516365 86.13422192680179 60.3869092613366 87.49121086562411 52.94327265611577 86.09688146121204 
400.00086274129274 69.57845661452018 129.0413693516365 86.13422192680179 60.3869092613366 87.49121086562411 52.94327265611577 86.09688146121204 
401.00086274129274 69.57845661452018 129.0413693516365 86.13422192680179 60.3869092613366 87.49121086562411 53.197448274957026 86.09688146121204 
402.00086274129274 69.57845661452018 129.0413693516365 86.13422192680179 60.3869092613366 87.49121086562411 53.47116413842912 86.09688146121204 
403.00086274129274 69.57845661452018 129.0413693516365 86.13422192680179 60.3869092613366 87.49121086562411 53.47116413842912 86.09688146121204 
404.00086274129274 69.57845661452018 129.0413693516365 86.13422192680179 60.3869092613366 87.49121086562411 53.97846094413717 86.09688146121204 
405.00086274129274 69.57845661452018 129.0413693516365 86.13422192680179 60.3869092613366 87.49121086562411 53.97846094413717 86.09688146121204 
406.00086274129274 69.57845661452018 129.0413693516365 86.13422192680179 60.3869092613366 87.49121086562411 53.97846094413717 86.09688146121204 
407.00086274129274 69.57845661452018 129.0413693516365 86.13422192680179 60.3869092613366 87.49121086562411 54.63244343395354 86.09688146121204 
408.00086274129274 69.57845661452018 129.0413693516365 86.13422192680179 60.3869092613366 87.49121086562411 54.63244343395354 86.09688146121204 
409.00086274129274 69.57845661452018 129.0413693516365 86.13422192680179 60.3869092613366 87.49121086562411 54.718379709761734 86.09688146121204 
410.00086274129274 69.57845661452018 129.0413693516365 86.13422192680179 60.3869092613366 87.49121086562411 54.794322028842885 86.09688146121204 
411.00086274129274 69.57845661452018 129.0413693516365 86.13422192680179 60.3869092613366 87.49121086562411 54.794322028842885 86.09688146121204 
412.00086274129274 69.57845661452018 129.0413693516365 86.13422192680179 60.3869092613366 87.49121086562411 55.6963362100733 86.09688146121204 
413.00086274129274 69.57845661452018 129.0413693516365 86.13422192680179 60.3869092613366 87.49121086562411 55.6963362100733 86.09688146121204 
414.00086274129274 69.57845661452018 129.0413693516365 86.13422192680179 60.3869092613366 87.49121086562411 56.23588723707468 86.09688146121204 
415.00086274129274 69.57845661452018 129.0413693516365 86.13422192680179 60.3869092613366 87.49121086562411 56.23588723707468 86.09688146121204 
416.00086274129274 69.57845661452018 129.0413693516365 86.13422192680179 60.3869092613366 87.49121086562411 57.156714683622226 86.09688146121204 
417.00086274129274 69.57845661452018 129.0413693516365 86.13422192680179 60.3869092613366 87.49121086562411 57.156714683622226 86.09688146121204 
418.00086274129274 69.57845661452018 129.0413693516365 86.13422192680179 60.3869092613366 87.49121086562411 57.65682530381247 86.09688146121204 
419.00086274129274 69.57845661452018 129.0413693516365 86.13422192680179 60.3869092613366 87.49121086562411 58.5510206358278 86.09688146121204 
420.00086274129274 69.57845661452018 129.0413693516365 86.13422192680179 60.3869092613366 87.49121086562411 58.5510206358278 86.09688146121204 
421.00086274129274 69.57845661452018 129.0413693516365 86.13422192680179 60.3869092613366 87.49121086562411 58.705182122320934 86.09688146121204 
422.00086274129274 69.57845661452018 129.0413693516365 86.13422192680179 60.3869092613366 87.49121086562411 59.236035508493615 86.09688146121204 
423.00086274129274 69.57845661452018 129.0413693516365 86.13422192680179 60.975160725094725 87.49121086562411 59.236035508493615 86.09688146121204 
424.00086274129274 69.57845661452018 129.0413693516365 86.13422192680179 61.12475074269082 87.49121086562411 59.97762957614765 86.09688146121204 
425.00086274129274 69.57845661452018 129.0413693516365 86.13422192680179 61.12475074269082 87.49121086562411 59.97762957614765 86.09688146121204 
426.00086274129274 69.57845661452018 129.0413693516365 86.13422192680179 61.12475074269082 87.49121086562411 60.19714382060852 86.09688146121204 
427.00086274129274 69.57845661452018 129.0413693516365 86.13422192680179 61.12475074269082 87.49121086562411 61.34500853986151 86.09688146121204 
428.00086274129274 69.57845661452018 129.0413693516365 86.13422192680179 61.560857616045496 87.49121086562411 61.011107192081 86.09688146121204 
429.00086274129274 69.57845661452018 129.0413693516365 86.13422192680179 61.560857616045496 87.49121086562411 61.34500853986151 86.09688146121204 
430.00086274129274 69.57845661452018 129.0413693516365 86.13422192680179 61.560857616045496 87.49121086562411 61.84600229176078 86.09688146121204 
431.00086274129274 69.57845661452018 129.0413693516365 86.13422192680179 61.560857616045496 87.49121086562411 61.84600229176078 86.09688146121204 
432.00086274129274 69.57845661452018 129.0413693516365 86.13422192680179 62.11776697270557 87.49121086562411 62.666684802695386 86.09688146121204 
433.00086274129274 69.57845661452018 129.0413693516365 86.13422192680179 62.11776697270557 87.49121086562411 62.666684802695386 86.09688146121204 
434.00086274129274 69.57845661452018 129.0413693516365 86.13422192680179 62.68453123226908 87.49121086562411 63.083955236318445 86.09688146121204 
435.00086274129274 69.57845661452018 129.0413693516365 86.13422192680179 62.68453123226908 87.49121086562411 63.78668358450602 86.09688146121204 
436.00086274129274 69.57845661452018 129.0413693516365 86.13422192680179 62.68453123226908 87.49121086562411 63.896739382711644 86.09688146121204 
437.00086274129274 69.57845661452018 129.0413693516365 86.13422192680179 62.68453123226908 87.49121086562411 64.81762686798908 86.09688146121204 
438.00086274129274 69.57845661452018 129.0413693516365 86.13422192680179 62.68453123226908 87.49121086562411 64.81762686798908 86.09688146121204 
439.00086274129274 69.57845661452018 129.0413693516365 86.13422192680179 62.68453123226908 87.49121086562411 64.9660325709782 86.09688146121204 
440.00086274129274 69.57845661452018 129.0413693516365 86.13422192680179 62.68453123226908 87.49121086562411 65.69765678613356 86.09688146121204 
441.00086274129274 69.57845661452018 129.0413693516365 86.13422192680179 62.80806855640253 87.49121086562411 66.3716089356115 86.09688146121204 
442.00086274129274 69.57845661452018 129.0413693516365 86.13422192680179 62.80806855640253 87.49121086562411 66.13429254997953 86.09688146121204 
443.00086274129274 69.57845661452018 129.0413693516365 86.13422192680179 62.86896233849245 87.49121086562411 66.82760484869937 86.09688146121204 
444.00086274129274 69.57845661452018 129.0413693516365 86.13422192680179 62.86896233849245 87.49121086562411 67.62377310119155 86.09688146121204 
445.00086274129274 69.57845661452018 129.0413693516365 86.13422192680179 63.54450732151162 87.49121086562411 67.8649022785354 86.09688146121204 
446.00086274129274 69.57845661452018 129.0413693516365 86.13422192680179 63.97674347585439 87.49121086562411 67.8649022785354 86.09688146121204 
447.00086274129274 69.57845661452018 129.0413693516365 86.13422192680179 64.1865511552557 87.49121086562411 68.79931086122264 86.09688146121204 
448.00086274129274 69.57845661452018 129.0413693516365 86.13422192680179 64.49970036761283 87.49121086562411 68.79931086122264 86.09688146121204 
449.00086274129274 69.57845661452018 129.0413693516365 86.13422192680179 64.49970036761283 87.49121086562411 68.97913487155603 86.09688146121204 
450.00086274129274 69.57845661452018 129.0413693516365 86.13422192680179 64.82098120884348 87.49121086562411 69.98079229769354 86.09688146121204 
451.00086274129274 69.57845661452018 129.0413693516365 86.13422192680179 64.96575828739037 87.49121086562411 69.70365911493701 86.09688146121204 
452.00086274129274 69.57845661452018 129.0413693516365 86.13422192680179 65.59137581358164 87.49121086562411 70.51242856937586 86.09688146121204 
453.00086274129274 69.57845661452018 129.0413693516365 86.13422192680179 66.10410681303375 87.49121086562411 70.51242856937586 86.09688146121204 
454.00086274129274 69.57845661452018 129.0413693516365 86.13422192680179 66.25263104983355 87.49121086562411 70.98969634509444 86.09688146121204 
455.00086274129274 69.57845661452018 129.0413693516365 86.13422192680179 66.60579050627064 87.49121086562411 70.95517881109868 86.09688146121204 
456.00086274129274 69.57845661452018 129.0413693516365 86.13422192680179 66.60579050627064 87.49121086562411 71.70236056037362 86.09688146121204 
457.00086274129274 69.57845661452018 129.0413693516365 86.13422192680179 67.13588861875553 87.49121086562411 71.70236056037362 86.09688146121204 
458.00086274129274 69.57845661452018 129.0413693516365 86.13422192680179 67.53780249631171 87.49121086562411 72.15099915979181 86.09688146121204 
459.00086274129274 69.57845661452018 129.0413693516365 86.13422192680179 67.53780249631171 87.49121086562411 72.15099915979181 86.09688146121204 
460.00086274129274 69.57845661452018 129.0413693516365 86.13422192680179 67.74896399533975 87.49121086562411 72.53884957789421 86.09688146121204 
461.00086274129274 69.57845661452018 129.0413693516365 86.13422192680179 68.22095785284284 87.49121086562411 73.0334197619535 86.09688146121204 
462.00086274129274 69.57845661452018 129.0413693516365 86.13422192680179 68.22095785284284 87.49121086562411 73.18328258968904 86.09688146121204 
463.00086274129274 69.57845661452018 129.0413693516365 86.13422192680179 68.94132196585485 87.49121086562411 73.97059568825546 86.09688146121204 
464.00086274129274 69.57845661452018 129.0413693516365 86.13422192680179 68.94132196585485 87.49121086562411 74.1098850208977 86.09688146121204 
465.00086274129274 69.57845661452018 129.0413693516365 86.13422192680179 69.65520732322364 87.49121086562411 74.89921780115299 86.09688146121204 
466.00086274129274 69.57845661452018 129.0413693516365 86.13422192680179 69.65520732322364 87.49121086562411 75.40416601755066 86.09688146121204 
467.00086274129274 69.57845661452018 129.0413693516365 86.13422192680179 70.09915374189632 87.49121086562411 75.40416601755066 86.09688146121204 
468.00086274129274 69.57845661452018 129.0413693516365 86.13422192680179 70.65104035611228 87.49121086562411 75.77375854672096 86.09688146121204 
469.00086274129274 69.57845661452018 129.0413693516365 86.13422192680179 70.91768795397121 87.49121086562411 76.34069552334267 86.09688146121204 
470.00086274129274 69.57845661452018 129.0413693516365 86.13422192680179 71.15215672234513 87.49121086562411 76.34069552334267 86.09688146121204 
471.00086274129274 69.57845661452018 129.0413693516365 86.13422192680179 72.32640413728944 87.49121086562411 76.56290129845729 86.09688146121204 
472.00086274129274 69.57845661452018 129.0413693516365 86.13422192680179 72.38278751882655 87.49121086562411 76.87498982625789 86.09688146121204 
473.00086274129274 69.57845661452018 129.0413693516365 86.13422192680179 72.87820807417916 87.49121086562411 77.41242734480096 86.09688146121204 
474.00086274129274 69.57845661452018 129.0413693516365 86.13422192680179 72.87820807417916 87.49121086562411 77.41242734480096 86.09688146121204 
475.00086274129274 69.57845661452018 129.0413693516365 86.13422192680179 73.8731326881499 87.49121086562411 77.8484203743559 86.09688146121204 
476.00086274129274 69.57845661452018 129.0413693516365 86.13422192680179 73.63367074546505 87.49121086562411 78.58176331272693 86.09688146121204 
477.00086274129274 69.57845661452018 129.0413693516365 86.13422192680179 73.90738660893714 87.49121086562411 78.7120772778278 86.09688146121204 
478.00086274129274 69.57845661452018 129.0413693516365 86.13422192680179 73.90738660893714 87.49121086562411 79.11787472010576 86.09688146121204 
479.00086274129274 69.57845661452018 129.0413693516365 86.13422192680179 74.4146834146452 87.49121086562411 79.46470874021418 86.09688146121204 
480.00086274129274 69.57845661452018 129.0413693516365 86.13422192680179 74.4146834146452 87.49121086562411 80.22406659835923 86.09688146121204 
481.00086274129274 69.57845661452018 129.0413693516365 86.13422192680179 75.06866590446157 87.49121086562411 80.22406659835923 86.09688146121204 
482.00086274129274 69.57845661452018 129.0413693516365 86.13422192680179 75.06866590446157 87.49121086562411 81.16444198629733 86.09688146121204 
483.00086274129274 69.57845661452018 129.0413693516365 86.13422192680179 75.23054449935091 87.49121086562411 81.39467944917402 86.09688146121204 
484.00086274129274 69.57845661452018 129.0413693516365 86.13422192680179 75.23054449935091 87.49121086562411 81.39467944917402 86.09688146121204 
485.00086274129274 69.57845661452018 129.0413693516365 86.13422192680179 76.13255868058133 87.49121086562411 81.39467944917402 86.09688146121204 
486.00086274129274 69.57845661452018 129.0413693516365 86.13422192680179 76.13255868058133 87.49121086562411 81.84407299043812 86.09688146121204 
487.00086274129274 69.57845661452018 129.0413693516365 86.13422192680179 76.6721097075827 87.49121086562411 82.26404177074022 86.09688146121204 
488.00086274129274 69.57845661452018 129.0413693516365 86.13422192680179 76.6721097075827 87.49121086562411 82.020511322304 86.09688146121204 
489.00086274129274 69.57845661452018 129.0413693516365 86.13422192680179 77.59293715413025 87.49121086562411 82.46616653664194 86.09688146121204 
490.00086274129274 69.57845661452018 129.0413693516365 86.13422192680179 77.90069848860196 87.49121086562411 82.98105759723194 86.09688146121204 
491.00086274129274 69.57845661452018 129.0413693516365 86.13422192680179 78.0930477743205 87.49121086562411 83.29657723035359 86.09688146121204 
492.00086274129274 69.57845661452018 129.0413693516365 86.13422192680179 78.98724310633582 87.49121086562411 83.29657723035359 86.09688146121204 
493.00086274129274 69.57845661452018 129.0413693516365 86.13422192680179 78.98724310633582 87.49121086562411 83.29657723035359 86.09688146121204 
494.00086274129274 69.57845661452018 129.0413693516365 86.13422192680179 79.13578014938196 87.49121086562411 83.44013354784033 86.09688146121204 
495.00086274129274 69.57845661452018 129.0413693516365 86.13422192680179 80.14140459282896 87.49121086562411 83.44013354784033 86.09688146121204 
496.00086274129274 69.57845661452018 129.0413693516365 86.13422192680179 86.95942180246652 87.49121086562411 84.12028301707369 86.09688146121204 
497.00086274129274 69.57845661452018 129.0413693516365 86.13422192680179 80.41385204665568 87.49121086562411 84.77729564220544 86.09688146121204 
498.00086274129274 69.57845661452018 129.0413693516365 86.13422192680179 80.41385204665568 87.49121086562411 84.98616771133294 86.09688146121204 
499.00086274129274 69.57845661452018 129.0413693516365 86.13422192680179 81.09958343368999 87.49121086562411 85.6732409901337 86.09688146121204 
500.00086274129274 69.57845661452018 129.0413693516365 86.13422192680179 81.40263366967497 87.49121086562411 85.6732409901337 86.09688146121204 
501.00086274129274 69.57845661452018 129.0413693516365 86.13422192680179 83.40263366967497 87.49121086562411 85.83629413925127 86.09688146121204 
502.00086274129274 69.57845661452018 129.0413693516365 86.13422192680179 82.28222476226881 87.49121086562411 86.49332819296228 86.09688146121204 
503.00086274129274 69.57845661452018 129.0413693516365 86.13422192680179 82.28222476226881 87.49121086562411 86.28765420600507 86.09688146121204 
504.00086274129274 69.57845661452018 129.0413693516365 86.13422192680179 82.28222476226881 87.49121086562411 86.49332819296228 86.09688146121204 
505.00086274129274 69.57845661452018 129.0413693516365 86.13422192680179 83.13732217469453 87.49121086562411 87.15170245892517 86.09688146121204 
506.00086274129274 69.57845661452018 129.0413693516365 86.13422192680179 83.25485196152681 87.49121086562411 87.48146688441085 86.09688146121204 
507.00086274129274 69.57845661452018 129.0413693516365 86.13422192680179 83.52017770682647 87.49121086562411 87.53547274086492 86.09688146121204 
508.00086274129274 69.57845661452018 129.0413693516365 86.13422192680179 84.22290605501405 87.49121086562411 87.81838896309193 86.09688146121204 
509.00086274129274 69.57845661452018 129.0413693516365 86.13422192680179 84.2956134799283 87.49121086562411 88.27130153649642 86.09688146121204 
510.00086274129274 69.57845661452018 129.0413693516365 86.13422192680179 84.76076880150094 87.49121086562411 88.27130153649642 86.09688146121204 
511.00086274129274 69.57845661452018 129.0413693516365 86.13422192680179 85.2538493384971 87.49121086562411 88.87133345414821 86.09688146121204 
512.0008627412927 69.57845661452018 129.0413693516365 86.13422192680179 86.13387925664159 87.49121086562411 88.87133345414821 86.09688146121204 
513.0008627412927 69.57845661452018 129.0413693516365 86.13422192680184 86.80783140611953 87.49121086562411 89.34543080887335 86.09688146121209 
514.0008627412927 69.57845661452018 129.0413693516365 86.13422192680184 86.50207384465648 87.49121086562411 89.54075472546862 86.09688146121209 
515.0008627412927 69.57845661452018 129.0413693516365 86.13422192680184 86.57051502048756 87.49121086562411 89.7483546947634 86.09688146121209 
516.0008627412927 69.57845661452018 129.0413693516365 86.13422192680184 87.2638273192074 87.49121086562411 90.05741567778767 86.09688146121209 
517.0008627412927 69.57845661452018 129.0413693516365 86.13422192680184 87.80783140611953 87.49121086562411 90.06256161452836 86.09688146121209 
518.0008627412927 69.57845661452018 129.0413693516365 86.13422192680184 88.1790538755456 87.49121086562411 90.37082810016665 86.09688146121209 
519.0008627412927 69.57845661452018 129.0413693516365 86.13422192680184 88.30112474904342 87.49121086562411 90.37082810016665 86.09688146121209 
520.0008627412927 69.57845661452018 129.0413693516365 86.13422192680184 89.23553333173066 87.49121086562411 90.81422865190927 86.09688146121209 
521.0008627412927 69.57845661452018 129.0413693516365 86.13422192680184 89.23553333173066 87.49121086562411 90.81422865190927 86.09688146121209 
522.0008627412927 69.57845661452018 129.0413693516365 86.13422192680184 89.41535734206406 87.49121086562411 91.15309200141223 86.09688146121209 
523.0008627412927 69.57845661452018 129.0413693516365 86.13422192680184 90.13988158544504 87.49121086562411 91.15309200141223 86.09688146121209 
524.0008627412927 69.57845661452018 129.0413693516365 86.13422192680184 90.28429449884925 87.49121086562411 91.42679096459682 86.09688146121209 
525.0008627412927 69.57845661452018 129.0413693516365 86.13422192680184 90.66416388685712 87.49121086562411 91.82160704172992 86.09688146121209 
526.0008627412927 69.57845661452018 129.0413693516365 86.13422192680184 90.94865103988388 87.49121086562411 92.5893424397068 86.09688146121209 
527.0008627412927 69.57845661452018 129.0413693516365 86.13422192680184 91.3914012816067 87.49121086562411 92.7297427667383 86.09688146121209 
528.0008627412927 69.57845661452018 129.0413693516365 86.13422192680184 91.3914012816067 87.49121086562411 92.7297427667383 86.09688146121209 
529.0008627412927 69.57845661452018 129.0413693516365 86.13422192680184 92.13858303088165 87.49121086562411 93.23296660709065 86.09688146121209 
530.0008627412927 69.57845661452018 129.0413693516365 86.13422192680184 92.13858303088165 87.49121086562411 93.4586849079069 86.09688146121209 
531.0008627412927 69.57845661452018 129.0413693516365 86.13422192680184 92.58722163029984 87.49121086562411 94.03182754466116 86.09688146121209 
532.0008627412927 69.57845661452018 129.0413693516365 86.13422192680184 92.58722163029984 87.49121086562411 94.29919663100253 86.09688146121209 
533.0008627412927 69.57845661452018 129.0413693516365 86.13422192680184 93.46964223246152 87.49121086562411 94.29919663100253 86.09688146121209 
534.0008627412927 69.57845661452018 129.0413693516365 86.13422192680184 93.46964223246152 87.49121086562411 94.46772602154545 86.09688146121209 
535.0008627412927 69.57845661452018 129.0413693516365 86.13422192680184 93.61950506019707 87.49121086562411 94.76706220996732 86.09688146121209 
536.0008627412927 69.57845661452018 129.0413693516365 86.13422192680184 94.40681815876349 87.49121086562411 95.46237638385372 86.09688146121209 
537.0008627412927 69.57845661452018 129.0413693516365 86.13422192680184 94.40681815876349 87.49121086562411 96.55246011797635 86.09688146121209 
538.0008627412927 69.57845661452018 129.0413693516365 86.13422192680184 95.33544027166101 87.49121086562411 95.93174617338758 86.09688146121209 
539.0008627412927 69.57845661452018 129.0413693516365 86.13422192680184 95.8403884880587 87.49121086562411 96.55246011797635 86.09688146121209 
540.0008627412927 69.57845661452018 129.0413693516365 86.13422192680184 95.8403884880587 87.49121086562411 96.55246011797635 86.09688146121209 
541.0008627412927 69.57845661452018 129.0413693516365 86.13422192680184 96.20998101722898 87.49121086562411 96.86776232662123 86.09688146121209 
542.0008627412927 69.57845661452018 129.0413693516365 86.13422192680184 96.20998101722898 87.49121086562411 289.8749898262579 86.09688146121209 
543.0008627412927 69.57845661452018 129.0413693516365 86.13422192680184 96.7769179938507 87.49121086562411 98.31545191658586 86.09688146121209 
544.0008627412927 69.57845661452018 129.0413693516365 86.13422192680184 97.31121229676592 87.49121086562411 99.25991250375688 86.09688146121209 
545.0008627412927 69.57845661452018 129.0413693516365 86.13422192680184 97.31121229676592 87.49121086562411 98.31545191658586 86.09688146121209 
546.0008627412927 69.57845661452018 129.0413693516365 86.13422192680184 97.84864981530899 87.49121086562411 99.25991250375688 86.09688146121209 
547.0008627412927 69.57845661452018 129.0413693516365 86.13422192680184 98.00751046566478 87.49121086562411 99.25991250375688 86.09688146121209 
548.0008627412927 69.57845661452018 129.0413693516365 86.13422192680184 98.28464284486392 87.49121086562411 99.60688859815986 86.09688146121209 
549.0008627412927 69.57845661452018 129.0413693516365 86.13422192680184 98.28464284486392 87.49121086562411 99.31545191658586 86.09688146121209 
550.0008627412927 69.57845661452018 129.0413693516365 86.13422192680184 99.14829974833583 87.49121086562411 99.31545191658586 86.09688146121209 
551.0008627412927 69.57845661452018 129.0413693516365 86.13422192680184 99.9009312107222 87.49121086562411 99.31545191658586 86.09688146121209 
552.0008627412927 69.57845661452018 129.0413693516365 86.13422192680184 99.9009312107222 87.49121086562411 99.31545191658586 86.09688146121209 
553.0008627412927 69.57845661452018 129.0413693516365 86.13422192680184 100.66028906886726 87.49121086562411 99.31545191658586 86.09688146121209 
554.0008627412927 69.57845661452018 129.0413693516365 86.13422192680184 100.66028906886726 87.49121086562411 99.31545191658586 86.09688146121209 
555.0008627412927 69.57845661452018 129.0413693516365 86.13422192680184 101.3017559607672 87.49121086562411 99.31545191658586 86.09688146121209 
556.0008627412927 69.57845661452018 129.0413693516365 86.13422192680184 101.83090191968205 87.49121086562411 99.31545191658586 86.09688146121209 
557.0008627412927 69.57845661452018 129.0413693516365 86.13422192680184 101.83090191968205 87.49121086562411 99.31545191658586 86.09688146121209 
558.0008627412927 69.57845661452018 129.0413693516365 86.13422192680184 101.83090191968205 87.49121086562411 99.31545191658586 86.09688146121209 
559.0008627412927 69.57845661452018 129.0413693516365 86.13422192680184 102.28029546094615 87.49121086562411 99.31545191658586 86.09688146121209 
560.0008627412927 69.57845661452018 129.0413693516365 86.13422192680184 102.38770456090856 87.49121086562411 99.31545191658586 86.09688146121209 
561.0008627412927 69.57845661452018 129.0413693516365 86.13422192680184 102.70026424124825 87.49121086562411 99.31545191658586 86.09688146121209 
562.0008627412927 69.57845661452018 129.0413693516365 86.13422192680184 102.91079017032382 87.49121086562411 99.31545191658586 86.09688146121209 
563.0008627412927 69.57845661452018 129.0413693516365 86.13422192680184 103.10019436651305 87.49121086562411 99.31545191658586 86.09688146121209 
564.0008627412927 69.57845661452018 129.0413693516365 86.13422192680184 103.73279970086162 87.49121086562411 99.31545191658586 86.09688146121209 
565.0008627412927 69.57845661452018 129.0413693516365 86.13422192680184 103.95586089730676 87.49121086562411 99.31545191658586 86.09688146121209 
566.0008627412927 69.57845661452018 129.0413693516365 86.13422192680184 103.73279970086162 87.49121086562411 99.31545191658586 86.09688146121209 
567.0008627412927 69.57845661452018 129.0413693516365 86.13422192680184 103.87635601834836 87.49121086562411 99.31545191658586 86.09688146121209 
568.0008627412927 69.57845661452018 129.0413693516365 86.13422192680184 103.87635601834836 87.49121086562411 99.31545191658586 86.09688146121209 
569.0008627412927 69.57845661452018 129.0413693516365 86.13422192680184 104.55650548758172 87.49121086562411 99.31545191658586 86.09688146121209 
570.0008627412927 69.57845661452018 129.0413693516365 86.13422192680184 105.21351811271347 87.49121086562411 99.31545191658586 86.09688146121209 
571.0008627412927 69.57845661452018 129.0413693516365 86.13422192680184 106.10946346064173 87.49121086562411 99.31545191658586 86.09688146121209 
572.0008627412927 69.57845661452018 129.0413693516365 86.13422192680184 106.01574483110994 87.49121086562411 99.31545191658586 86.09688146121209 
573.0008627412927 69.57845661452018 129.0413693516365 86.13422192680184 106.10946346064173 87.49121086562411 99.31545191658586 86.09688146121209 
574.0008627412927 69.57845661452018 129.0413693516365 86.13422192680184 106.23786529009249 87.49121086562411 99.31545191658586 86.09688146121209 
575.0008627412927 69.57845661452018 129.0413693516365 86.13422192680184 106.7238766765131 87.49121086562411 99.31545191658586 86.09688146121209 
576.0008627412927 69.57845661452018 129.0413693516365 86.13422192680184 106.92955066347031 87.49121086562411 99.31545191658586 86.09688146121209 
577.0008627412927 69.57845661452018 129.0413693516365 86.13422192680184 107.64302499747669 87.49121086562411 99.31545191658586 86.09688146121209 
578.0008627412927 69.57845661452018 129.0413693516365 86.13422192680184 107.91768935491888 87.49121086562411 99.31545191658586 86.09688146121209 
579.0008627412927 69.57845661452018 129.0413693516365 86.13422192680184 107.91768935491888 87.49121086562411 99.31545191658586 86.09688146121209 
580.0008627412927 69.57845661452018 129.0413693516365 86.13422192680184 107.97169521137295 87.49121086562411 99.31545191658586 86.09688146121209 
581.0008627412927 69.57845661452018 129.0413693516365 86.13422192680184 108.25461143359996 87.49121086562411 99.31545191658586 86.09688146121209 
582.0008627412927 69.57845661452018 129.0413693516365 86.13422192680184 109.21706691073155 87.49121086562411 99.31545191658586 86.09688146121209 
583.0008627412927 69.57845661452018 129.0413693516365 86.13422192680184 108.70752400700445 87.49121086562411 99.31545191658586 86.09688146121209 
584.0008627412927 69.57845661452018 129.0413693516365 86.13422192680184 109.21706691073155 87.49121086562411 99.31545191658586 86.09688146121209 
585.0008627412927 69.57845661452018 129.0413693516365 86.13422192680184 109.30755592465624 87.49121086562411 99.31545191658586 86.09688146121209 
586.0008627412927 69.57845661452018 129.0413693516365 86.13422192680184 109.78165327938137 87.49121086562411 99.31545191658586 86.09688146121209 
587.0008627412927 69.57845661452018 129.0413693516365 86.13422192680184 109.97697719597664 87.49121086562411 99.31545191658586 86.09688146121209 
588.0008627412927 69.57845661452018 129.0413693516365 86.13422192680184 110.18457716527143 87.49121086562411 99.31545191658586 86.09688146121209 
589.0008627412927 69.57845661452018 129.0413693516365 86.13422192680184 110.4936381482957 87.49121086562411 99.31545191658586 86.09688146121209 
590.0008627412927 69.57845661452018 129.0413693516365 86.13422192680184 110.49878408503639 87.49121086562411 99.31545191658586 86.09688146121209 
591.0008627412927 69.57845661452018 129.0413693516365 86.13422192680184 110.80705057067468 87.49121086562411 99.31545191658586 86.09688146121209 
592.0008627412927 69.57845661452018 129.0413693516365 86.13422192680184 110.80705057067468 87.49121086562411 99.31545191658586 86.09688146121209 
593.0008627412927 69.57845661452018 129.0413693516365 86.13422192680184 111.2504511224173 87.49121086562411 99.31545191658586 86.09688146121209 
594.0008627412927 69.57845661452018 129.0413693516365 86.13422192680184 111.2504511224173 87.49121086562411 99.31545191658586 86.09688146121209 
595.0008627412927 69.57845661452018 129.0413693516365 86.13422192680184 111.58931447192026 87.49121086562411 99.31545191658586 86.09688146121209 
596.0008627412927 69.57845661452018 129.0413693516365 86.13422192680184 111.58931447192026 87.49121086562411 99.31545191658586 86.09688146121209 
597.0008627412927 69.57845661452018 129.0413693516365 86.13422192680184 112.15336680292734 87.49121086562411 99.31545191658586 86.09688146121209 
598.0008627412927 69.57845661452018 129.0413693516365 86.13422192680184 112.15336680292734 87.49121086562411 99.31545191658586 86.09688146121209 
599.0008627412927 69.57845661452018 129.0413693516365 86.13422192680184 113.02556491021483 87.49121086562411 99.31545191658586 86.09688146121209 
600.0008627412927 69.57845661452018 129.0413693516365 86.13422192680184 113.02556491021483 87.49121086562411 99.31545191658586 86.09688146121209 
601.0008627412927 69.57845661452018 129.0413693516365 86.13422192680184 113.16596523724633 87.49121086562411 99.31545191658586 86.09688146121209 
602.0008627412927 69.57845661452018 129.0413693516365 86.13422192680184 113.89490737841493 87.49121086562411 99.31545191658586 86.09688146121209 
603.0008627412927 69.57845661452018 129.0413693516365 86.13422192680184 113.89490737841493 87.49121086562411 99.31545191658586 86.09688146121209 
604.0008627412927 69.57845661452018 129.0413693516365 86.13422192680184 113.89490737841493 87.49121086562411 99.31545191658586 86.09688146121209 
605.0008627412927 69.57845661452018 129.0413693516365 86.13422192680184 114.73541910151056 87.49121086562411 99.31545191658586 86.09688146121209 
606.0008627412927 69.57845661452018 129.0413693516365 86.13422192680184 114.73541910151056 87.49121086562411 99.31545191658586 86.09688146121209 
607.0008627412927 69.57845661452018 129.0413693516365 86.13422192680184 114.90394849205347 87.49121086562411 99.31545191658586 86.09688146121209 
608.0008627412927 69.57845661452018 129.0413693516365 86.13422192680184 115.20328468047535 87.49121086562411 99.31545191658586 86.09688146121209 
609.0008627412927 69.57845661452018 129.0413693516365 86.13422192680184 115.56908192448213 87.49121086562411 99.31545191658586 86.09688146121209 
610.0008627412927 69.57845661452018 129.0413693516365 86.13422192680184 115.98868258848438 87.49121086562411 99.31545191658586 86.09688146121209 
611.0008627412927 69.57845661452018 129.0413693516365 86.13422192680184 116.36796864389561 87.49121086562411 99.31545191658586 86.09688146121209 
612.0008627412927 69.57845661452018 129.0413693516365 86.13422192680184 116.98868258848438 87.49121086562411 99.31545191658586 86.09688146121209 
613.0008627412927 69.57845661452018 129.0413693516365 86.13422192680184 117.14156732031176 87.49121086562411 99.31545191658586 86.09688146121209 
614.0008627412927 69.57845661452018 129.0413693516365 86.13422192680184 396.333457529188 87.49121086562411 99.31545191658586 86.09688146121209 
615.0008627412927 69.57845661452018 129.0413693516365 86.13422192680184 119.69613497426491 87.49121086562411 99.31545191658586 86.09688146121209 
616.0008627412927 69.57845661452018 129.0413693516365 86.13422192680184 119.69613497426491 87.49121086562411 99.31545191658586 86.09688146121209 
617.0008627412927 69.57845661452018 129.0413693516365 86.13422192680184 117.89041726428809 87.49121086562411 99.31545191658586 86.09688146121209 
618.0008627412927 69.57845661452018 129.0413693516365 86.13422192680184 119.75167438709389 87.49121086562411 99.31545191658586 86.09688146121209 
619.0008627412927 69.57845661452018 129.0413693516365 86.13422192680184 118.75167438709389 87.49121086562411 99.31545191658586 86.09688146121209 
620.0008627412927 69.57845661452018 129.0413693516365 86.13422192680184 119.69613497426491 87.49121086562411 99.31545191658586 86.09688146121209 
621.0008627412927 69.57845661452018 129.0413693516365 86.13422192680184 119.75167438709389 87.49121086562411 99.31545191658586 86.09688146121209 
622.0008627412927 69.57845661452018 129.0413693516365 86.13422192680184 119.75167438709389 87.49121086562411 99.31545191658586 86.09688146121209 
623.0008627412927 69.57845661452018 129.0413693516365 86.13422192680184 119.75167438709389 87.49121086562411 99.31545191658586 86.09688146121209 
624.0008627412927 69.57845661452018 129.0413693516365 86.13422192680184 119.75167438709389 87.49121086562411 99.31545191658586 86.09688146121209 
625.0008627412927 69.57845661452018 129.0413693516365 86.13422192680184 119.75167438709389 87.49121086562411 99.31545191658586 86.09688146121209 
#####################################################################
# End of data export. Simulation finished at: 2020-03-22T19:56+0000 #
#####################################################################
