#####################################################################
# Alchemist log file - simulation started at: 2020-03-22T01:58+0000 #
#####################################################################
# seed = 55.0, diameter = 250
#
# The columns have the following meaning: 
# time error-central[Sum] error-extreme[Sum] error-random[Sum] error-pageRank[Sum] error-harmonic[Sum] error-closeness[Sum] error-degree[Sum] 
0.0 NaN NaN NaN NaN NaN NaN NaN 
1.0010969238418226 0.0 0.0 0.0 0.0 0.0 0.0 0.0 
2.0010969238418226 29.01634227096349 1.3020767997591616 34.600660932087244 29.103768235521002 85.31278361541077 23.76867245551276 54.1422506687926 
3.0010969238418226 28.20746994512247 1.3339562909091571 27.758392450383994 34.60192747198926 158.24546309067347 23.447958765850903 43.274208287348515 
4.001096923841823 21.257491811443842 3.522700999888479 29.84001975921748 28.013999561582544 177.41023439641927 27.170075822347044 31.73170427364524 
5.001096923841823 19.02529378315149 1.6294882155846127 23.363903961284294 28.000599506774336 122.35007277040036 25.69345661002448 22.55665262405725 
6.001096923841823 22.12171892611306 2.5550083402416917 22.6669624376324 19.48061619192768 96.69040294063494 19.286866990382975 24.404962717361727 
7.001096923841823 21.12393543994517 3.492411773974056 13.587226110889695 21.936584996432803 48.53925900933349 17.100643441664772 15.26332026910297 
8.001096923841823 23.53924238848409 3.492411773974056 9.287399530026793 16.858285611536623 26.319428541013544 14.072938758251762 25.306580668503916 
9.001096923841823 13.813729332326284 3.492411773974056 12.836226348417853 18.017166782298737 27.875316545890602 9.413717196680974 11.980772263334456 
10.001096923841823 10.197861295484177 3.8483775485289673 8.12307761720432 18.10636271837496 25.11412773391828 21.605534120889097 9.616771082241169 
11.001096923841823 7.6304448758832075 6.329066969254098 7.792547450753328 10.393500536294242 20.33859995800038 10.86670046179687 10.976903734631037 
12.001096923841823 15.28846028117817 11.258824056447622 7.792547450753327 18.733692282285975 28.268484036147658 11.577972665410288 12.600620208308793 
13.001096923841823 8.978633768219694 5.329066969254098 16.675678083550004 27.818528270435586 18.080377411030454 17.909430822956963 20.517072796822973 
14.001096923841823 9.556094657124605 5.583096523848466 9.632680754087525 11.62945375110848 18.12480081593204 14.47054016321659 10.244294704279005 
15.001096923841823 13.978185964534445 5.583096523848466 10.416892903014993 11.484777107725916 15.676508902345152 15.995493458090314 9.504005537756653 
16.00109692384182 20.95176996969354 6.08794561557912 10.748889760045577 12.603353040927189 3.3938306558030984 16.998810025545943 20.592878228040906 
17.00109692384182 13.865341899479546 6.08794561557912 22.052724196385913 22.81922602736331 9.324958255379993 24.84690991191558 14.99269950201595 
18.00109692384182 12.785310096157753 6.875414755502627 17.472798743641356 14.14203454246374 12.203692953560996 19.934952593302626 15.543329755548784 
19.00109692384182 15.878037171559736 7.00130868136373 17.32350798846537 15.103254450195179 4.482282821075277 22.041810888772666 15.060809109115295 
20.00109692384182 15.775462085828508 7.00130868136373 16.988706900426806 25.218312322338072 4.498161680859653 33.9851829543508 14.385806122946828 
21.00109692384182 15.145809461755487 7.420349082961652 14.899672974935955 16.375658022431544 5.673481720399458 24.859071130086736 13.786291907562282 
22.00109692384182 15.79729611893303 7.927505266474768 29.98835899110711 7.275963947192931 6.203692953560996 16.027362817975693 15.431407653999562 
23.00109692384182 20.93753357988356 8.41106512997001 9.109501981355184 8.49761496231289 12.252559677065136 18.19994610389139 15.336081932903538 
24.00109692384182 17.224933831848986 8.762618699417217 8.472095810424813 7.58916188547002 9.297575512283561 17.749796600454367 15.333247389943912 
25.00109692384182 34.061864806609066 8.995961831447227 8.472095810424811 8.489449301513382 6.831186478581689 20.07786841217967 16.62998048828122 
26.00109692384182 12.359805924960321 8.995961831447229 8.687095767435618 8.489449301513382 7.5235746579761305 20.49371427165087 17.26652108694201 
27.00109692384182 9.635016599569703 9.93445386431511 8.836283734375268 8.731254900587274 11.297575512283561 20.241853278593 9.436208936525755 
28.00109692384182 13.359805924960321 11.082233176717775 9.403023539203161 9.039853448845545 8.78124828112329 20.61812704347402 9.436208936525755 
29.00109692384182 11.044047984783372 28.33323983516598 9.403023539203161 9.436208936525755 9.555625485606662 22.074585410561788 9.436208936525755 
30.00109692384182 13.35980592496032 12.079557345875124 9.890362757767058 9.829840417486277 9.589294134082788 20.736221796776253 10.101226051913482 
31.00109692384182 12.937461447725216 12.093972136658063 9.890362757767058 10.204306898005193 27.775797875453055 23.365722145182463 10.788918186014307 
32.00109692384182 12.595916423307706 23.59757823446401 10.396179083122206 10.204306898005193 10.818912497601154 23.41358969533118 30.99891892073924 
33.00109692384182 12.057770840344514 11.80865347214526 32.563297705279766 10.643163104301156 10.43851791304079 23.116538601132618 11.021413279231279 
34.00109692384182 12.863223811687021 12.694571317200168 13.637509666921979 11.27229898827624 10.43851791304079 24.835686330256294 11.577678736176733 
35.00109692384182 12.986570690428866 12.344016785106433 12.322162543521689 11.406492869363646 15.583777740337474 25.38695676015302 11.577678736176733 
36.00109692384182 13.595916423307706 16.773064393667454 11.939542302250857 11.577678736176733 13.4604924654153 24.849388014136736 12.466400245177446 
37.00109692384182 13.595916423307706 14.901733423775159 12.141270978737964 12.466400245177446 10.72915497215515 25.28701075450007 13.212489037723696 
38.00109692384182 13.937461447725216 15.063173948631245 12.743110107679762 12.466400245177446 10.72915497215515 50.08936881954715 12.643030049097547 
39.00109692384182 14.809401777628157 15.436689499924988 12.828315035564962 12.963084911151146 14.857254653589962 27.414365567995482 12.856380531534626 
40.00109692384182 14.809401777628157 15.790010295852383 13.153095422780439 12.856380531534626 11.63031678353753 32.60840721139523 13.232160734803863 
41.00109692384182 15.35980592496032 16.436689499924988 13.44254792353993 13.232160734803863 13.583777740337474 55.11625304502304 13.809002394787242 
42.00109692384182 15.75616141264053 17.213681940692908 13.993831394594878 40.64303004909755 13.583777740337474 30.40468761070059 30.77433877884424 
43.00109692384182 15.75616141264053 16.453069284345258 14.538722553228148 14.06639755256326 13.345285500506947 30.57725457982457 14.06639755256326 
44.00109692384182 16.421178528028257 17.063173948631245 16.41037739631036 33.45208031341865 15.775310295385431 31.324719336730453 14.396358611989847 
45.00109692384182 16.421178528028257 17.063173948631245 15.211786689643205 14.396358611989847 14.442386068697829 35.02187261255082 14.396358611989847 
46.00109692384182 16.421178528028257 18.0449954297652 15.39582220632434 14.396358611989847 14.442386068697829 34.141524820779196 14.87009088497696 
47.00109692384182 16.524259374119968 18.37693167272897 15.818010773880204 14.87009088497696 14.687095541089029 33.86983930989949 14.87009088497696 
48.00109692384182 16.724743366896263 18.955325922673964 47.323861382920235 15.379142394664704 15.006578881913455 34.01212012580422 15.694185264961366 
49.00109692384182 17.341365755346057 19.203140743289183 18.313876695096553 15.694185264961362 15.442386068697829 34.22579442353915 15.933995793019129 
50.00109692384182 17.34136575534606 19.63201890363208 18.313876695096553 15.809628576833504 15.442386068697829 18.677730879372163 15.933995793019129 
51.00109692384182 37.77248777555801 21.673708516156935 50.59800793429236 16.379142394664704 15.736176028628272 18.096067842311335 16.18377730082696 
52.00109692384182 17.34136575534606 21.497226015946758 25.33121806327234 19.85876943579905 16.376941285019818 18.12874987891756 16.708958145577242 
53.00109692384182 17.726445345478425 21.00524416622514 27.783945116584313 17.379142394664704 16.453677315378613 18.827507080157105 16.708958145577242 
54.00109692384182 17.897631212291515 21.497226015946758 20.086791840763944 17.156343619456067 17.150540015519987 19.13775745483619 17.156343619456067 
55.00109692384182 18.094291254959018 22.121689185323994 20.34507959933896 17.156343619456067 17.381293790183186 19.530815856759737 17.288961174372155 
56.00109692384182 18.786352721292225 22.515677888809016 25.783945116584313 18.379142394664704 17.421509160482543 20.961274954626013 17.906943491153818 
57.00109692384182 18.962982525212325 22.515677888809016 21.086791840763944 21.156343619456067 18.502791075082655 20.469293104904395 23.2898911876864 
58.00109692384182 19.314093856629654 57.47504184374618 20.462486384353618 18.63564557674284 19.20351144027336 20.961274954626013 19.121666733779094 
59.00109692384182 19.62103251358773 24.375437191640266 23.33121806327234 19.540667711733136 18.592908033579654 57.95312274969289 19.148639105476704 
60.00109692384182 19.855040957741714 24.375437191640266 24.783945116584313 19.540667711733136 19.460835884191845 21.062140153443288 19.540667711733136 
61.00109692384182 60.54617349863708 23.56679817704449 22.987673299008215 20.18616151563046 19.460835884191845 23.33669933192241 19.96711837583004 
62.00109692384182 20.7279713613284 31.100963019928464 22.987673299008215 20.09535650497522 19.93965544450075 22.83948613031952 20.09535650497522 
63.00109692384182 32.355227415920446 26.100963019928464 22.987673299008215 20.657052382162576 20.265483516357556 22.83948613031952 21.091229265298622 
64.00109692384183 31.355227415920446 25.279454412589907 23.60875236772737 21.091229265298622 21.0888434114404 22.52212694995479 27.540667711733136 
65.00109692384183 22.101888913023842 26.86713238303831 23.608752367727362 21.319611084527118 21.365340446562442 31.652908896953313 21.319611084527118 
66.00109692384183 30.486745418200854 26.701881692531067 23.608752367727362 64.88471352545862 21.65558321626829 27.621502815348805 23.319611084527118 
67.00109692384183 22.77252507950726 26.11023219479413 23.608752367727362 21.994141380514876 66.14808141572159 27.621502815348805 22.774593762002546 
68.00109692384183 22.984215862341756 26.701881692531067 23.608752367727362 21.994141380514876 22.627900522545346 26.424166385303167 22.731514838063198 
69.00109692384183 30.486745418200854 26.701881692531067 23.608752367727362 22.8708561055927 25.441915359653045 26.424166385303167 51.452535299443234 
70.00109692384183 23.80088656723752 26.701881692531067 23.608752367727362 22.62222856422975 24.441915359653045 26.919350642166762 23.774593762002546 
71.00109692384183 26.178721911913826 27.494317182295866 23.608752367727362 23.267618293767363 37.891657824746304 25.331181321717565 70.04742370395239 
72.00109692384183 31.594882643541098 27.494317182295866 23.608752367727362 23.994141380514876 31.171047406472375 28.212631767529544 27.834146719830734 
73.00109692384183 24.80088656723752 27.535723542214512 23.608752367727362 24.30108003747295 24.199523574678608 28.212631767529544 28.435065392433337 
74.00109692384183 30.486745418200854 28.416266407324898 23.608752367727362 24.641040888605254 24.441915359653045 27.424166385303167 26.908184631946433 
75.00109692384183 26.226895967268597 28.416266407324898 23.608752367727362 26.755649140684348 71.77851356010355 27.919350642166762 29.435065392433337 
76.00109692384183 25.860620187847914 28.598570333899538 23.63870222013574 25.543913974858746 24.971418884311277 27.658442658282333 29.227500882198136 
77.00109692384183 29.12414677209528 28.74858282885029 24.124381607954675 26.176897317266224 33.891657824746304 27.919350642166762 26.908184631946433 
78.00109692384183 32.5948826435411 29.15745387666955 24.20111763831347 26.176897317266224 26.997882172108987 28.290802438939373 26.908184631946433 
79.00109692384183 31.486745418200854 29.180967682605328 24.20111763831347 26.781936436909064 31.240232976073344 29.212631767529544 78.08877877342077 
80.00109692384183 27.425423716897242 29.716122862293417 25.12128870904663 30.664287106026244 26.312407295632582 29.212631767529544 27.61646451664066 
81.00109692384183 31.486745418200854 30.094047314265097 25.12128870904663 26.976904894439727 43.66787087644372 29.652908896953313 27.61646451664066 
82.00109692384183 29.12414677209528 30.300276094584603 25.979994917266495 26.976904894439727 30.891657824746304 30.341942255997473 39.24155011875909 
83.00109692384183 29.12414677209528 31.02311248268837 25.979994917266495 27.560053586064136 30.597639276404088 31.113925211105382 36.962132492213236 
84.00109692384183 83.50372977694174 31.130080612457526 26.230061304579316 27.560053586064136 31.891657824746304 31.125715195783215 27.69330114652618 
85.00109692384183 34.5948826435411 31.376358187351684 26.230061304579316 27.560053586064136 39.07949411302734 31.76432503326386 36.8758163414779 
86.00109692384183 33.486745418200854 85.48907381101363 26.764678738861704 27.560053586064136 31.240232976073344 31.76432503326386 27.69330114652618 
87.00109692384183 32.486745418200854 32.466245879242905 26.764678738861704 27.94271779698088 31.036504793649442 32.487161421367624 27.69330114652618 
88.00109692384183 31.242234603245237 32.466245879242905 27.523238198387915 27.94271779698088 31.891657824746304 32.61975091636771 38.19161192130069 
89.00109692384183 33.5948826435411 33.130080612457526 27.523238198387915 28.658854717745086 31.891657824746304 32.84040712603094 28.48093409112274 
90.00109692384183 89.52817801976323 33.464751404575566 28.016132878102553 69.56005358606413 31.171047406472375 88.88694262732558 28.777473291224254 
91.00109692384183 33.486745418200854 33.91121983497894 28.291942044617777 29.48093409112274 32.891657824746304 33.59412955113678 38.19161192130069 
92.00109692384183 33.486745418200854 83.9238686822603 28.71621907742216 29.724482917990855 60.69104424279978 33.91853966131959 29.48093409112274 
93.00109692384183 33.69650047395476 35.36217280507295 28.71621907742216 34.105471240782464 32.891657824746304 33.91853966131959 38.66292331724254 
94.00109692384183 33.69650047395476 35.36217280507295 29.174529277995987 31.26453647359876 39.13300296049499 34.385998972431366 29.874710006885742 
95.00109692384183 35.486745418200854 36.388483033876824 29.896085668013924 32.105471240782464 33.240232976073344 34.0504763233041 31.105471240782464 
96.00109692384183 35.5948826435411 36.388483033876824 29.896085668013924 32.105471240782464 33.240232976073344 34.036442514222635 30.644229943826005 
97.00109692384183 35.486745418200854 36.807484011830866 30.29342350991375 32.760100654694085 33.240232976073344 34.0504763233041 39.19161192130069 
98.00109692384183 35.486745418200854 36.807484011830866 30.564594618789243 32.760100654694085 37.27880825640398 34.0504763233041 32.105471240782464 
99.00109692384183 36.1079494706748 36.807484011830866 30.9805846579725 32.760100654694085 36.378853354098965 34.0504763233041 39.66292331724254 
100.00109692384183 36.1079494706748 37.415455405574434 31.406245797143555 33.398000011355165 35.58963635982259 34.38791762093956 38.19161192130069 
101.00109692384183 36.42586535373877 37.415455405574434 31.425855456178226 34.300432984164516 35.378853354098965 34.82209450407561 32.760100654694085 
102.00109692384183 36.551065457661934 38.030230084276766 32.07195907036186 34.80419429598051 34.378853354098965 34.82209450407561 34.80419429598051 
103.00109692384183 37.21259893736746 38.030230084276766 32.419299140519314 34.80419429598051 34.27880825640398 34.8262217437522 34.80419429598051 
104.00109692384183 37.21259893736746 103.13508511537484 32.47999985342706 35.32587554496378 34.27880825640398 35.579968819901865 41.19161192130069 
105.00109692384183 37.52206980138146 39.96100156505909 34.04568604903778 35.92228212713046 35.378853354098965 35.579968819901865 40.66292331724254 
106.00109692384183 38.05527437167217 39.96100156505909 33.59806215823349 104.78193643690906 40.58963635982259 36.231695097582005 35.45186911203713 
107.00109692384183 38.934009069853175 39.556707487784124 33.88780262005089 37.37654799783998 35.58963635982259 36.231695097582005 40.19161192130069 
108.00109692384183 38.934009069853175 40.20081209311685 35.176526238353915 38.166792942086076 35.51492555729891 36.85253197255608 40.19161192130069 
109.00109692384183 38.94874830895479 40.66317491208757 34.82631151753428 40.32372353825325 35.90612448717562 36.87950434425369 40.662923317242544 
110.00109692384183 38.94874830895479 40.66317491208757 35.549565720481155 38.37654799783998 35.90612448717562 37.05719254381573 38.37654799783998 
111.00109692384183 38.95737353725163 41.069817787655424 35.549565720481155 39.648254847306134 36.51032677243606 37.49427902295602 38.37654799783998 
112.00109692384183 39.253890774268314 111.4989770349016 35.67285482993647 39.75172084857702 38.58963635982259 37.63780872993081 42.662923317242544 
113.00109692384183 40.13349517030156 46.748188705516256 35.92160010932321 39.75172084857702 37.18473191392894 38.01982641314913 42.19161192130069 
114.00109692384183 40.73879537503427 44.756265601611105 36.789156996176104 39.75172084857702 37.08176351338247 38.01982641314913 42.19161192130069 
115.00109692384183 41.027891628575745 42.86447671415844 36.33163991337139 39.648254847306134 37.360250321278 38.88720885823305 42.19161192130069 
116.00109692384183 41.17456880207388 48.50138578073286 36.92160010932321 40.5038138090996 37.83339347804241 39.43982338435423 40.166792942086076 
117.00109692384183 42.319610250374964 43.73321654527517 37.08232723797386 40.78799699456002 38.18473191392894 39.43982338435423 43.662923317242544 
118.00109692384183 42.16883402933297 43.953777476237946 37.93491969078093 41.1033194839132 38.54690488377166 39.914642539603946 43.662923317242544 
119.00109692384183 42.16883402933297 49.50138578073286 37.834691645070336 41.231112981547156 38.574170316826525 40.02075642646338 43.19161192130069 
120.00109692384183 119.45497160378213 45.539115288373964 37.834691645070336 41.89264646125268 38.99818889700222 41.54049381561049 43.19161192130069 
121.00109692384183 45.10169985234029 49.748188705516256 37.834691645070336 41.89264646125268 39.82420584045772 41.42505050373835 41.89264646125268 
122.00109692384183 45.172702184990015 47.756265601611105 37.91297658700918 42.202117325266684 40.31373186849119 41.58963467457603 44.19161192130069 
123.00109692384183 45.172702184990015 47.096656717584 37.926238568227475 42.73532189555739 40.31373186849119 42.127223850766825 44.662923317242544 
124.00109692384183 45.172702184990015 51.50138578073286 93.12438160795467 42.73532189555739 42.07100876524112 42.54057733052204 44.662923317242544 
125.00109692384183 44.791366878363405 50.50138578073286 41.51036659756609 43.6140565937384 41.421485054926706 42.890209743897 44.19161192130069 
126.00109692384183 45.41741165738121 48.81008763566997 39.622618853436734 43.62879583284001 41.32745472405233 43.51713633859421 44.19161192130069 
127.00109692384183 45.41741165738121 50.748188705516256 41.8269344359622 43.62879583284001 42.132907695394834 43.797262791340245 43.8758163414779 
128.00109692384183 46.172702184990015 48.998071200685004 41.8269344359622 43.63742106113685 41.577364868163386 44.219260614085385 45.19161192130069 
129.00109692384183 46.172702184990015 49.75626560161112 41.8269344359622 43.93393829815355 42.86560030701551 44.97105561715814 45.66292331724256 
130.00109692384183 46.83685822216384 49.81010713531808 41.8269344359622 44.81354269418679 42.8189403550213 44.97105561715814 45.70793915246098 
131.00109692384183 47.46649214492045 50.49612029529645 130.5737486489601 45.41884289891951 43.132927195042924 45.96302597358084 46.66292331724256 
132.00109692384183 47.46649214492045 54.501385780732875 42.51036659756609 45.70793915246098 44.07908566133597 45.96302597358084 46.290551923568984 
133.00109692384183 47.58160832091663 53.501385780732875 43.068557740805886 45.854616325959114 44.07908566133597 46.6275955487864 46.848881553218206 
134.00109692384183 47.88786158197546 52.00463466432748 43.24853742994472 133.00892961602315 44.320891260409866 47.3285256528377 132.92249974818853 
135.00109692384183 48.23310719137484 52.99091180876634 43.51036659756609 46.848881553218206 44.320891260409866 47.505204017621224 47.99068695165758 
136.00109692384183 48.23310719137484 53.501385780732875 43.94847399519439 47.325011804664854 45.41947677730886 48.30854397495372 51.47176910989691 
137.00109692384183 48.76134018192138 53.501385780732875 50.76277724573639 135.68471614421836 45.41947677730886 48.30854397495372 49.85274970887525 
138.00109692384183 49.04689440131138 53.501385780732875 58.43830273467094 50.097459181266444 45.41947677730886 48.75227851800827 50.097459181266444 
139.00109692384183 49.45497160378213 53.501385780732875 47.771379463244145 54.58107736840867 46.232799464123744 49.35166361137689 50.416942522090864 
140.00109692384183 49.901029844523435 53.97964169485219 52.37693013160299 51.56790910586069 46.2104347324225 49.47155262141629 50.47176910989691 
141.00109692384183 50.0923777747125 54.29502915476621 47.76277724573639 53.72694192519661 46.99612922918624 49.93517213678217 50.097459181266444 
142.00109692384183 50.0923777747125 54.29502915476621 47.82920383631733 53.58107736840867 47.16731509599933 50.16707417530273 51.516905746049076 
143.00109692384183 50.81915952773258 54.77140694646788 47.82920383631733 51.733183699902284 47.36397513866683 50.93045706153681 141.97701620397865 
144.00109692384183 51.09565656285463 54.861911854204095 53.37693013160299 50.416942522090864 48.05603660500003 50.93045706153681 51.47176910989691 
145.00109692384183 51.385899332560484 55.51057341831756 48.25776709537092 54.741228699177356 48.02836920739762 50.93045706153681 52.14653966880569 
146.00109692384183 51.58253059903508 55.61399749580221 48.771379463244145 52.56790910586069 48.23266640892014 51.47398558928522 52.14653966880569 
147.00109692384183 146.57062546198668 56.226247980829555 48.93930625692644 52.91315471526008 48.23266640892014 51.47398558928522 52.56790910586069 
148.00109692384183 52.15501426791579 56.226247980829555 53.95458565436789 52.91315471526008 144.6369513865115 51.96016923397569 52.56790910586069 
149.00109692384183 54.929839690970795 56.811457884442106 53.37693013160299 52.91315471526008 48.75505707239002 53.006829185969906 52.741228699177356 
150.00109692384183 55.69392790790923 57.18750671271121 49.82920383631733 52.91315471526008 49.442907328962434 52.71859374711778 52.741228699177356 
151.00109692384183 55.17223147594524 57.18750671271121 53.95458565436789 52.91315471526008 49.442907328962434 53.27413657434923 54.91315471526008 
152.00109692384183 55.17223147594524 58.05603329437412 52.82652598427083 53.72694192519661 49.442907328962434 53.468683603006724 53.72694192519661 
153.00109692384183 55.17223147594524 57.730721503218035 52.82652598427083 53.72694192519661 49.45972724479955 53.984737421313994 54.16344102668549 
154.00109692384183 55.253117983482326 57.95598819667913 52.88036751797779 54.58107736840867 49.73811116934145 53.984737421313994 54.58107736840867 
155.00109692384183 66.76682090994163 58.810182900770144 52.06117219142605 54.58107736840867 49.95369099572599 54.45496074744558 54.77242529859774 
156.00109692384183 64.62197394103849 58.810182900770144 53.88036751797779 54.77242529859774 50.399264936656095 54.965434719412116 54.77242529859774 
157.00109692384183 61.76682090994163 59.01364242892154 53.0014703190307 54.77242529859774 50.399264936656095 54.965434719412116 55.499207051617816 
158.00109692384183 157.37406836622299 60.44860065493023 54.82652598427083 55.499207051617816 50.74597997927866 55.139417775956616 55.499207051617816 
159.00109692384183 57.69392790790923 60.14285241118543 54.82652598427083 56.06594685644572 53.298594505399834 55.139417775956616 56.06594685644572 
160.00109692384183 57.862411707999925 60.5157154378371 54.32480519109825 107.68261667053791 50.87859753419474 55.75907809344545 137.72694192519663 
161.00109692384183 63.62197394103849 60.998297358146175 55.82652598427083 60.02225249645801 52.35305014400163 56.23545588514712 59.852278999830475 
162.00109692384183 58.799622860262616 60.998297358146175 55.82652598427083 61.59159013229723 52.13030407155573 56.501479200232396 58.852278999830475 
163.00109692384183 59.09543641597877 61.36822418307493 55.82652598427083 57.27224721215039 52.13030407155573 56.974622356996804 57.27224721215039 
164.00109692384183 65.62197394103849 62.078046257516974 55.95458565436789 62.37578220948808 52.55675473565263 57.501479200232396 58.602465619493415 
165.00109692384183 62.76682090994163 62.337463821162515 56.82652598427083 62.37578220948808 52.684992864797806 57.690296919508796 163.58107736840867 
166.00109692384183 62.62197394103849 62.37919036228955 56.86447770922702 61.59159013229723 52.684992864797806 57.690296919508796 59.60988721485603 
167.00109692384183 62.32795539269628 62.946863823982966 57.37693013160299 59.143677012628785 53.24668874198517 57.690296919508796 59.60988721485603 
168.00109692384183 63.62197394103849 62.946863823982966 57.7732856192832 64.61356394146898 155.74597997927867 57.690296919508796 60.24075116592411 
169.00109692384183 63.62197394103849 168.4401062149064 57.7732856192832 63.37578220948808 54.78906593896777 57.690296919508796 60.852278999830475 
170.00109692384183 62.716467594526364 63.73917178311825 58.7544717497652 63.37578220948808 54.78906593896777 57.690296919508796 60.852278999830475 
171.00109692384183 64.62197394103849 64.89129177886278 59.16691710024372 61.3817825244887 54.78757146430043 57.690296919508796 75.7497151580065 
172.00109692384183 64.97054909236553 64.65224911788647 59.16691710024372 64.61356394146898 55.36423012182513 57.99367871158664 63.40824581228641 
173.00109692384183 64.62197394103849 65.61633980569049 59.35848996198874 64.61356394146898 56.45290067218238 57.99367871158664 63.40824581228641 
174.00109692384183 64.62197394103849 66.442706501375 59.7435695521211 66.20116554068548 172.5837560085514 57.99367871158664 161.65059661625077 
175.00109692384183 64.97054909236553 66.31492745135739 60.98023978705861 62.54245923188516 56.74571374837119 57.99367871158664 63.02225249645801 
176.00109692384183 64.97054909236553 66.31492745135739 60.803476927934895 65.61356394146898 66.19547045296801 57.99367871158664 64.59159013229723 
177.00109692384183 64.97054909236553 66.86465930812122 61.02403785889767 66.20116554068548 66.19547045296801 58.165168019263675 68.65059661625077 
178.00109692384183 64.97054909236553 66.65268910737356 61.02403785889767 66.23959680314049 65.19547045296801 58.56898442769861 66.7497151580065 
179.00109692384183 64.97054909236553 66.65268910737356 61.23380699276687 66.23959680314049 59.49753327881885 58.56898442769861 69.30202146492373 
180.00109692384183 64.97054909236553 67.3110314216948 61.980106731855 66.23959680314049 61.81713724202072 58.56898442769861 67.65059661625077 
181.00109692384183 64.97054909236553 67.71889661351639 61.980106731855 66.20116554068548 60.49782099176903 58.65155565139045 67.44686843382686 
182.00109692384183 64.97054909236553 169.3149274513574 142.94291077590287 66.23959680314049 67.19547045296801 59.35738760905147 68.30202146492373 
183.00109692384183 64.97054909236553 68.7987367814047 67.7029432592742 67.7497151580065 67.19547045296801 59.35738760905147 68.44686843382686 
184.00109692384183 64.97054909236553 68.71251926283794 63.32628403080483 67.7497151580065 65.01030269950446 59.35738760905147 67.3965151184116 
185.00109692384183 64.97054909236553 69.40707191818336 68.11167044476 67.3965151184116 67.19547045296801 59.730865238776985 69.30202146492373 
186.00109692384183 64.97054909236553 69.6728498368641 64.25914471659321 68.20116554068548 62.81713724202072 60.194770441897276 69.30202146492373 
187.00109692384183 64.97054909236553 69.7987367814047 69.11167044476 68.7497151580065 67.19547045296801 60.194770441897276 69.30202146492373 
188.00109692384183 64.97054909236553 187.46785983446426 69.11167044476 186.88502560325728 67.19547045296801 60.52008223305336 69.65059661625077 
189.00109692384183 64.97054909236553 72.7666997393794 65.70113131866086 69.65059661625077 66.19547045296801 60.52008223305336 69.65059661625077 
190.00109692384183 64.97054909236553 72.7666997393794 73.7029432592742 69.65059661625077 63.18995244276317 60.810418524917964 69.65059661625077 
191.00109692384183 64.97054909236553 71.97542566637807 70.7029432592742 69.65059661625077 67.19547045296801 60.810418524917964 69.65059661625077 
192.00109692384183 64.97054909236553 73.33598541448384 67.0460348283347 69.65059661625077 67.19547045296801 61.41907880835254 69.65059661625077 
193.00109692384183 64.97054909236553 73.7666997393794 71.11167044476 69.65059661625077 67.19547045296801 61.520577770471874 69.65059661625077 
194.00109692384183 64.97054909236553 73.7666997393794 71.11167044476 69.65059661625077 64.90403951190959 61.467639053836876 69.65059661625077 
195.00109692384183 64.97054909236553 74.31068356652489 71.11167044476 69.65059661625077 66.01030269950445 61.477691367600784 69.65059661625077 
196.00109692384183 64.97054909236553 73.7666997393794 74.7029432592742 69.65059661625077 68.19547045296801 62.346166218670135 69.65059661625077 
197.00109692384183 64.97054909236553 74.31068356652489 71.7029432592742 69.65059661625077 66.01030269950445 86.86941523193707 69.65059661625077 
198.00109692384183 64.97054909236553 74.49433423612953 71.11167044476 69.65059661625077 68.19547045296801 66.33530965319454 69.65059661625077 
199.00109692384183 64.97054909236553 74.59729363850418 70.30419505858751 69.65059661625077 68.19547045296801 82.08963806736759 69.65059661625077 
200.00109692384183 64.97054909236553 74.82582528535421 72.11167044476 69.65059661625077 68.19547045296801 69.51182669116349 69.65059661625077 
201.00109692384183 64.97054909236553 75.47109879388931 72.11167044476 69.65059661625077 68.9965285758818 67.45197100210765 69.65059661625077 
202.00109692384183 64.97054909236553 75.64595869476244 75.7029432592742 69.65059661625077 69.11283035557724 76.50321401067995 69.65059661625077 
203.00109692384183 64.97054909236553 76.22168166195806 71.99412906492003 69.65059661625077 68.9965285758818 69.89307696965682 69.65059661625077 
204.00109692384183 64.97054909236553 76.22168166195806 73.7029432592742 69.65059661625077 69.98752099996318 76.6779858848522 69.65059661625077 
205.00109692384183 64.97054909236553 77.14671035182339 73.53501178723528 69.65059661625077 69.89539974147377 70.708331664806 69.65059661625077 
206.00109692384183 64.97054909236553 77.97811932830629 73.53501178723528 69.65059661625077 69.6862782012027 71.73553461191858 69.65059661625077 
207.00109692384183 64.97054909236553 77.97811932830629 73.53650626190264 69.65059661625077 70.67961891718164 71.73553461191858 69.65059661625077 
208.00109692384183 64.97054909236553 78.84017425788286 74.4289868968998 69.65059661625077 70.89539974147377 75.52136040651877 69.65059661625077 
209.00109692384183 64.97054909236553 78.93824025157187 84.6114431661749 69.65059661625077 71.52596080301404 75.54571213510451 69.65059661625077 
210.00109692384183 64.97054909236553 79.325178478379 209.5929613825482 69.65059661625077 71.53650200041778 81.71369930026248 69.65059661625077 
211.00109692384183 64.97054909236553 210.40142379358113 77.2452613147039 69.65059661625077 71.56723139723653 73.53871986303037 69.65059661625077 
212.00109692384183 64.97054909236553 80.05847373045833 76.27663696941931 69.65059661625077 72.11283035557724 73.53871986303037 69.65059661625077 
213.00109692384183 64.97054909236553 80.83076800418127 76.7938072887867 69.65059661625077 72.22455348350002 73.76338070398819 69.65059661625077 
214.00109692384183 64.97054909236553 81.05412122529498 86.75428125095013 69.65059661625077 72.89915605784233 95.42067596815326 69.65059661625077 
215.00109692384183 64.97054909236553 82.41292152344627 78.24497360175371 69.65059661625077 72.92039829418886 101.76646750170849 69.65059661625077 
216.00109692384183 64.97054909236553 81.96424548144108 83.65147983484445 69.65059661625077 73.47882191930199 90.76176293579175 69.65059661625077 
217.00109692384183 64.97054909236553 82.26095768061262 87.6114431661749 69.65059661625077 73.86400284324003 142.3555758849311 69.65059661625077 
218.00109692384183 64.97054909236553 82.80190478172469 87.6114431661749 75.96031145585277 74.11697814406887 128.6137138610191 69.65059661625077 
219.00109692384183 64.97054909236553 82.90785718870299 80.2452613147039 96.34760973766618 74.37861813802124 106.24372385609303 69.65059661625077 
220.00109692384183 64.97054909236553 211.24372119453747 82.56457756495558 74.04097107286188 75.06314265536028 169.50780128235948 69.65059661625077 
221.00109692384183 64.97054909236553 83.93110340612398 88.75428125095013 129.13649351546474 75.00684092801527 152.78931537868868 69.65059661625077 
222.00109692384183 64.97054909236553 85.71938890349023 84.65147983484445 92.55950903664649 75.21094511064649 196.48238090248503 69.65059661625077 
223.00109692384183 64.97054909236553 85.71938890349023 81.52556208614723 100.88541934089642 75.53097526573475 217.40943097389484 69.65059661625077 
224.00109692384183 64.97054909236553 84.85350918886431 89.6114431661749 123.1121652694099 79.00684092801527 288.8758772270527 69.65059661625077 
225.00109692384183 64.97054909236553 86.75408939879469 89.6114431661749 290.72326607247 76.53097526573475 855.1140517235153 69.65059661625077 
226.00109692384183 64.97054909236553 86.71938890349023 83.56457756495558 247.88189123040272 76.53097526573475 477.2290697125136 69.65059661625077 
227.00109692384183 64.97054909236553 86.0299459686131 89.75428125095013 678.6181867324851 225.32282005972485 157.25641995509994 69.65059661625077 
228.00109692384183 64.97054909236553 87.71938890349023 85.65147983484445 720.0347507161877 77.53097526573475 146.9023083656945 69.65059661625077 
229.00109692384183 64.97054909236553 87.71938890349023 84.1913950176752 543.4645524320167 77.75568548169855 147.1152701139139 69.65059661625077 
230.00109692384183 64.97054909236553 87.24361631243684 90.6114431661749 366.7803165348409 78.06822276807779 13.323864771387406 69.65059661625077 
231.00109692384183 64.97054909236553 88.71938890349023 90.6114431661749 102.92881786482457 86.32282005972485 13.621213809283319 69.65059661625077 
232.00109692384183 64.97054909236553 88.36039681472488 90.75428125095013 70.36930192879922 86.32282005972485 13.621213809283319 69.65059661625077 
233.00109692384183 64.97054909236553 89.20953409707863 90.75428125095013 12.812985670086732 84.43361663596713 15.203865119527677 69.65059661625077 
234.00109692384183 64.97054909236553 89.20953409707863 90.6114431661749 60.13117909512056 84.32282005972485 15.499638200365297 69.65059661625077 
235.00109692384183 64.97054909236553 89.93061137835923 87.75774302243931 86.69798634366995 81.24234711792406 85.88841934472319 69.65059661625077 
236.00109692384183 64.97054909236553 91.06661203902507 91.6114431661749 19.018577973762007 82.91464816448743 17.175314012662312 69.65059661625077 
237.00109692384183 64.97054909236553 90.88088669260651 88.82490474153295 19.137947556352344 86.32282005972485 16.506508438804957 69.65059661625077 
238.00109692384183 64.97054909236553 91.06661203902507 92.6114431661749 21.130605040115086 84.43361663596713 19.413861249993715 69.65059661625077 
239.00109692384183 64.97054909236553 238.50856743755992 92.75428125095013 17.55442860275602 81.99560800723074 18.996088686597574 69.65059661625077 
240.00109692384183 64.97054909236553 91.37228754088022 92.75428125095013 17.55282342040084 82.0476367182801 18.93572166760208 69.65059661625077 
241.00109692384183 64.97054909236553 91.53135277369651 90.58593827146873 24.238798414626075 86.32282005972485 19.858527454963507 69.65059661625077 
242.00109692384183 64.97054909236553 91.92357101193517 93.6114431661749 21.04198366573786 82.65188702897896 20.671180531940166 69.65059661625077 
243.00109692384183 64.97054909236553 92.02691695479183 93.6114431661749 77.46816793238378 87.32282005972485 20.880350247271565 69.65059661625077 
244.00109692384183 64.97054909236553 92.66481631145291 91.43371852413756 25.60369642712999 86.43361663596713 21.351119327473953 69.65059661625077 
245.00109692384183 64.97054909236553 92.66481631145291 94.6114431661749 25.47242067914567 86.43361663596713 22.142907331690225 69.65059661625077 
246.00109692384183 64.97054909236553 93.56724928426226 94.75428125095013 26.13659568392694 86.32282005972485 22.838602454532634 69.65059661625077 
247.00109692384183 64.97054909236553 93.61321503683294 94.6114431661749 25.728134185338547 86.32282005972485 23.477212292013263 69.65059661625077 
248.00109692384183 64.97054909236553 94.07101059607825 95.75428125095013 19.113101427979785 84.91464816448743 24.114213791505364 69.65059661625077 
249.00109692384183 64.97054909236553 94.54194933581635 95.39119257286566 48.35357571421909 87.32282005972485 31.595891747268382 69.65059661625077 
250.00109692384183 64.97054909236553 94.54194933581635 94.8433247763272 20.94735623277012 85.87782839996655 25.443711248956248 69.65059661625077 
251.00109692384183 64.97054909236553 94.83597593805641 94.86027067851211 20.61598343044807 87.43361663596713 26.197433674062097 69.65059661625077 
252.00109692384183 64.97054909236553 94.83597593805641 94.86027067851211 22.94076111931193 87.32282005972485 99.12914242779695 69.65059661625077 
253.00109692384183 64.97054909236553 97.83597593805641 96.75428125095013 24.03519030179669 87.656776350634 26.802830602037716 69.65059661625077 
254.00109692384183 64.97054909236553 95.98713586877687 96.75428125095013 24.019245190500044 87.656776350634 27.75486931854695 69.65059661625077 
255.00109692384183 64.97054909236553 95.98713586877687 96.31528899663263 24.112497536050114 87.82178925880632 97.56133627651923 69.65059661625077 
256.0010969238418 64.97054909236553 96.92529229358342 96.48122632887052 25.550420428178967 88.32282005972485 29.137414931626125 69.65059661625077 
257.0010969238418 64.9705490923655 97.25670644450207 155.18105695890202 25.533539586826976 88.32282005972485 29.563611398711288 69.65059661625077 
258.0010969238418 64.9705490923655 97.41644453475107 104.18105695890202 25.783584235275356 88.32282005972485 34.78437093158354 69.65059661625077 
259.0010969238418 64.9705490923655 97.70543601460534 104.18105695890202 26.40735701434903 88.32282005972485 30.41101247214405 69.65059661625077 
260.0010969238418 64.9705490923655 98.40647189677571 104.18105695890202 26.68180197695122 88.32282005972485 31.630853378355283 69.65059661625077 
261.0010969238418 64.9705490923655 98.40647189677571 98.1642325193178 61.82351456671893 88.32282005972485 31.71141112939395 69.65059661625077 
262.0010969238418 64.9705490923655 98.91507114740386 105.07026038265974 28.250573544497342 88.32282005972485 31.71141112939395 69.65059661625077 
263.0010969238418 64.9705490923655 98.91507114740386 99.14981772853486 28.396438101285298 88.32282005972485 124.7952843249887 69.65059661625077 
264.0010969238418 64.9705490923655 99.43360924218382 106.07026038265974 29.100231340922562 88.32282005972485 34.94027049692082 69.65059661625077 
265.0010969238418 64.9705490923655 99.43620323324274 106.18105695890202 29.286444130986013 88.32282005972485 98.91833582663946 69.65059661625077 
266.0010969238418 64.9705490923655 100.05481329465778 101.15249355937752 29.593837709446603 88.32282005972485 39.94654536310509 69.65059661625077 
267.0010969238418 64.9705490923655 100.37013578401093 107.18105695890202 30.564067582708162 88.32282005972485 38.14077480389494 69.65059661625077 
268.0010969238418 64.9705490923655 100.4979292816449 107.18105695890202 31.046261541306848 88.32282005972485 41.85561644807564 69.65059661625077 
269.0010969238418 64.9705490923655 101.44621903839862 107.07026038265974 31.881058151700813 88.32282005972485 40.9183519933747 69.65059661625077 
270.0010969238418 64.9705490923655 101.49659088965066 107.07026038265974 31.954779996776466 88.32282005972485 41.34192943762059 69.65059661625077 
271.0010969238418 64.9705490923655 102.08969268549299 107.18105695890202 33.669624417298394 88.32282005972485 38.38941054551702 69.65059661625077 
272.0010969238418 64.9705490923655 102.08969268549299 107.18105695890202 33.313862932223174 88.32282005972485 40.15023097569764 69.65059661625077 
273.0010969238418 64.9705490923655 102.1753416211348 107.18105695890202 34.61415557793504 88.32282005972485 24.848636905275043 69.65059661625077 
274.0010969238418 64.9705490923655 103.00213819565514 103.81088436481073 35.176824130036664 88.32282005972485 23.242268386235565 69.65059661625077 
275.0010969238418 64.9705490923655 103.151841903355 108.07026038265974 35.625456741492656 88.32282005972485 21.256408244893834 69.65059661625077 
276.0010969238418 64.9705490923655 103.88087289383614 105.795077041215 37.18715612752493 88.32282005972485 22.848636905275043 69.65059661625077 
277.0010969238418 64.9705490923655 103.89561213293774 105.74304833016564 37.364407906433314 88.32282005972485 21.145611668651554 69.65059661625077 
278.0010969238418 64.9705490923655 103.89561213293774 110.07026038265974 37.39708994303953 88.32282005972485 23.848636905275043 69.65059661625077 
279.0010969238418 64.9705490923655 103.9042373612346 107.85699816809907 97.26466553095878 88.32282005972485 22.145611668651554 69.65059661625077 
280.0010969238418 64.9705490923655 104.08035899428452 111.18105695890202 41.94106561478509 88.32282005972485 24.452281417594833 69.65059661625077 
281.0010969238418 64.9705490923655 104.88402933357699 111.18105695890202 42.548007212861535 88.32282005972485 23.01008838281001 69.65059661625077 
282.0010969238418 64.9705490923655 104.97475545255872 111.18105695890202 21.884454848324765 88.32282005972485 25.452281417594804 69.65059661625077 
283.0010969238418 64.9705490923655 104.97475545255872 111.07026038265974 21.884454848324765 88.32282005972485 24.055591073050437 69.65059661625077 
284.0010969238418 64.9705490923655 105.23280542588179 110.18105695890202 21.884454848324765 88.32282005972485 26.901877270262673 69.65059661625077 
285.0010969238418 64.9705490923655 105.90947388271567 112.07026038265974 21.98532004714201 88.32282005972485 26.901877270262673 69.65059661625077 
286.0010969238418 64.9705490923655 105.90947388271567 109.62526872290144 48.45040278100922 88.32282005972485 26.901877270262673 69.65059661625077 
287.0010969238418 64.9705490923655 106.32434268936467 111.18105695890202 26.22517604716967 88.32282005972485 26.242268386235537 69.65059661625077 
288.0010969238418 64.9705490923655 106.71365389165405 111.07026038265974 23.762666024018245 88.32282005972485 27.901877270262673 69.65059661625077 
289.0010969238418 64.9705490923655 107.1377405666965 111.07026038265974 23.445306843653498 88.32282005972485 27.95569930432157 69.65059661625077 
290.0010969238418 64.9705490923655 108.02025580727718 111.4042166735689 27.089110524909017 88.32282005972485 27.95569930432157 69.65059661625077 
291.0010969238418 64.9705490923655 108.02025580727718 112.18105695890202 26.089110524909017 88.32282005972485 28.15024633297901 69.65059661625077 
292.0010969238418 64.9705490923655 108.42333518287631 112.3723371824189 26.203208679012448 88.32282005972485 27.901877270262673 69.65059661625077 
293.0010969238418 64.9705490923655 108.73823070234636 112.3723371824189 26.22517604716967 88.32282005972485 29.15024633297901 69.65059661625077 
294.0010969238418 64.9705490923655 109.40529425723702 112.3723371824189 25.497461027172108 88.32282005972485 29.15024633297901 69.65059661625077 
295.0010969238418 64.9705490923655 109.40529425723702 112.3723371824189 25.666683244967885 88.32282005972485 28.64173196394802 69.65059661625077 
296.0010969238418 64.9705490923655 110.11956600897298 112.3723371824189 25.666683244967885 88.32282005972485 30.15024633297901 69.65059661625077 
297.0010969238418 64.9705490923655 109.97902935466925 112.3723371824189 26.089110524909017 88.32282005972485 30.15024633297901 69.65059661625077 
298.0010969238418 64.9705490923655 110.6837588221886 112.3723371824189 26.881546014673802 88.32282005972485 30.15024633297901 69.65059661625077 
299.0010969238418 64.9705490923655 110.8297688923401 112.3723371824189 26.890212815358836 88.32282005972485 30.447864061005816 69.65059661625077 
300.0010969238418 64.9705490923655 110.8297688923401 112.3723371824189 27.488191852306443 88.32282005972485 30.893800374167824 69.65059661625077 
301.0010969238418 64.9705490923655 111.52847214489958 112.3723371824189 27.488191852306443 88.32282005972485 31.13652347741788 69.65059661625077 
302.0010969238418 64.9705490923655 111.83472540595841 112.3723371824189 28.078412963399387 88.32282005972485 31.15166451319419 69.65059661625077 
303.0010969238418 64.9705490923655 112.00804499927509 112.3723371824189 28.842530535865478 88.32282005972485 31.646997449384457 69.65059661625077 
304.0010969238418 64.9705490923655 112.00804499927509 112.3723371824189 28.842530535865478 88.32282005972485 31.8209805059289 69.65059661625077 
305.0010969238418 64.9705490923655 112.17997101535781 112.3723371824189 29.213982332638068 88.32282005972485 32.440640823417766 69.65059661625077 
306.0010969238418 64.9705490923655 112.99375822529436 112.3723371824189 30.347346279001897 88.32282005972485 32.440640823417766 69.65059661625077 
307.0010969238418 64.9705490923655 113.43025732678322 112.3723371824189 30.135811661228274 88.32282005972485 33.183041930204695 69.65059661625077 
308.0010969238418 64.9705490923655 113.43025732678322 112.3723371824189 30.135811661228274 88.32282005972485 33.90455512230915 69.65059661625077 
309.0010969238418 64.9705490923655 113.8478936685064 112.3723371824189 30.135811661228274 88.32282005972485 33.759609164453764 69.65059661625077 
310.0010969238418 64.9705490923655 114.03924159869547 112.3723371824189 30.135811661228274 88.32282005972485 34.37185964948111 69.65059661625077 
311.0010969238418 64.9705490923655 114.76602335171555 112.3723371824189 30.54468270904755 88.32282005972485 34.846730749235974 69.65059661625077 
312.0010969238418 64.9705490923655 114.76602335171555 112.3723371824189 30.576088790652022 88.32282005972485 34.846730749235974 69.65059661625077 
313.0010969238418 64.9705490923655 115.33276315654345 112.3723371824189 30.576088790652022 88.32282005972485 35.33311838136274 69.65059661625077 
314.0010969238418 64.9705490923655 115.5898207814387 112.3723371824189 30.576088790652022 88.32282005972485 35.94161903205054 69.65059661625077 
315.0010969238418 64.9705490923655 314.518352893887 112.3723371824189 31.103351694671403 88.32282005972485 36.03895033902381 69.65059661625077 
316.0010969238418 64.9705490923655 124.56883776502144 112.3723371824189 31.14609703344678 88.32282005972485 37.412427968749284 69.65059661625077 
317.0010969238418 64.9705490923655 117.10187809189875 112.3723371824189 31.265122149696197 88.32282005972485 37.20164496302567 69.65059661625077 
318.0010969238418 64.9705490923655 120.67506211238413 112.3723371824189 31.5681965149833 88.32282005972485 37.34090560490495 69.65059661625077 
319.0010969238418 64.9705490923655 119.1190952999282 112.3723371824189 32.04889508948196 88.32282005972485 37.93745359640536 69.65059661625077 
320.0010969238418 64.9705490923655 118.75805465290523 112.3723371824189 32.04889508948196 88.32282005972485 37.9557945694217 69.65059661625077 
321.0010969238418 64.9705490923655 127.56883776502144 112.3723371824189 32.68750492696256 88.32282005972485 38.159254097573125 69.65059661625077 
322.0010969238418 64.9705490923655 125.7136847339246 112.3723371824189 32.68750492696256 88.32282005972485 39.594212323581814 69.65059661625077 
323.0010969238418 64.9705490923655 124.27481921667925 112.3723371824189 32.956245493393055 88.32282005972485 39.32388871593656 69.65059661625077 
324.0010969238418 64.9705490923655 121.64859882458643 112.3723371824189 33.11077573850497 88.32282005972485 132.06918268058672 69.65059661625077 
325.0010969238418 64.9705490923655 126.56883776502144 112.3723371824189 33.76358701972964 88.32282005972485 40.48180470147861 69.65059661625077 
326.0010969238418 64.9705490923655 121.67506211238413 112.3723371824189 34.41034131506632 88.32282005972485 40.48180470147861 69.65059661625077 
327.0010969238418 64.9705490923655 121.67506211238413 112.3723371824189 34.41034131506632 88.32282005972485 41.26614011495292 69.65059661625077 
328.0010969238418 64.9705490923655 127.56883776502144 112.3723371824189 34.51730944483546 88.32282005972485 41.26614011495292 69.65059661625077 
329.0010969238418 64.9705490923655 122.67506211238413 112.3723371824189 34.51730944483546 88.32282005972485 42.22365792616853 69.65059661625077 
330.0010969238418 64.9705490923655 126.7136847339246 112.3723371824189 34.8417195550183 88.32282005972485 42.90228572195406 69.65059661625077 
331.0010969238418 64.9705490923655 125.27481921667925 112.3723371824189 35.019911708992424 88.32282005972485 42.90228572195406 69.65059661625077 
332.0010969238418 64.9705490923655 122.58909807383372 112.3723371824189 35.31109751463828 88.32282005972485 43.49066248537042 69.65059661625077 
333.0010969238418 64.9705490923655 127.56883776502144 112.3723371824189 34.97365621700283 88.32282005972485 43.49066248537042 69.65059661625077 
334.0010969238418 64.9705490923655 125.3922260016939 112.3723371824189 34.97365621700283 88.32282005972485 43.901959278586844 69.65059661625077 
335.0010969238418 64.9705490923655 127.56883776502144 112.3723371824189 35.31109751463828 88.32282005972485 334.6541791062115 69.65059661625077 
336.0010969238418 64.9705490923655 126.9174129163485 112.3723371824189 35.749401637450944 88.32282005972485 46.86450828216795 69.65059661625077 
337.0010969238418 64.9705490923655 126.09737271632468 112.3723371824189 36.50314871360058 88.32282005972485 45.76195147434203 69.65059661625077 
338.0010969238418 64.9705490923655 127.7136847339246 112.3723371824189 36.50314871360058 88.32282005972485 46.00158985421933 69.65059661625077 
339.0010969238418 64.9705490923655 126.56883776502144 112.3723371824189 37.154874991280735 88.32282005972485 46.00158985421933 69.65059661625077 
340.0010969238418 64.9705490923655 126.56883776502144 112.3723371824189 37.154874991280735 88.32282005972485 46.731661928090205 69.65059661625077 
341.0010969238418 64.9705490923655 126.9174129163485 112.3723371824189 37.802684237952406 88.32282005972485 57.406569349264146 69.65059661625077 
342.0010969238418 64.9705490923655 127.38509115791092 112.3723371824189 38.417458916654766 88.32282005972485 54.283284074341964 69.65059661625077 
343.0010969238418 64.9705490923655 127.38509115791092 112.3723371824189 38.417458916654766 88.32282005972485 48.010270976772745 69.65059661625077 
344.0010969238418 64.9705490923655 127.38509115791092 112.3723371824189 38.94300630684785 88.32282005972485 49.86450828216795 69.65059661625077 
345.0010969238418 64.9705490923655 127.38509115791092 112.3723371824189 38.94300630684785 88.32282005972485 56.283284074341964 69.65059661625077 
346.0010969238418 64.9705490923655 127.38509115791092 112.3723371824189 39.81038875193178 88.32282005972485 49.86450828216795 69.65059661625077 
347.0010969238418 64.9705490923655 127.38509115791092 112.3723371824189 40.36300327805293 88.32282005972485 49.86450828216795 69.65059661625077 
348.0010969238418 64.9705490923655 127.38509115791092 112.3723371824189 40.36300327805293 88.32282005972485 57.05534620325835 69.65059661625077 
349.0010969238418 64.9705490923655 127.38509115791092 112.3723371824189 40.943936320162095 88.32282005972485 55.123730996957875 69.65059661625077 
350.0010969238418 64.9705490923655 127.38509115791092 112.3723371824189 42.463673709309205 88.32282005972485 50.858130931489484 69.65059661625077 
351.0010969238418 64.9705490923655 127.38509115791092 112.3723371824189 42.34823039743708 88.32282005972485 55.36729333060964 69.65059661625077 
352.0010969238418 64.9705490923655 127.38509115791092 112.3723371824189 42.512814568274734 88.32282005972485 54.61671046254088 69.65059661625077 
353.0010969238418 64.9705490923655 127.38509115791092 112.3723371824189 42.512814568274734 88.32282005972485 52.62491700647297 69.65059661625077 
354.0010969238418 64.9705490923655 127.38509115791092 112.3723371824189 43.676846360978686 88.32282005972485 54.91231140803097 69.65059661625077 
355.0010969238418 64.9705490923655 127.38509115791092 112.3723371824189 87.48819185230644 88.32282005972485 54.91231140803097 69.65059661625077 
356.0010969238418 64.9705490923655 127.38509115791092 112.3723371824189 45.251705546536414 88.32282005972485 54.4815970831354 69.65059661625077 
357.0010969238418 64.9705490923655 127.38509115791092 112.3723371824189 44.4403162322929 88.32282005972485 54.121037335029655 69.65059661625077 
358.0010969238418 64.9705490923655 127.38509115791092 112.3723371824189 47.75527118438919 88.32282005972485 54.377937045392514 69.65059661625077 
359.0010969238418 64.9705490923655 127.38509115791092 112.3723371824189 45.81946584504311 88.32282005972485 54.62779233494348 69.65059661625077 
360.0010969238418 64.9705490923655 127.38509115791092 112.3723371824189 48.79683068343246 88.32282005972485 54.62779233494348 69.65059661625077 
361.0010969238418 64.9705490923655 127.38509115791092 112.3723371824189 47.251705546536414 88.32282005972485 54.62779233494348 69.65059661625077 
362.0010969238418 64.9705490923655 127.38509115791092 112.3723371824189 50.48388554996194 88.32282005972485 54.62779233494348 69.65059661625077 
363.0010969238418 64.9705490923655 127.38509115791092 112.3723371824189 48.29720823677684 88.32282005972485 54.62779233494348 69.65059661625077 
364.0010969238418 64.9705490923655 127.38509115791092 112.3723371824189 50.48388554996194 88.32282005972485 54.62779233494348 69.65059661625077 
365.0010969238418 64.9705490923655 127.38509115791092 112.3723371824189 50.48388554996194 88.32282005972485 54.62779233494348 69.65059661625077 
366.0010969238418 64.9705490923655 127.38509115791092 112.3723371824189 50.090254069001446 88.32282005972485 54.62779233494348 69.65059661625077 
367.0010969238418 64.9705490923655 127.38509115791092 112.3723371824189 49.675458411706984 88.32282005972485 54.62779233494348 69.65059661625077 
368.0010969238418 64.9705490923655 127.38509115791092 112.3723371824189 51.48388554996194 88.32282005972485 54.62779233494348 69.65059661625077 
369.0010969238418 64.9705490923655 127.38509115791092 112.3723371824189 51.69389858132121 88.32282005972485 54.62779233494348 69.65059661625077 
370.0010969238418 64.9705490923655 127.38509115791092 112.3723371824189 51.69389858132121 88.32282005972485 54.62779233494348 69.65059661625077 
371.0010969238418 64.9705490923655 127.38509115791092 112.3723371824189 51.853636955235515 88.32282005972485 54.62779233494348 69.65059661625077 
372.0010969238418 64.9705490923655 127.38509115791092 112.3723371824189 51.853636955235515 88.32282005972485 54.62779233494348 69.65059661625077 
373.0010969238418 64.9705490923655 127.38509115791092 112.3723371824189 51.853636955235515 88.32282005972485 54.62779233494348 69.65059661625077 
374.0010969238418 64.9705490923655 127.38509115791092 112.3723371824189 52.39716548298395 88.32282005972485 54.62779233494348 69.65059661625077 
375.0010969238418 64.9705490923655 127.38509115791092 112.3723371824189 52.44014353641768 88.32282005972485 54.62779233494348 69.65059661625077 
376.0010969238418 64.9705490923655 127.38509115791092 112.3723371824189 52.93000907966865 88.32282005972485 54.62779233494348 69.65059661625077 
377.0010969238418 64.9705490923655 127.38509115791092 112.3723371824189 53.641773640816496 88.32282005972485 54.62779233494348 69.65059661625077 
378.0010969238418 64.9705490923655 127.38509115791092 112.3723371824189 53.641773640816496 88.32282005972485 54.62779233494348 69.65059661625077 
379.0010969238418 64.9705490923655 127.38509115791092 112.3723371824189 54.39186349670541 88.32282005972485 54.62779233494348 69.65059661625077 
380.0010969238418 64.9705490923655 127.38509115791092 112.3723371824189 54.39186349670541 88.32282005972485 54.62779233494348 69.65059661625077 
381.0010969238418 64.9705490923655 127.38509115791092 112.3723371824189 54.907917315012696 88.32282005972485 54.62779233494348 69.65059661625077 
382.0010969238418 64.9705490923655 127.38509115791092 112.3723371824189 55.13541753789423 88.32282005972485 54.62779233494348 69.65059661625077 
383.0010969238418 64.9705490923655 127.38509115791092 112.3723371824189 55.40277055834116 88.32282005972485 55.06012926161907 69.65059661625077 
384.0010969238418 64.9705490923655 127.38509115791089 112.3723371824189 55.88861461311086 88.32282005972485 55.06012926161907 69.65059661625077 
385.0010969238418 64.9705490923655 127.38509115791089 112.3723371824189 56.062597669655304 88.32282005972485 55.06012926161907 69.65059661625077 
386.0010969238418 64.9705490923655 127.38509115791089 112.3723371824189 56.062597669655304 88.32282005972485 55.06012926161907 69.65059661625077 
387.0010969238418 64.9705490923655 127.38509115791089 112.3723371824189 57.68225798714417 88.32282005972485 55.14731035635373 69.65059661625077 
388.0010969238418 64.9705490923655 127.38509115791089 112.3723371824189 57.24914068658205 88.32282005972485 55.45629523517641 69.65059661625077 
389.0010969238418 64.9705490923655 127.38509115791089 112.3723371824189 57.24914068658205 88.32282005972485 55.45629523517641 69.65059661625077 
390.0010969238418 64.9705490923655 127.38509115791089 112.3723371824189 58.00122632818017 88.32282005972485 55.5012067421701 69.65059661625077 
391.0010969238418 64.9705490923655 127.38509115791089 112.3723371824189 58.4246590939311 88.32282005972485 56.05593594396436 69.65059661625077 
392.0010969238418 64.9705490923655 127.38509115791089 112.3723371824189 58.61347681320751 88.32282005972485 56.05593594396436 69.65059661625077 
393.0010969238418 64.9705490923655 127.38509115791089 112.3723371824189 59.08834791296238 88.32282005972485 56.42917570804519 69.65059661625077 
394.0010969238418 64.9705490923655 127.38509115791089 112.3723371824189 59.57473554508914 88.32282005972485 56.42917570804519 69.65059661625077 
395.0010969238418 64.9705490923655 127.38509115791089 112.3723371824189 60.07974569545462 88.32282005972485 56.864963268192525 69.65059661625077 
396.0010969238418 64.9705490923655 127.38509115791089 112.3723371824189 60.65404513247569 88.32282005972485 56.864963268192525 69.65059661625077 
397.0010969238418 64.9705490923655 127.38509115791089 112.3723371824189 60.65404513247569 88.32282005972485 56.864963268192525 69.65059661625077 
398.0010969238418 64.9705490923655 127.38509115791089 112.3723371824189 61.443262126752074 88.32282005972485 57.74290530715575 69.65059661625077 
399.0010969238418 64.9705490923655 127.38509115791089 112.3723371824189 61.443262126752074 88.32282005972485 57.74290530715575 69.65059661625077 
400.0010969238418 64.9705490923655 127.38509115791089 112.3723371824189 61.73359841861668 88.32282005972485 57.74290530715575 69.65059661625077 
401.0010969238418 64.9705490923655 127.38509115791089 112.3723371824189 62.1974117331481 88.32282005972485 57.74290530715575 69.65059661625077 
402.0010969238418 64.9705490923655 127.38509115791089 112.3723371824189 62.39081894753559 88.32282005972485 57.791570363413996 69.65059661625077 
403.0010969238418 64.9705490923655 127.38509115791089 112.3723371824189 62.83582948730822 88.32282005972485 58.209727454290146 69.65059661625077 
404.0010969238418 64.9705490923655 127.38509115791089 112.3723371824189 63.530081243563416 88.32282005972485 58.36729333060964 69.65059661625077 
405.0010969238418 64.9705490923655 127.38509115791089 112.3723371824189 63.83582948730822 88.32282005972485 59.09148416409437 69.65059661625077 
406.0010969238418 64.9705490923655 127.38509115791089 112.3723371824189 64.3855261905241 88.32282005972485 59.09148416409437 69.65059661625077 
407.0010969238418 64.9705490923655 127.38509115791089 112.3723371824189 64.3855261905241 88.32282005972485 59.09148416409437 69.65059661625077 
408.0010969238418 64.9705490923655 127.38509115791089 112.3723371824189 64.72342186520501 88.32282005972485 59.59858948437977 69.65059661625077 
409.0010969238418 64.9705490923655 127.38509115791089 112.3723371824189 65.50775727867932 88.32282005972485 59.59858948437977 69.65059661625077 
410.0010969238418 64.9705490923655 127.38509115791089 112.3723371824189 65.50775727867932 88.32282005972485 60.20740103484394 69.65059661625077 
411.0010969238418 64.9705490923655 127.38509115791089 112.3723371824189 66.46527508989493 88.32282005972485 60.20740103484394 69.65059661625077 
412.0010969238418 64.9705490923655 127.38509115791089 112.3723371824189 66.46527508989493 88.32282005972485 61.083851920223424 69.65059661625077 
413.0010969238418 64.9705490923655 127.38509115791089 112.3723371824189 67.14390288568046 88.32282005972485 61.083851920223424 69.65059661625077 
414.0010969238418 64.9705490923655 127.38509115791089 112.3723371824189 67.73227964909682 88.32282005972485 61.24430076940928 69.65059661625077 
415.0010969238418 64.9705490923655 127.38509115791089 112.3723371824189 67.73227964909682 88.32282005972485 62.25068680434828 69.65059661625077 
416.0010969238418 64.9705490923655 127.38509115791089 112.3723371824189 67.73227964909682 88.32282005972485 62.19973289394653 69.65059661625077 
417.0010969238418 64.9705490923655 127.38509115791089 112.3723371824189 67.73227964909682 88.32282005972485 62.283284074341964 69.65059661625077 
418.0010969238418 64.9705490923655 127.38509115791089 112.3723371824189 67.73227964909682 88.32282005972485 62.40311442119378 69.65059661625077 
419.0010969238418 64.9705490923655 127.38509115791089 112.3723371824189 68.00073483841692 88.32282005972485 62.68004626251667 69.65059661625077 
420.0010969238418 64.9705490923655 127.38509115791089 112.3723371824189 68.14357644231325 88.32282005972485 63.10985715009264 69.65059661625077 
421.0010969238418 64.9705490923655 127.38509115791089 112.3723371824189 68.14357644231325 88.32282005972485 63.168077109433625 69.65059661625077 
422.0010969238418 64.9705490923655 127.38509115791089 112.3723371824189 68.14357644231325 88.32282005972485 63.406569349264146 69.65059661625077 
423.0010969238418 64.9705490923655 127.38509115791089 112.3723371824189 68.14357644231325 88.32282005972485 63.698753388847535 69.65059661625077 
424.0010969238418 64.9705490923655 127.38509115791089 112.3723371824189 68.14357644231325 88.32282005972485 63.72979596305697 69.65059661625077 
425.0010969238418 64.9705490923655 127.38509115791089 112.3723371824189 68.49606912354142 88.32282005972485 64.27719107152012 69.65059661625077 
426.0010969238418 64.9705490923655 127.38509115791089 112.3723371824189 68.49606912354142 88.32282005972485 64.27719107152012 69.65059661625077 
427.0010969238418 64.9705490923655 127.38509115791089 112.3723371824189 68.49606912354142 88.32282005972485 64.69131519902288 69.65059661625077 
428.0010969238418 64.9705490923655 127.38509115791089 112.3723371824189 68.49606912354142 88.32282005972485 64.69131519902288 69.65059661625077 
429.0010969238418 64.9705490923655 127.38509115791089 112.3723371824189 68.93958730315495 88.32282005972485 66.389332863189 69.65059661625077 
430.0010969238418 64.9705490923655 127.38509115791089 112.3723371824189 69.15667682556284 88.32282005972485 65.97248155481344 69.65059661625077 
431.0010969238418 64.9705490923655 127.38509115791089 112.3723371824189 69.15667682556284 88.32282005972485 66.1298582787611 69.65059661625077 
432.0010969238418 64.9705490923655 127.38509115791089 112.3723371824189 69.17174897775004 88.32282005972485 66.17555763726466 69.65059661625077 
433.0010969238418 64.9705490923655 127.38509115791089 112.3723371824189 69.98362537309089 88.32282005972485 66.30080446059185 69.65059661625077 
434.0010969238418 64.9705490923655 127.38509115791089 112.3723371824189 69.98362537309089 88.32282005972485 67.38922798108842 69.65059661625077 
435.0010969238418 64.9705490923655 127.38509115791089 112.3723371824189 69.98362537309089 88.32282005972485 67.33429846574563 69.65059661625077 
436.0010969238418 64.9705490923655 127.38509115791089 112.3723371824189 70.39752189739835 88.32282005972485 67.50600848337643 69.65059661625077 
437.0010969238418 64.9705490923655 127.38509115791089 112.3723371824189 70.97327909181661 88.32282005972485 67.50600848337643 69.65059661625077 
438.0010969238418 64.9705490923655 127.38509115791089 112.3723371824189 70.97327909181661 88.32282005972485 68.35514576573019 69.65059661625077 
439.0010969238418 64.9705490923655 127.38509115791089 112.3723371824189 71.22994503672743 88.32282005972485 68.35514576573019 69.65059661625077 
440.0010969238418 64.9705490923655 127.38509115791089 112.3723371824189 71.70215628373535 88.32282005972485 69.21222370767663 69.65059661625077 
441.0010969238418 64.9705490923655 127.38509115791089 112.3723371824189 71.70215628373535 88.32282005972485 69.27647217882094 69.65059661625077 
442.0010969238418 64.9705490923655 127.38509115791089 112.3723371824189 71.70215628373535 88.32282005972485 69.47117349231621 69.65059661625077 
443.0010969238418 64.9705490923655 127.38509115791089 112.3723371824189 72.03991793975155 88.32282005972485 70.13691088674017 69.65059661625077 
444.0010969238418 64.9705490923655 127.38509115791089 112.3723371824189 72.03991793975155 88.32282005972485 70.287137975635 69.65059661625077 
445.0010969238418 64.9705490923655 127.38509115791089 112.3723371824189 72.38903814876846 88.32282005972485 71.0566579125753 69.65059661625077 
446.0010969238418 64.9705490923655 127.38509115791089 112.3723371824189 72.38903814876846 88.32282005972485 71.19745700068802 69.65059661625077 
447.0010969238418 64.9705490923655 127.38509115791089 112.3723371824189 72.70415259307379 88.32282005972485 71.63392779676497 69.65059661625077 
448.0010969238418 64.9705490923655 127.38509115791089 112.3723371824189 72.90706059403061 88.32282005972485 72.06918268058672 69.65059661625077 
449.0010969238418 64.9705490923655 127.38509115791089 112.3723371824189 73.1172466544428 88.32282005972485 72.06918268058672 69.65059661625077 
450.0010969238418 64.9705490923655 127.38509115791089 112.3723371824189 73.42131025020427 88.32282005972485 72.17252862344338 69.65059661625077 
451.0010969238418 64.9705490923655 127.38509115791089 112.3723371824189 73.42131025020427 88.32282005972485 72.22844670877225 69.65059661625077 
452.0010969238418 64.9705490923655 127.38509115791089 112.3723371824189 74.10612544589435 88.32282005972485 72.71286095291384 69.65059661625077 
453.0010969238418 64.9705490923655 127.38509115791089 112.3723371824189 74.10612544589435 88.32282005972485 73.21662226472984 69.65059661625077 
454.0010969238418 64.9705490923655 127.38509115791089 112.3723371824189 74.62924114428938 88.32282005972485 73.21662226472984 69.65059661625077 
455.0010969238418 64.9705490923655 127.38509115791089 112.3723371824189 74.64860836308964 88.32282005972485 73.73830351371305 69.65059661625077 
456.0010969238418 64.9705490923655 127.38509115791089 112.3723371824189 75.09974809521589 88.32282005972485 73.98158760670799 69.65059661625077 
457.0010969238418 64.9705490923655 127.38509115791089 112.3723371824189 75.09974809521589 88.32282005972485 74.33471009587976 69.65059661625077 
458.0010969238418 64.9705490923655 127.38509115791089 112.3723371824189 76.06007866924205 88.32282005972485 74.33471009587976 69.65059661625077 
459.0010969238418 64.9705490923655 127.38509115791089 112.3723371824189 76.06007866924205 88.32282005972485 76.77014439359539 69.65059661625077 
460.0010969238418 64.9705490923655 127.38509115791089 112.3723371824189 76.66320789989976 88.32282005972485 75.13274753742843 69.65059661625077 
461.0010969238418 64.9705490923655 127.38509115791089 112.3723371824189 76.66320789989976 88.32282005972485 75.65692226988949 69.65059661625077 
462.0010969238418 64.9705490923655 127.38509115791089 112.3723371824189 77.49349468807219 88.32282005972485 76.07090396223498 69.65059661625077 
463.0010969238418 64.9705490923655 127.38509115791089 112.3723371824189 77.49349468807219 88.32282005972485 76.07090396223498 69.65059661625077 
464.0010969238418 64.9705490923655 127.38509115791089 112.3723371824189 77.49349468807219 88.32282005972485 77.40231811315363 69.65059661625077 
465.0010969238418 64.9705490923655 127.38509115791089 112.3723371824189 77.89047406863307 88.32282005972485 76.85104768325687 69.65059661625077 
466.0010969238418 64.9705490923655 127.38509115791089 112.3723371824189 77.91503060795173 88.32282005972485 77.7889759665893 69.65059661625077 
467.0010969238418 64.9705490923655 127.38509115791089 112.3723371824189 78.61955420911892 88.32282005972485 77.73615150700255 69.65059661625077 
468.0010969238418 64.9705490923655 127.38509115791089 112.3723371824189 78.61955420911892 88.32282005972485 78.3617563957946 69.65059661625077 
469.0010969238418 64.9705490923655 127.38509115791089 112.3723371824189 78.86940949866988 88.32282005972485 79.06068281605542 69.65059661625077 
470.0010969238418 64.9705490923655 127.38509115791089 112.3723371824189 79.69791239890282 88.32282005972485 79.06068281605542 69.65059661625077 
471.0010969238418 64.9705490923655 127.38509115791089 112.3723371824189 79.7232142468618 88.32282005972485 79.44770290855496 69.65059661625077 
472.0010969238418 64.9705490923655 127.38509115791089 112.3723371824189 80.29755310769076 88.32282005972485 80.16414881732635 69.65059661625077 
473.0010969238418 64.9705490923655 127.38509115791089 112.3723371824189 80.6707928717716 88.32282005972485 80.51574745266248 69.65059661625077 
474.0010969238418 64.9705490923655 127.38509115791089 112.3723371824189 81.10658043191893 88.32282005972485 80.51574745266248 69.65059661625077 
475.0010969238418 64.9705490923655 127.38509115791089 112.3723371824189 81.10658043191893 88.32282005972485 80.64354095029648 69.65059661625077 
476.0010969238418 64.9705490923655 127.38509115791089 112.3723371824189 81.21305411773216 88.32282005972485 81.07034043150287 69.65059661625077 
477.0010969238418 64.9705490923655 127.38509115791089 112.3723371824189 81.98452247088215 88.32282005972485 81.30507443000198 69.65059661625077 
478.0010969238418 64.9705490923655 127.38509115791089 112.3723371824189 82.0331875271404 88.32282005972485 81.74453073403225 69.65059661625077 
479.0010969238418 64.9705490923655 127.38509115791089 112.3723371824189 82.45134461801655 88.32282005972485 82.14774986430666 69.65059661625077 
480.0010969238418 64.9705490923655 127.38509115791089 112.3723371824189 82.60891049433604 88.32282005972485 82.49627332932619 69.65059661625077 
481.0010969238418 64.9705490923655 127.38509115791089 112.3723371824189 83.33310132782077 88.32282005972485 83.02648456248767 69.65059661625077 
482.0010969238418 64.9705490923655 127.38509115791089 112.3723371824189 83.84020664810618 88.32282005972485 83.11140302597249 69.65059661625077 
483.0010969238418 64.9705490923655 127.38509115791089 112.3723371824189 83.84133164633744 88.32282005972485 83.27302496039772 69.65059661625077 
484.0010969238418 64.9705490923655 127.38509115791089 112.3723371824189 84.44901819857034 88.32282005972485 83.67008384582658 69.65059661625077 
485.0010969238418 64.9705490923655 127.38509115791089 112.3723371824189 84.44901819857034 88.32282005972485 84.3463662669028 69.65059661625077 
486.0010969238418 64.9705490923655 127.38509115791089 112.3723371824189 85.32546908394983 88.32282005972485 84.3463662669028 69.65059661625077 
487.0010969238418 64.9705490923655 127.38509115791089 112.3723371824189 86.29696336698476 88.32282005972485 85.02964100222857 69.65059661625077 
488.0010969238418 64.9705490923655 127.38509115791089 112.3723371824189 85.49230396807468 88.32282005972485 85.02964100222857 69.65059661625077 
489.0010969238418 64.9705490923655 127.38509115791089 112.3723371824189 86.44135005767293 88.32282005972485 86.2259706629361 69.65059661625077 
490.0010969238418 64.9705490923655 127.38509115791089 112.3723371824189 86.44135005767293 88.32282005972485 85.83127086766876 69.65059661625077 
491.0010969238418 64.9705490923655 127.38509115791089 112.3723371824189 86.52490123806837 88.32282005972485 86.41208574300947 69.65059661625077 
492.0010969238418 64.9705490923655 127.38509115791089 112.3723371824189 86.92166342624307 88.32282005972485 86.70297989231824 69.65059661625077 
493.0010969238418 64.9705490923655 127.38509115791089 112.3723371824189 87.35147431381904 88.32282005972485 87.26130952196752 69.65059661625077 
494.0010969238418 64.9705490923655 127.38509115791089 112.3723371824189 87.40969427316003 88.32282005972485 87.55194658108184 69.65059661625077 
495.0010969238418 64.9705490923655 127.38509115791089 112.3723371824189 87.64818651299055 88.32282005972485 87.55194658108184 69.65059661625077 
496.0010969238418 64.9705490923655 127.38509115791089 112.3723371824189 87.94037055257394 88.32282005972485 88.46995435801625 69.65059661625077 
497.0010969238418 64.9705490923655 127.38509115791089 112.3723371824189 87.97141312678337 88.32282005972485 89.28335223534805 69.65059661625077 
498.0010969238418 64.9705490923655 127.38509115791089 112.3723371824189 87.97141312678337 88.32282005972485 89.28335223534805 69.65059661625077 
499.0010969238418 64.9705490923655 127.38509115791089 112.3723371824189 88.51880823524652 88.32282005972485 90.16586747592874 69.65059661625077 
500.0010969238418 64.9705490923655 127.38509115791089 112.3723371824189 88.93293236274928 88.32282005972485 91.5981019043121 69.65059661625077 
501.0010969238418 64.9705490923655 127.38509115791089 112.3723371824189 88.93293236274928 88.32282005972485 90.56894685152787 69.65059661625077 
502.0010969238418 64.9705490923655 127.38509115791089 112.3723371824189 89.85257422876867 88.32282005972485 90.88384237099791 69.65059661625077 
503.0010969238418 64.9705490923655 127.38509115791089 112.3723371824189 90.21409871853984 88.32282005972485 90.88384237099791 69.65059661625077 
504.0010969238418 64.9705490923655 127.38509115791089 112.3723371824189 90.37147544248751 88.32282005972485 91.50988715001574 69.65059661625077 
505.0010969238418 64.9705490923655 127.38509115791089 112.3723371824189 90.41717480099106 88.32282005972485 91.82937049084012 69.65059661625077 
506.0010969238418 64.9705490923655 127.38509115791089 112.3723371824189 90.54242162431825 88.32282005972485 92.26517767762454 69.65059661625077 
507.0010969238418 64.9705490923655 127.38509115791089 112.3723371824189 91.24922512708594 88.32282005972485 92.26517767762454 69.65059661625077 
508.0010969238418 64.9705490923655 127.38509115791089 112.3723371824189 91.57591562947204 88.32282005972485 92.55896763755499 69.65059661625077 
509.0010969238418 64.9705490923655 127.38509115791089 112.3723371824189 91.74762564710284 88.32282005972485 92.67408381355114 69.65059661625077 
510.0010969238418 64.9705490923655 127.38509115791089 112.3723371824189 91.74762564710284 88.32282005972485 92.98033707460996 69.65059661625077 
511.0010969238418 64.9705490923655 127.38509115791089 112.3723371824189 92.59676292945659 88.32282005972485 93.26289094019126 69.65059661625077 
512.0010969238418 64.9705490923655 127.38509115791089 112.3723371824189 92.59676292945659 88.32282005972485 93.26289094019126 69.65059661625077 
513.0010969238418 64.9705490923655 127.38509115791089 112.3723371824189 93.31289985022073 88.3228200597249 94.10088032118415 69.65059661625077 
514.0010969238418 64.9705490923655 127.38509115791089 112.3723371824189 94.1349792235984 88.3228200597249 94.32558268400936 69.65059661625077 
515.0010969238418 64.9705490923655 127.38509115791089 112.3723371824189 94.1349792235984 88.3228200597249 95.13936989394591 69.65059661625077 
516.0010969238418 64.9705490923655 127.38509115791089 112.3723371824189 94.37852805046651 88.3228200597249 96.02630304920007 69.65059661625077 
517.0010969238418 64.9705490923655 127.38509115791089 112.3723371824189 94.71279065604256 88.3228200597249 96.45929822994924 69.65059661625077 
518.0010969238418 64.9705490923655 127.38509115791089 112.3723371824189 95.29827507630165 88.3228200597249 96.28362749311856 69.65059661625077 
519.0010969238418 64.9705490923655 127.38509115791089 112.3723371824189 95.43907416441436 88.3228200597249 96.45929822994924 69.65059661625077 
520.0010969238418 64.9705490923655 127.38509115791089 112.3723371824189 95.91858160607444 88.3228200597249 97.08827512528427 69.65059661625077 
521.0010969238418 64.9705490923655 127.38509115791089 112.3723371824189 96.31079984431307 88.3228200597249 97.9116350203671 69.65059661625077 
522.0010969238418 64.9705490923655 127.38509115791089 112.3723371824189 96.31079984431307 88.3228200597249 97.9116350203671 69.65059661625077 
523.0010969238418 64.9705490923655 127.38509115791089 112.3723371824189 96.41414578716973 88.3228200597249 98.47837482519503 69.65059661625077 
524.0010969238418 64.9705490923655 127.38509115791089 112.3723371824189 96.41414578716973 88.3228200597249 99.14700202287293 69.65059661625077 
525.0010969238418 64.9705490923655 127.38509115791089 112.3723371824189 96.95447811664019 88.3228200597249 275.07034043150287 69.65059661625077 
526.0010969238418 64.9705490923655 127.38509115791089 112.3723371824189 97.45823942845618 88.3228200597249 99.45069213147207 69.65059661625077 
527.0010969238418 64.9705490923655 127.38509115791089 112.3723371824189 97.45823942845618 88.3228200597249 102.26470696857973 69.65059661625077 
528.0010969238418 64.9705490923655 127.38509115791089 112.3723371824189 97.9799206774394 88.3228200597249 101.26470696857973 69.65059661625077 
529.0010969238418 64.9705490923655 127.38509115791089 112.3723371824189 98.22320477043434 88.3228200597249 111.85929640257615 69.65059661625077 
530.0010969238418 64.9705490923655 127.38509115791089 112.3723371824189 98.5763272596061 88.3228200597249 109.714449433673 69.65059661625077 
531.0010969238418 64.9705490923655 127.38509115791089 112.3723371824189 98.5763272596061 88.3228200597249 106.85929640257615 69.65059661625077 
532.0010969238418 64.9705490923655 127.38509115791089 112.3723371824189 99.11465630255003 88.3228200597249 106.714449433673 69.65059661625077 
533.0010969238418 64.9705490923655 127.38509115791089 112.3723371824189 99.11465630255003 88.3228200597249 102.78640340054375 69.65059661625077 
534.0010969238418 64.9705490923655 127.38509115791089 112.3723371824189 100.89853943361584 88.3228200597249 107.714449433673 69.65059661625077 
535.0010969238418 64.9705490923655 127.38509115791089 112.3723371824189 100.31252112596133 88.3228200597249 103.4346804652073 69.65059661625077 
536.0010969238418 64.9705490923655 127.38509115791089 112.3723371824189 100.31252112596133 88.3228200597249 103.82067378103568 69.65059661625077 
537.0010969238418 64.9705490923655 127.38509115791089 112.3723371824189 101.06440877265305 88.3228200597249 103.13519890455927 69.65059661625077 
538.0010969238418 64.9705490923655 127.38509115791089 112.3723371824189 101.09266484698321 88.3228200597249 110.714449433673 69.65059661625077 
539.0010969238418 64.9705490923655 127.38509115791089 112.3723371824189 102.03059313031565 88.3228200597249 107.85929640257615 69.65059661625077 
540.0010969238418 64.9705490923655 127.38509115791089 112.3723371824189 101.79370072915361 88.3228200597249 107.714449433673 69.65059661625077 
541.0010969238418 64.9705490923655 127.38509115791089 112.3723371824189 102.60337355952095 88.3228200597249 107.4204308853308 69.65059661625077 
542.0010969238418 64.9705490923655 127.38509115791089 112.3723371824189 103.30229997978176 88.3228200597249 108.714449433673 69.65059661625077 
543.0010969238418 64.9705490923655 127.38509115791089 112.3723371824189 103.30229997978176 88.3228200597249 108.714449433673 69.65059661625077 
544.0010969238418 64.9705490923655 127.38509115791089 112.3723371824189 103.6893200722813 88.3228200597249 107.99383901539909 69.65059661625077 
545.0010969238418 64.9705490923655 127.38509115791089 112.3723371824189 103.82343206562064 88.3228200597249 109.06302458500005 69.65059661625077 
546.0010969238418 64.9705490923655 127.38509115791089 112.3723371824189 104.44204212703568 88.3228200597249 108.714449433673 69.65059661625077 
547.0010969238418 64.9705490923655 127.38509115791089 112.3723371824189 104.75736461638883 88.3228200597249 108.85929640257615 69.65059661625077 
548.0010969238418 64.9705490923655 127.38509115791089 112.3723371824189 104.88515811402283 88.3228200597249 108.85929640257615 69.65059661625077 
549.0010969238418 64.9705490923655 127.38509115791089 112.3723371824189 105.31195759522922 88.3228200597249 109.714449433673 69.65059661625077 
550.0010969238418 64.9705490923655 127.38509115791089 112.3723371824189 105.54669159372833 88.3228200597249 109.714449433673 69.65059661625077 
551.0010969238418 64.9705490923655 127.38509115791089 112.3723371824189 105.54669159372833 88.3228200597249 109.714449433673 69.65059661625077 
552.0010969238418 64.9705490923655 127.38509115791089 112.3723371824189 105.9861478977586 88.3228200597249 110.06302458500005 69.65059661625077 
553.0010969238418 64.9705490923655 127.38509115791089 112.3723371824189 106.73789049305253 88.3228200597249 110.06302458500005 69.65059661625077 
554.0010969238418 64.9705490923655 127.38509115791089 112.3723371824189 107.26810172621401 88.3228200597249 110.06302458500005 69.65059661625077 
555.0010969238418 64.9705490923655 127.38509115791089 112.3723371824189 107.26810172621401 88.3228200597249 110.06302458500005 69.65059661625077 
556.0010969238418 64.9705490923655 127.38509115791089 112.3723371824189 107.51464212412407 88.3228200597249 110.06302458500005 69.65059661625077 
557.0010969238418 64.9705490923655 127.38509115791089 112.3723371824189 107.89559525123474 88.3228200597249 110.06302458500005 69.65059661625077 
558.0010969238418 64.9705490923655 127.38509115791089 112.3723371824189 108.91170100955293 88.3228200597249 110.06302458500005 69.65059661625077 
559.0010969238418 64.9705490923655 127.38509115791089 112.3723371824189 108.58798343062915 88.3228200597249 110.06302458500005 69.65059661625077 
560.0010969238418 64.9705490923655 127.38509115791089 112.3723371824189 109.46758782666245 88.3228200597249 110.06302458500005 69.65059661625077 
561.0010969238418 64.9705490923655 127.38509115791089 112.3723371824189 109.27125816595492 88.3228200597249 110.06302458500005 69.65059661625077 
562.0010969238418 64.9705490923655 127.38509115791089 112.3723371824189 110.46758782666245 88.3228200597249 110.06302458500005 69.65059661625077 
563.0010969238418 64.9705490923655 127.38509115791089 112.3723371824189 110.07288803139511 88.3228200597249 110.06302458500005 69.65059661625077 
564.0010969238418 64.9705490923655 127.38509115791089 112.3723371824189 111.36198428493663 88.3228200597249 110.06302458500005 69.65059661625077 
565.0010969238418 64.9705490923655 127.38509115791089 112.3723371824189 110.65370290673582 88.3228200597249 110.06302458500005 69.65059661625077 
566.0010969238418 64.9705490923655 127.38509115791089 112.3723371824189 111.31696844971816 88.3228200597249 110.06302458500005 69.65059661625077 
567.0010969238418 64.9705490923655 127.38509115791089 112.3723371824189 111.79356374480818 88.3228200597249 110.06302458500005 69.65059661625077 
568.0010969238418 64.9705490923655 127.38509115791089 112.3723371824189 111.79356374480818 88.3228200597249 110.06302458500005 69.65059661625077 
569.0010969238418 64.9705490923655 127.38509115791089 112.3723371824189 112.7115715217426 88.3228200597249 110.06302458500005 69.65059661625077 
570.0010969238418 64.9705490923655 127.38509115791089 112.3723371824189 113.83971906803845 88.3228200597249 110.06302458500005 69.65059661625077 
571.0010969238418 64.9705490923655 127.38509115791089 112.3723371824189 114.03488534551639 88.3228200597249 110.06302458500005 69.65059661625077 
572.0010969238418 64.9705490923655 127.38509115791089 112.3723371824189 114.03488534551639 88.3228200597249 110.06302458500005 69.65059661625077 
573.0010969238418 64.9705490923655 127.38509115791089 112.3723371824189 114.03488534551639 88.3228200597249 110.06302458500005 69.65059661625077 
574.0010969238418 64.9705490923655 127.38509115791089 112.3723371824189 114.44607373672574 88.3228200597249 110.06302458500005 69.65059661625077 
575.0010969238418 64.9705490923655 127.38509115791089 112.3723371824189 115.12545953472426 88.3228200597249 110.06302458500005 69.65059661625077 
576.0010969238418 64.9705490923655 127.38509115791089 112.3723371824189 115.12545953472426 88.3228200597249 110.06302458500005 69.65059661625077 
577.0010969238418 64.9705490923655 127.38509115791089 112.3723371824189 115.75150431374209 88.3228200597249 110.06302458500005 69.65059661625077 
578.0010969238418 64.97054909236556 127.38509115791089 112.3723371824189 115.75150431374209 88.3228200597249 110.06302458500005 69.65059661625077 
579.0010969238418 64.97054909236556 127.38509115791089 112.3723371824189 116.50679484135088 88.3228200597249 110.06302458500005 69.65059661625077 
580.0010969238418 64.97054909236556 127.38509115791089 112.3723371824189 116.50679484135088 88.3228200597249 110.06302458500005 69.65059661625077 
581.0010969238418 64.97054909236556 127.38509115791089 112.3723371824189 116.80058480128133 88.3228200597249 110.06302458500005 69.65059661625077 
582.0010969238418 64.97054909236556 127.38509115791089 112.3723371824189 116.80058480128133 88.3228200597249 110.06302458500005 69.65059661625077 
583.0010969238418 64.97054909236556 127.38509115791089 112.3723371824189 117.22195423833631 88.3228200597249 110.06302458500005 69.65059661625082 
584.0010969238418 64.97054909236556 127.38509115791089 112.3723371824189 117.5045081039176 88.3228200597249 110.06302458500005 69.65059661625082 
585.0010969238418 64.97054909236556 127.38509115791089 112.3723371824189 117.5045081039176 88.3228200597249 110.06302458500005 69.65059661625082 
586.0010969238418 64.97054909236556 127.38509115791089 112.3723371824189 118.56719984773571 88.3228200597249 110.06302458500005 69.65059661625082 
587.0010969238418 64.97054909236556 127.38509115791089 112.3723371824189 118.56719984773571 88.3228200597249 110.06302458500005 69.65059661625082 
588.0010969238418 64.97054909236556 127.38509115791089 112.3723371824189 119.09543283828225 88.3228200597249 110.06302458500005 69.65059661625082 
589.0010969238418 64.97054909236556 127.38509115791089 112.3723371824189 119.38098705767226 88.3228200597249 110.06302458500005 69.65059661625082 
590.0010969238418 64.97054909236556 127.38509115791089 112.3723371824189 120.2351225008843 88.3228200597249 110.06302458500005 69.65059661625082 
591.0010969238418 64.97054909236556 127.38509115791089 112.3723371824189 120.70091539367559 88.3228200597249 110.06302458500005 69.65059661625082 
592.0010969238418 64.97054909236556 127.38509115791089 112.3723371824189 120.70091539367559 88.3228200597249 110.06302458500005 69.65059661625082 
593.0010969238418 64.97054909236556 127.38509115791089 112.3723371824189 121.32989228901062 88.3228200597249 110.06302458500005 69.65059661625082 
594.0010969238418 64.97054909236556 127.38509115791089 112.3723371824189 121.32989228901062 88.3228200597249 110.06302458500005 69.65059661625082 
595.0010969238418 64.97054909236556 127.38509115791089 112.3723371824189 122.15325218409345 88.3228200597249 110.06302458500005 69.65059661625082 
596.0010969238418 64.97054909236556 127.38509115791089 112.3723371824189 122.71999198892138 88.3228200597249 110.06302458500005 69.65059661625082 
597.0010969238418 64.97054909236556 127.38509115791089 112.3723371824189 122.91662325539596 88.3228200597249 110.06302458500005 69.65059661625082 
598.0010969238418 64.97054909236556 127.38509115791089 112.3723371824189 427.3046417487264 88.3228200597249 110.06302458500005 69.65059661625082 
599.0010969238418 64.97054909236556 127.38509115791089 112.3723371824189 124.38861918659927 88.3228200597249 110.06302458500005 69.65059661625082 
600.0010969238418 64.97054909236556 127.38509115791089 112.3723371824189 132.1009135663025 88.3228200597249 110.06302458500005 69.65059661625082 
601.0010969238418 64.97054909236556 127.38509115791089 112.3723371824189 125.50632413230608 88.3228200597249 110.06302458500005 69.65059661625082 
602.0010969238418 64.97054909236556 127.38509115791089 112.3723371824189 125.50632413230608 88.3228200597249 110.06302458500005 69.65059661625082 
603.0010969238418 64.97054909236556 127.38509115791089 112.3723371824189 125.50632413230608 88.3228200597249 110.06302458500005 69.65059661625082 
604.0010969238418 64.97054909236556 127.38509115791089 112.3723371824189 133.95606659739934 88.3228200597249 110.06302458500005 69.65059661625082 
605.0010969238418 64.97054909236556 127.38509115791089 112.3723371824189 133.95606659739934 88.3228200597249 110.06302458500005 69.65059661625082 
606.0010969238418 64.97054909236556 127.38509115791089 112.3723371824189 131.1009135663025 88.3228200597249 110.06302458500005 69.65059661625082 
607.0010969238418 64.97054909236556 127.38509115791089 112.3723371824189 130.95606659739934 88.3228200597249 110.06302458500005 69.65059661625082 
608.0010969238418 64.97054909236556 127.38509115791089 112.3723371824189 127.0280205642701 88.3228200597249 110.06302458500005 69.65059661625082 
609.0010969238418 64.97054909236556 127.38509115791089 112.3723371824189 131.95606659739934 88.3228200597249 110.06302458500005 69.65059661625082 
610.0010969238418 64.97054909236556 127.38509115791089 112.3723371824189 127.67629762893364 88.3228200597249 110.06302458500005 69.65059661625082 
611.0010969238418 64.97054909236556 127.38509115791089 112.3723371824189 128.1337155166235 88.3228200597249 110.06302458500005 69.65059661625082 
612.0010969238418 64.97054909236556 127.38509115791089 112.3723371824189 129.06229094476203 88.3228200597249 110.06302458500005 69.65059661625082 
613.0010969238418 64.97054909236556 127.38509115791089 112.3723371824189 134.95606659739934 88.3228200597249 110.06302458500005 69.65059661625082 
614.0010969238418 64.97054909236556 127.38509115791089 112.3723371824189 132.1009135663025 88.3228200597249 110.06302458500005 69.65059661625082 
615.0010969238418 64.97054909236556 127.38509115791089 112.3723371824189 131.95606659739934 88.3228200597249 110.06302458500005 69.65059661625082 
616.0010969238418 64.97054909236556 127.38509115791089 112.3723371824189 131.66204804905715 88.3228200597249 110.06302458500005 69.65059661625082 
617.0010969238418 64.97054909236556 127.38509115791089 112.3723371824189 132.95606659739934 88.3228200597249 110.06302458500005 69.65059661625082 
618.0010969238418 64.97054909236556 127.38509115791089 112.3723371824189 132.95606659739934 88.3228200597249 110.06302458500005 69.65059661625082 
619.0010969238418 64.97054909236556 127.38509115791089 112.3723371824189 132.95606659739934 88.3228200597249 110.06302458500005 69.65059661625082 
620.0010969238418 64.97054909236556 127.38509115791089 112.3723371824189 133.3046417487264 88.3228200597249 110.06302458500005 69.65059661625082 
621.0010969238418 64.97054909236556 127.38509115791089 112.3723371824189 133.1009135663025 88.3228200597249 110.06302458500005 69.65059661625082 
622.0010969238418 64.97054909236556 127.38509115791089 112.3723371824189 133.3046417487264 88.3228200597249 110.06302458500005 69.65059661625082 
623.0010969238418 64.97054909236556 127.38509115791089 112.3723371824189 133.95606659739934 88.3228200597249 110.06302458500011 69.65059661625082 
624.0010969238418 64.97054909236556 127.38509115791089 112.3723371824189 133.95606659739934 88.3228200597249 110.06302458500011 69.65059661625082 
625.0010969238418 64.97054909236556 127.38509115791089 112.37233718241896 134.3046417487264 88.3228200597249 110.06302458500011 69.65059661625082 
626.0010969238418 64.97054909236556 127.38509115791089 112.37233718241896 134.3046417487264 88.3228200597249 110.06302458500011 69.65059661625082 
627.0010969238418 64.97054909236556 127.38509115791089 112.37233718241896 134.3046417487264 88.3228200597249 110.06302458500011 69.65059661625082 
628.0010969238418 64.97054909236556 127.38509115791089 112.37233718241896 134.3046417487264 88.3228200597249 110.06302458500011 69.65059661625082 
629.0010969238418 64.97054909236556 127.38509115791089 112.37233718241896 134.3046417487264 88.3228200597249 110.06302458500011 69.65059661625082 
630.0010969238418 64.97054909236556 127.38509115791089 112.37233718241896 134.3046417487264 88.3228200597249 110.06302458500011 69.65059661625082 
#####################################################################
# End of data export. Simulation finished at: 2020-03-22T05:52+0000 #
#####################################################################
