#####################################################################
# Alchemist log file - simulation started at: 2020-03-22T03:44+0000 #
#####################################################################
# seed = 45.0, diameter = 10
#
# The columns have the following meaning: 
# time error-central[Sum] error-extreme[Sum] error-random[Sum] error-pageRank[Sum] error-harmonic[Sum] error-closeness[Sum] error-degree[Sum] 
0.0 NaN NaN NaN NaN NaN NaN NaN 
1.0008997408520937 0.0 0.0 0.0 0.0 0.0 0.6830436972002565 0.0 
2.000899740852094 1.9066719297735253 3.4508616902658256 5.317014818805173 1.3301095469641735 6.22954444555584 3.584040702013168 3.064961609390955 
3.000899740852094 2.228374398774443 3.166668668432046 5.328382857556198 1.8991310717584238 13.561644491816304 4.728094820256642 2.246897461815924 
4.000899740852094 1.9534192352220885 1.5685075521372935 1.1367717462179385 1.369142676630059 5.368808483983518 3.8456461095640497 1.2468974618159234 
5.000899740852094 1.2707167289220975 1.5685075521372935 1.1367717462179385 1.0840685021732601 1.2133709018412615 2.1314213415336742 1.5297308022563851 
6.000899740852094 1.502082086732794 1.5685075521372935 1.6486505950657628 1.0961851136916243 1.6941887514029212 2.1314213415336742 1.5297308022563847 
7.000899740852094 1.5938314941453982 1.5685075521372935 1.6486505950657628 1.4071832673965607 2.137561352026557 1.6226219750269086 2.137561352026557 
8.000899740852095 1.5938314941453982 2.313046844199766 1.6486505950657628 1.3154338599839566 2.137561352026557 1.6402890978443656 1.8166289879522335 
9.000899740852095 1.6507811994473878 2.313046844199767 1.6486505950657637 2.40718326739656 5.871277829418787 1.6402890978443656 2.3161393293300776 
10.000899740852095 1.6507811994473878 2.313046844199767 1.6486505950657637 2.383083299387472 9.094749124207489 1.6402890978443665 2.3161393293300776 
11.000899740852095 2.5360897214040055 2.313046844199768 10.582679322358056 9.661203435642728 3.403449228552539 2.1314213415336756 10.094749124207489 
12.000899740852095 2.5360897214040055 2.313046844199768 1.6486505950657637 2.9699035399877776 10.408425660242491 2.1314213415336756 3.403449228552539 
13.000899740852095 2.5360897214040055 2.313046844199768 1.6486505950657637 2.40718326739656 12.137561352026557 2.1314213415336756 2.137561352026557 
14.000899740852095 2.5360897214040055 13.22433895385479 1.6486505950657637 12.704015663461796 2.7829871832199284 2.1314213415336756 13.297267486936372 
15.000899740852095 2.5360897214040055 3.6727165981882077 14.538807484220207 3.349441494655167 2.7829871832199284 3.087399452257504 2.7829871832199284 
16.000899740852095 2.5360897214040055 3.6727165981882077 1.6486505950657637 3.349441494655167 2.7829871832199284 3.087399452257504 2.7829871832199284 
17.000899740852095 2.711795959151912 3.1639172316814417 1.6486505950657637 3.349441494655167 2.78298718321993 3.087399452257504 2.78298718321993 
18.000899740852095 16.685528156518863 3.1639172316814417 1.6486505950657637 3.349441494655167 2.78298718321993 3.087399452257504 2.78298718321993 
19.000899740852095 18.217207967426567 3.1639172316814417 1.6486505950657637 3.349441494655167 2.78298718321993 18.73343521319766 2.78298718321993 
20.000899740852095 19.203589828049115 3.1639172316814417 1.6486505950657637 3.349441494655167 2.78298718321993 19.72996452620255 2.864572886562712 
21.000899740852095 5.052854859782533 3.6727165981882095 2.167601260477209 3.431027197997949 2.864572886562712 6.246922503510671 2.9586934209678404 
22.000899740852095 21.044415639168808 3.6727165981882095 2.167601260477209 3.431027197997949 20.47635709422623 6.246922503510671 21.250879486623738 
23.000899740852095 5.088280290487759 3.6727165981882095 2.167601260477209 21.817333798058975 4.827706499160467 4.763687641889202 21.716702213681454 
24.000899740852095 5.088280290487759 3.6727165981882095 2.167601260477209 22.28315652511669 5.299752321598461 4.763687641889202 5.299752321598461 
25.000899740852095 5.088280290487759 3.9761863836436078 2.167601260477209 5.866206633033698 5.299752321598461 4.763687641889202 5.299752321598461 
26.000899740852095 25.09884814241368 3.9761863836436078 2.309854852866092 5.866206633033698 5.299752321598461 4.763687641889202 5.299752321598461 
27.000899740852095 26.163488359702598 3.9761863836436078 2.309854852866092 5.866206633033698 5.299752321598461 4.763687641889202 5.299752321598461 
28.000899740852095 5.7478719612388005 3.9761863836436078 2.309854852866092 5.866206633033698 5.299752321598461 4.763687641889202 5.299752321598461 
29.000899740852095 5.7478719612388005 6.304982898543734 2.575742729392072 5.866206633033698 5.299752321598461 7.348027179609392 5.299752321598461 
30.000899740852095 5.7478719612388005 6.304982898543734 2.575742729392072 6.237752322882368 5.299752321598461 21.74559045078411 5.299752321598461 
31.000899740852095 29.97221091509359 6.304982898543734 2.575742729392072 43.37444344708552 5.299752321598461 0.0 5.299752321598461 
32.00089974085209 5.7478719612388005 6.304982898543734 2.575742729392072 16.359086114887504 5.299752321598461 3.9298307007413804 5.299752321598461 
33.00089974085209 5.7478719612388005 6.304982898543734 2.5757427293920756 1.9429090775903148 5.299752321598461 1.4891735840472755 5.299752321598461 
34.00089974085209 5.7478719612388005 6.304982898543734 2.5757427293920756 2.386506987987211 5.299752321598461 3.934807132431331 5.299752321598461 
35.00089974085209 5.7478719612388005 6.304982898543734 2.5757427293920756 4.6043259550822135 5.299752321598461 1.7267466158894536 5.299752321598461 
36.00089974085209 5.7478719612388005 6.304982898543734 2.5757427293920756 1.89251622926691 5.299752321598461 1.739752374030104 5.299752321598461 
37.00089974085209 5.7478719612388005 6.304982898543734 2.5757427293920756 1.89251622926691 5.299752321598461 1.739752374030104 5.299752321598461 
38.00089974085209 5.7478719612388005 6.304982898543734 2.5757427293920756 2.2252074950802267 5.299752321598461 1.739752374030104 5.299752321598461 
39.00089974085209 5.7478719612388005 6.304982898543734 2.5757427293920756 2.2252074950802267 5.299752321598461 2.0561122744452263 5.299752321598461 
40.00089974085209 5.7478719612388005 6.304982898543734 2.5757427293920756 2.2252074950802267 5.299752321598461 2.3093686554087682 5.299752321598461 
41.00089974085209 5.7478719612388005 6.304982898543734 2.5757427293920756 2.0601174897441226 5.299752321598461 2.3093686554087682 5.299752321598461 
42.00089974085209 5.7478719612388005 6.304982898543734 2.5757427293920756 2.8137892786551646 5.299752321598461 2.3093686554087682 5.299752321598461 
43.00089974085209 5.7478719612388005 6.304982898543734 2.5757427293920756 2.8137892786551646 5.299752321598461 2.520727953910111 5.299752321598461 
44.00089974085209 5.7478719612388005 6.304982898543734 2.5757427293920756 2.8137892786551646 5.299752321598461 14.929830700741377 5.299752321598461 
45.00089974085209 5.7478719612388005 6.304982898543734 3.2397274869342567 2.8137892786551646 5.299752321598461 15.458807090523628 5.299752321598461 
46.00089974085209 5.7478719612388005 6.304982898543734 3.2397274869342567 14.36207721704282 5.299752321598461 3.082396919959905 5.299752321598461 
47.00089974085209 5.7478719612388005 6.304982898543734 3.2397274869342567 3.2023710821330056 5.299752321598461 16.82364895912521 5.299752321598461 
48.00089974085209 5.7478719612388005 6.304982898543734 3.2397274869342567 3.2023710821330056 5.299752321598461 3.082396919959905 5.299752321598461 
49.00089974085209 5.7478719612388005 6.304982898543734 3.2397274869342567 2.8137892786551646 5.299752321598461 47.93676729370736 5.299752321598461 
50.00089974085209 5.7478719612388005 6.304982898543734 3.2397274869342567 2.8137892786551646 48.53606467970926 21.8261337937873 49.21910837690952 
51.00089974085209 5.7478719612388005 6.304982898543734 3.2397274869342567 2.8137892786551646 5.994769423054727 4.8261337937872995 5.994769423054727 
52.00089974085209 5.7478719612388005 6.304982898543734 3.2397274869342567 2.8137892786551646 5.994769423054727 4.8261337937872995 5.994769423054727 
53.00089974085209 5.7478719612388005 6.304982898543734 3.2397274869342567 2.8137892786551646 5.994769423054727 4.8261337937872995 5.994769423054727 
54.00089974085209 5.7478719612388005 6.304982898543734 3.2397274869342567 2.8137892786551646 5.994769423054727 4.8261337937872995 5.994769423054727 
#####################################################################
# End of data export. Simulation finished at: 2020-03-22T03:45+0000 #
#####################################################################
