#####################################################################
# Alchemist log file - simulation started at: 2020-03-21T09:42+0000 #
#####################################################################
# seed = 29.0, diameter = 125
#
# The columns have the following meaning: 
# time error-central[Sum] error-extreme[Sum] error-random[Sum] error-pageRank[Sum] error-harmonic[Sum] error-closeness[Sum] error-degree[Sum] 
0.0 NaN NaN NaN NaN NaN NaN NaN 
1.001076811576019 0.0 0.0 0.0 0.0 0.0 0.0 0.0 
2.001076811576019 25.5063244328165 0.600642610675235 19.057287604990197 13.282508340806892 50.88750263627104 17.37789559195006 44.79137348149739 
3.001076811576019 24.41004090906444 0.600642610675235 14.226027908580322 16.222225663472784 99.57527742127805 17.10382899648431 20.3544329462124 
4.001076811576019 12.761582600217789 1.1141244482583939 8.965504046476127 12.023598588107443 98.25462372577454 12.593915097665942 14.916713177360743 
5.001076811576019 10.322759246706756 1.4465282390851093 12.21751510287978 11.55748577762269 78.29994710042469 9.395183718345281 16.342915716282892 
6.001076811576019 13.436777829254964 2.427260629075061 13.28520236420511 17.364077414698897 48.652051166931074 9.155006866358637 6.83484747424655 
7.001076811576019 14.774699862097627 2.646728532666458 13.464615280452454 16.771736884097294 31.13262492378938 13.94981946838005 18.752490485505255 
8.00107681157602 12.45603006596326 2.646728532666458 8.728585208219261 10.966769552072245 8.909891695208733 10.484345325307329 9.234474240081004 
9.00107681157602 7.113770751317065 7.9523801304104325 12.419884916428934 12.765410886871736 5.48950228652534 9.997435398098723 9.31338000427584 
10.00107681157602 7.019766951374722 4.626912816338905 8.138876954859398 12.463123203057297 15.42363895238551 9.079834008931282 12.836012570615587 
11.00107681157602 9.524725308785516 6.626912816338905 8.319511862144523 4.874503266049182 11.266944314460503 4.907895275643039 8.738226598736754 
12.00107681157602 9.332940635611488 4.42019276538649 6.820261188155193 4.842304850510234 13.61044847630219 7.644215120076967 9.544841791629056 
13.00107681157602 5.421435440028841 5.978813909225272 5.504255436599896 4.6613659433631955 12.940886800029205 4.814822801547934 8.868017885823946 
14.00107681157602 11.772392355754526 4.765515307222204 6.093779693106458 4.966771112131378 9.610794404508106 6.343260089263498 7.679251589376702 
15.00107681157602 5.951423954126241 5.508818631120773 14.767769781615678 5.671473719540717 10.611855335971708 5.676134105253251 5.606899887647318 
16.00107681157602 15.338757134750379 4.842594888594297 7.6702960279679715 5.671473719540717 4.174386639263988 6.343260089263497 6.22932020592485 
17.00107681157602 7.702409290452138 7.076024587320543 9.979616409201789 5.671473719540719 4.319472312205647 5.882822944974855 15.981709571210388 
18.00107681157602 6.363090121114089 8.90460841145406 6.75446052376841 5.671473719540719 4.1743866392639895 9.569159423906395 6.9369391189160865 
19.00107681157602 10.934688280484373 6.062209750115921 7.3570275567879975 5.927712176108445 4.661365943363197 6.57659347714722 7.38320660395763 
20.00107681157602 8.124393763089598 6.698383381451542 8.565299466119148 7.843911526014399 5.321050051728472 6.868714139850624 7.38320660395763 
21.00107681157602 7.32484121346811 19.976064388350657 8.231917337694222 7.375199569853827 5.294129144079346 8.974321897561364 11.645446819777094 
22.00107681157602 11.513328640992963 7.90460841145406 21.448036925167756 21.659306677034166 6.463467369111738 21.04064245599977 8.144510245933139 
23.00107681157602 22.381354383042655 7.0264203109109715 9.565299466119148 8.412900446185613 7.135325962998589 10.21206240944094 7.985773636977218 
24.00107681157602 10.124393763089598 7.19741613676646 9.271991471496943 7.672706750206668 6.46346736911174 11.240381096258236 7.985773636977218 
25.00107681157602 10.124393763089598 9.90460841145406 10.860497037149845 19.051036204875167 22.086227170935995 11.240381096258236 8.860663417883442 
26.00107681157602 9.290832014237708 7.698383381451542 10.860497037149845 12.512737110584798 7.672706750206668 10.240381096258236 8.93779534607738 
27.00107681157602 10.32742330959806 7.887701639213635 10.292078646027214 9.200236462296665 7.483476163848881 11.21206240944094 10.741738824185779 
28.00107681157602 27.343885636394127 8.108997339722503 10.292078646027214 9.120000157675545 24.797076259895675 10.786856615578706 9.73118125704681 
29.00107681157602 10.377086288685234 8.87147932496785 11.141123465409844 28.73871662801114 12.065275840377737 11.240381096258236 10.69855524927512 
30.00107681157602 10.380632219657322 9.31272797828941 11.257335205696055 9.99179006853744 10.912333472233492 11.79517239537239 11.489243117339065 
31.00107681157602 10.6626108474494 9.593914062015159 11.257335205696055 12.898577464619663 10.326607326102685 10.975022348741305 11.74173882418578 
32.00107681157602 10.6626108474494 9.593914062015159 12.11299274399656 10.512737110584798 30.940252697259634 12.21206240944094 31.223347377363126 
33.00107681157602 11.153920509186012 10.526788486555752 12.112992743996557 10.512737110584798 10.259452917607678 12.21206240944094 20.358966791805578 
34.00107681157602 10.961593088366847 10.37108209546534 12.448479865737063 20.496760889950444 17.222936896668987 12.161116236599302 12.893669852405257 
35.00107681157602 10.961593088366847 11.1250231431181 12.827941315409653 10.92143661608344 33.49850391057736 13.21206240944094 17.36610289904997 
36.00107681157602 11.037929519229934 28.90460841145406 13.177869881845556 13.259452917607678 10.952331304190643 13.161116236599302 13.80661596203478 
37.00107681157602 11.761162275894172 11.307664131415507 13.480583700105331 11.445880698048182 11.721009019915947 13.21206240944094 15.109329780294555 
38.00107681157602 11.761162275894172 12.611977399209994 13.85634662440929 11.865900696145168 33.94025269725964 13.21206240944094 14.781278758737713 
39.00107681157602 12.034301123044475 12.94558439394186 14.361368381417726 12.148219567086471 11.622386092120085 13.21206240944094 14.99011446160695 
40.00107681157602 11.95591335895229 12.042700632396755 14.460624918500127 12.445880698048182 23.940252697259638 13.21206240944094 17.781278758737713 
41.00107681157602 13.26713825723655 39.98818164223414 15.143613420470917 12.479832758775455 15.222936896668987 14.858896830109806 15.77235950066014 
42.00107681157602 27.95591335895229 12.958324767360025 15.216623904096707 13.345760726152633 14.979860682426878 13.21206240944094 15.84536998428593 
43.00107681157602 13.186148445476803 14.643042883831527 16.0083407744624 13.363427796035474 15.96667300817061 13.21206240944094 16.637086854651624 
44.00107681157602 16.616970371808083 18.380797354468832 16.07902163820836 14.496760889950444 13.797076259895675 13.722935342839857 16.637086854651624 
45.00107681157602 14.506249647819104 14.859535726048264 39.765727062286636 14.245157791846108 26.586981229926096 14.106403206673821 16.92720997440248 
46.00107681157602 14.959247353431984 18.380797354468832 16.58471763576145 14.245157791846108 14.979860682426878 14.935553048755555 17.213463715950674 
47.00107681157602 15.222927508998055 14.873152829184257 20.120839523998562 14.585009475681055 22.940252697259638 15.61587591195029 17.213463715950674 
48.00107681157602 15.222927508998055 19.537570752508024 18.44000232285838 35.5341667592748 16.44907132838041 15.61587591195029 18.06566544944055 
49.00107681157602 23.699626311672603 18.72111324610356 18.017132023884233 15.308242232345293 14.979860682426882 33.54878104732476 18.06566544944055 
50.00107681157602 15.222927508998055 18.914077388124724 19.730220711616354 15.61169594113634 21.940252697259638 17.335984844206177 19.387497275987617 
51.00107681157602 15.222927508998055 20.380797354468832 19.730220711616354 15.61169594113634 15.61169594113634 20.023733957671972 19.161090974864173 
52.00107681157602 17.700836872224023 17.195073265738948 19.730220711616354 16.20676486343934 19.59464282817077 18.550406501951024 19.224718246383468 
53.00107681157602 15.93275280232433 19.380797354468832 52.67939126923517 16.814218213687674 16.692184620014388 18.550406501951024 26.954804763327914 
54.00107681157602 16.234900984110354 17.914077388124724 20.440002322858376 40.066673217395945 22.940252697259638 19.457360122399507 19.867341810143465 
55.00107681157602 16.234900984110354 19.380797354468832 25.170709041513614 19.506327309883105 19.385432379089423 20.023733957671972 20.28925701400442 
56.00107681157602 55.37548429328953 17.88575288450513 24.80807829568653 17.740427189558254 19.449071328380406 20.023733957671972 21.00212896786939 
57.00107681157602 19.55541332961326 18.234133942004355 23.411455959801735 20.506327309883105 21.17071481319828 20.023733957671972 21.720953355067564 
58.00107681157602 18.396588700664793 18.51012381891543 21.91409435141974 18.770007465449176 24.940252697259638 20.384920514768794 21.571936575538494 
59.00107681157602 58.25986660531772 18.6856819989274 22.072718409202302 21.002462447375557 21.17071481319828 20.09413511728731 21.65484143708671 
60.00107681157602 19.986083619874897 19.026518414871738 22.662105522578315 20.782847585853936 20.571268608548635 20.66485128380144 58.895280087176545 
61.00107681157602 19.705900719097926 20.087235676146832 27.784543143462834 60.70576800448184 21.17071481319828 21.07367973859064 22.749585604187786 
62.00107681157602 19.705900719097926 19.89765927342919 25.784543143462834 20.335723482758432 20.381333722747364 20.88990192316134 22.5552268458024 
63.00107681157602 23.03649115144686 20.76888324934685 62.76685469594385 22.17071481319828 22.17071481319828 21.592004136998348 23.255017466953895 
64.00107681157601 20.335674591851777 58.08723567614683 27.946783732267576 25.940252697259638 22.59464282817077 21.592004136998348 23.29085160276754 
65.00107681157601 58.56176997180351 21.08247972460591 26.784543143462834 22.170714813198273 26.94025269725963 22.117749871228938 23.780040825000448 
66.00107681157601 21.09155612226006 23.783368073297027 26.282996113156557 26.94025269725963 23.94025269725963 22.117749871228938 24.1499715177465 
67.00107681157601 21.09155612226006 21.70484726312492 28.946783732267576 23.94025269725963 23.94025269725963 22.999283013437385 59.08225135196254 
68.00107681157601 21.43278072597576 24.783368073297027 28.946783732267576 23.94025269725963 23.94025269725963 24.137402511129828 24.791307033399704 
69.00107681157601 21.663367006658987 23.346026454989975 27.784543143462834 68.82158923920989 23.871711358887815 23.708111402971156 24.900876541194577 
70.00107681157601 22.03649115144686 24.05926200367633 26.57511677585996 23.806946561768832 24.94025269725963 26.023306385138234 25.436371611428726 
71.00107681157601 31.393172740808517 23.62997089551766 27.37353758408645 24.94025269725963 24.94025269725963 25.137402511129828 25.436371611428726 
72.00107681157601 25.62363485674716 24.583006605061982 28.427861554101177 26.213312953013386 24.58698122992609 25.992217895578214 31.413289223652065 
73.00107681157601 23.8383524226383 24.346026454989975 29.784543143462834 27.212851537650565 25.94025269725963 72.06136714560633 26.174034303113572 
74.00107681157601 43.92692848293275 25.128336613032204 28.427861554101177 25.94025269725963 24.97451341535669 27.809361529734574 26.480250465481575 
75.00107681157601 31.020085557147418 25.62997089551766 28.21281009753922 25.671662043385076 68.10249328606437 26.023306385138234 30.040202039990966 
76.00107681157601 28.393172740808517 25.62997089551766 41.918465045450276 25.943668657115907 24.97451341535669 28.799253753557053 27.464525873215933 
77.00107681157601 30.393172740808517 25.976127619892253 29.670932668412945 26.671662043385076 24.97451341535669 26.992217895578214 28.413289223652065 
78.00107681157601 26.62363485674716 25.995539231137137 32.918465045450276 26.895248406743335 24.97451341535669 29.065599986302296 30.413289223652065 
79.00107681157601 26.348412641684277 26.466715291059785 31.946783732267576 26.53824629505938 25.55215926521032 27.51597250264968 29.05660763429041 
80.00107681157601 31.020085557147418 26.466715291059785 32.918465045450276 27.498798802079506 24.97451341535669 29.799253753557053 30.040202039990966 
81.00107681157601 27.62363485674716 27.21545685653716 31.946783732267576 26.952778228728228 24.97451341535669 30.601355179305592 80.35584379288994 
82.00107681157601 29.393172740808517 27.25784433675267 31.510588225069014 27.88275454830289 25.373237469049563 29.799253753557053 30.393505643693814 
83.00107681157601 31.393172740808517 27.945593450218468 32.946783732267576 27.88275454830289 26.17461291879519 29.799253753557053 30.441436725326497 
84.00107681157601 30.020085557147418 27.945593450218468 31.66541518627008 28.2104469631101 26.02066333549935 29.809361529734574 31.51986340196929 
85.00107681157601 29.393172740808517 28.02418835517362 32.918465045450276 28.368519651336015 26.53824629505938 30.721183391285017 34.54721112563951 
86.00107681157601 29.04756287171965 28.520541015295862 32.918465045450276 29.051414790861614 26.53824629505938 31.065599986302296 31.223504136350606 
87.00107681157601 30.393172740808517 29.145974473676347 32.918465045450276 56.07417459924707 26.952778228728228 31.601355179305592 34.00228276002948 
88.00107681157601 30.393172740808517 29.46017313078221 33.31829888558707 32.64896880538484 27.55215926521032 31.721183391285017 31.575529812456807 
89.00107681157601 30.393172740808517 87.98322663815283 33.31829888558707 30.826642222209742 27.730826329656757 31.619656047129347 33.57552981245681 
90.00107681157601 31.020085557147418 29.65469050618229 33.35545267515782 33.10249328606437 27.88275454830289 32.72118339128502 32.54721112563951 
91.00107681157601 30.427433458905575 31.65469050618229 33.35545267515782 33.10249328606437 28.2104469631101 62.07814050745349 32.397877131744906 
92.00107681157601 30.427433458905575 30.697789523155997 33.35545267515782 34.07417459924707 29.273697528016548 34.73515200836292 33.54721112563951 
93.00107681157601 30.427433458905575 31.02826269922032 33.35545267515782 34.10249328606437 29.051414790861614 35.12084113985024 33.54721112563951 
94.00107681157601 30.427433458905575 31.931668472659588 33.35545267515782 34.07417459924707 72.51116222895462 34.69011790666349 33.9470449657763 
95.00107681157601 30.427433458905575 31.931668472659588 33.35545267515782 34.07417459924707 31.66629777886581 35.12084113985024 33.9470449657763 
96.00107681157601 30.42743345890557 41.896181390107856 33.35545267515782 33.69048158920653 34.10249328606437 34.22564802962966 33.98419875534705 
97.00107681157601 30.42743345890557 37.896181390107856 33.35545267515782 35.10249328606437 33.10249328606437 34.937676233501755 33.98419875534705 
98.00107681157601 30.42743345890557 33.221322783758225 33.35545267515782 34.65728458517852 33.64896880538484 34.937676233501755 33.98419875534705 
99.00107681157601 30.42743345890557 33.56734063616186 33.35545267515782 36.07417459924707 34.10249328606437 63.70505332379239 33.98419875534705 
100.00107681157601 30.42743345890557 33.7807563226563 33.35545267515782 36.07417459924707 33.40792180664755 35.74365989044247 33.98419875534705 
101.00107681157601 30.42743345890557 37.1264205201363 33.35545267515782 36.07417459924707 34.10249328606437 44.07814050745349 33.98419875534705 
102.00107681157601 30.42743345890557 35.28526602562306 33.35545267515782 36.07417459924707 35.07417459924707 35.74365989044247 33.98419875534705 
103.00107681157601 30.42743345890557 37.1759393449822 33.35545267515782 36.51116222895462 33.40809816315341 43.07814050745349 33.98419875534705 
104.00107681157601 30.42743345890557 37.04339817194682 33.35545267515782 36.51116222895462 35.10249328606437 45.07814050745349 33.98419875534705 
105.00107681157601 30.42743345890557 40.896181390107856 33.35545267515782 36.51116222895462 35.64896880538484 44.07814050745349 33.98419875534705 
106.00107681157601 30.42743345890557 37.69604055664249 33.35545267515782 36.51116222895462 35.0963937279128 43.72486904011995 33.98419875534705 
107.00107681157601 30.42743345890557 37.64112838223595 33.35545267515782 36.51116222895462 36.07417459924707 39.53410253961968 33.98419875534705 
108.00107681157601 30.42743345890557 38.69604055664249 33.35545267515782 36.51116222895462 36.07417459924707 42.64445186384171 33.98419875534705 
109.00107681157601 30.42743345890557 38.1759393449822 33.35545267515782 36.51116222895462 36.07417459924707 56.287601575148706 33.98419875534705 
110.00107681157601 30.42743345890557 38.143794840817904 33.35545267515782 36.51116222895462 36.51116222895462 59.36887336874396 33.98419875534705 
111.00107681157601 30.42743345890557 38.97567444846558 33.35545267515782 36.51116222895462 36.51116222895462 46.82209813996535 33.98419875534705 
112.00107681157601 30.42743345890557 38.97567444846558 33.35545267515782 36.51116222895462 36.51116222895462 60.347044124138606 33.98419875534705 
113.00107681157601 30.42743345890557 39.113216584016556 33.35545267515782 40.07342828388846 36.51116222895462 101.6983762561758 33.98419875534705 
114.00107681157601 30.42743345890557 39.67608177503729 33.35545267515782 81.66708397500626 36.51116222895462 225.48300910276407 33.98419875534705 
115.00107681157601 30.42743345890557 40.432080760633866 33.35545267515782 94.01414237065133 36.51116222895462 429.68551315487105 33.98419875534705 
116.00107681157601 30.42743345890557 40.79297570466828 33.35545267515782 82.18295814598294 36.51116222895462 66.0185500708765 33.98419875534705 
117.00107681157601 30.42743345890557 40.80468243752135 33.35545267515782 254.2505750141018 36.51116222895462 17.085865311781603 33.98419875534705 
118.00107681157601 30.42743345890557 41.29447849474552 33.35545267515782 198.75575559970306 36.51116222895462 16.572961676785553 33.98419875534705 
119.00107681157601 30.42743345890557 42.532461736860284 33.35545267515782 68.05614359444796 36.51116222895462 14.7955067135686 33.98419875534705 
120.00107681157601 30.42743345890557 41.65237622578849 33.35545267515782 29.109997955907772 39.46940618968239 53.20474284355146 33.98419875534705 
121.00107681157601 30.42743345890557 42.11307690701058 33.35545267515782 18.5913196615317 81.43544177994565 10.750216815308178 33.98419875534705 
122.00107681157601 30.42743345890557 42.8114290227314 33.35545267515782 12.733340626961677 124.69490252863714 7.935291954529333 33.98419875534705 
123.00107681157601 30.42743345890557 42.8114290227314 33.35545267515782 38.37524927800027 127.93908054774482 7.935291954529333 33.98419875534705 
124.00107681157601 30.42743345890557 43.441001188914214 33.35545267515782 7.605289712094972 316.0070938385287 12.821985978396086 33.98419875534705 
125.00107681157601 30.42743345890557 43.441001188914214 33.35545267515782 24.67176754691758 159.80080519005529 9.82997109100863 33.98419875534705 
126.00107681157601 30.42743345890557 44.068966954607646 33.35545267515782 8.718244270031732 33.64560404704805 9.8549452261651 33.98419875534705 
127.00107681157601 30.42743345890557 44.588839744217324 33.35545267515782 9.651197148512153 7.828566834510269 10.556557832104545 33.98419875534705 
128.001076811576 30.42743345890557 44.588839744217324 33.35545267515782 10.376971058497332 6.488364158390169 51.312468868295625 33.98419875534705 
129.001076811576 30.42743345890557 45.15864735188643 33.355452675157835 10.429461965072463 9.931390654037784 12.022782665715752 33.98419875534705 
130.001076811576 30.42743345890557 45.15864735188643 33.355452675157835 11.782871161466929 28.899649531440133 14.899179644643553 33.98419875534705 
131.001076811576 30.42743345890557 45.336296380535714 33.355452675157835 12.002486022988549 9.563643195576134 8.782273884889975 33.98419875534705 
132.001076811576 30.42743345890557 45.655459179395535 33.355452675157835 12.002486022988549 9.964395206155913 9.05850048263666 33.98419875534705 
133.001076811576 30.42743345890557 46.129551207956894 33.355452675157835 12.88291933337085 9.269964486560355 8.421087327793146 33.98419875534705 
134.001076811576 30.42743345890557 46.129551207956894 33.355452675157835 13.319626609259558 3.9034965424044117 60.47549387757468 33.98419875534705 
135.001076811576 30.42743345890557 47.28773134659325 33.355452675157835 21.85055538771789 5.173984315309156 10.05850048263666 33.98419875534705 
136.001076811576 30.42743345890557 47.736682294094436 33.355452675157835 14.884264013235054 4.863452636243721 10.740613459384662 33.98419875534705 
137.001076811576 30.42743345890557 47.736682294094436 33.355452675157835 15.343766387797928 5.425064331930798 13.940420616428952 33.98419875534705 
138.001076811576 30.42743345890557 48.519148320288934 33.355452675157835 16.031465922793387 5.425064331930798 10.475059335189414 33.98419875534705 
139.001076811576 30.42743345890557 48.519148320288934 33.355452675157835 16.331094092623147 5.236405825449879 54.102406693913565 33.98419875534705 
140.001076811576 30.42743345890557 49.37801780974763 33.355452675157835 17.887713805849927 30.898147896726016 16.420659755259408 33.98419875534705 
141.001076811576 30.42743345890557 49.37801780974763 33.355452675157835 17.763109593403072 5.809480628847439 12.270340191355672 33.98419875534705 
142.001076811576 30.42743345890557 49.917683101890646 33.355452675157835 9.775137548566306 6.236405825449879 12.270340191355672 33.98419875534705 
143.001076811576 30.42743345890557 50.370897619711315 33.355452675157835 10.31206736512226 11.864528853204007 12.511211922267023 33.98419875534705 
144.001076811576 30.42743345890557 50.59799359779974 33.355452675157835 10.31206736512226 7.217763625448669 12.511211922267023 33.98419875534705 
145.001076811576 30.42743345890557 51.00229339034229 33.355452675157835 10.372585673860783 11.403467240144778 12.575850912865178 33.98419875534705 
146.001076811576 30.42743345890557 51.00229339034229 33.355452675157835 10.372585673860783 8.822211945988983 13.41146408458826 33.98419875534705 
147.001076811576 30.42743345890557 51.55175373648336 33.355452675157835 10.372585673860783 32.898147896726016 13.41146408458826 33.98419875534705 
148.001076811576 30.42743345890557 52.00341595985627 33.355452675157835 10.608024034397232 10.199945630706367 20.856291232043503 33.98419875534705 
149.001076811576 30.42743345890557 51.60923098587405 33.355452675157835 10.608024034397232 59.43479671032395 14.199352251449056 33.98419875534705 
150.001076811576 30.42743345890557 51.79057363239713 33.355452675157835 11.370199925004158 30.898147896726016 17.856291232043503 33.98419875534705 
151.001076811576 30.42743345890557 52.55854610481987 33.355452675157835 11.370199925004158 18.86388717862897 16.709627819579026 33.98419875534705 
152.001076811576 30.42743345890557 150.9992188462591 33.355452675157835 11.63657364211565 9.881908240732344 18.20671489985574 33.98419875534705 
153.001076811576 30.42743345890557 53.52886696260471 33.355452675157835 12.169373204830208 17.09434929456762 20.409744446364215 33.98419875534705 
154.001076811576 30.42743345890557 53.64331841063833 33.355452675157835 12.463381078229247 19.86388717862897 17.373153151003862 33.98419875534705 
155.001076811576 30.42743345890557 55.72604508160617 33.355452675157835 13.008879201474315 11.436506181801349 16.78473042721828 33.98419875534705 
156.001076811576 30.42743345890557 57.162240588804735 33.355452675157835 13.347197938629506 17.86388717862897 21.196607123678234 33.98419875534705 
157.001076811576 30.42743345890557 54.79626566527237 33.355452675157835 13.960458875855068 60.43479671032395 19.377546030825272 33.98419875534705 
158.001076811576 30.42743345890557 56.71703188791889 33.355452675157835 14.115248393335435 17.86388717862897 18.709627819579026 33.98419875534705 
159.001076811576 30.42743345890557 57.133921901987435 33.355452675157835 14.626973143653004 14.85711125001751 20.20671489985574 33.98419875534705 
160.001076811576 30.42743345890557 57.133921901987435 33.355452675157835 14.626973143653004 17.86388717862897 22.409744446364215 33.98419875534705 
161.001076811576 30.42743345890557 57.133921901987435 33.355452675157835 15.960458875855068 20.51061571129543 21.196607123678234 33.98419875534705 
162.001076811576 30.42743345890557 57.133921901987435 33.355452675157835 18.767375394927882 17.86388717862897 19.985617696490095 33.98419875534705 
163.001076811576 30.42743345890557 57.88087204280724 33.355452675157835 16.971209501186507 17.86388717862897 20.45940742545139 33.98419875534705 
164.001076811576 30.42743345890557 58.133921901987435 33.355452675157835 16.885403179684488 14.426147728870603 20.45940742545139 33.98419875534705 
165.001076811576 30.42743345890557 57.88087204280724 33.355452675157835 18.09461195271598 17.09434929456762 20.45940742545139 33.98419875534705 
166.001076811576 30.42743345890557 59.133921901987435 33.355452675157835 17.60177665194618 20.49079999496786 20.45940742545139 33.98419875534705 
167.001076811576 30.42743345890557 59.133921901987435 33.355452675157835 17.753454540239687 14.69686840171616 64.60941577956211 33.98419875534705 
168.001076811576 30.42743345890557 59.133921901987435 33.355452675157835 17.957124881375364 19.86388717862897 20.45940742545139 33.98419875534705 
169.001076811576 30.42743345890557 59.133921901987435 33.355452675157835 18.76237379831727 18.494903089917955 20.45940742545139 33.98419875534705 
170.001076811576 30.42743345890557 59.133921901987435 33.355452675157835 18.79931188338034 20.86388717862897 20.609415779562113 33.98419875534705 
171.001076811576 30.42743345890557 59.133921901987435 33.355452675157835 19.290565653339456 20.86388717862897 20.45940742545139 33.98419875534705 
172.001076811576 30.42743345890557 59.133921901987435 33.355452675157835 20.0904248198741 21.49079999496786 20.45940742545139 33.98419875534705 
173.001076811576 30.42743345890557 59.133921901987435 33.355452675157835 20.0904248198741 19.328351012365317 21.064487413952094 33.98419875534705 
174.001076811576 30.42743345890557 59.133921901987435 33.355452675157835 19.817559362007444 20.86388717862897 20.45940742545139 33.98419875534705 
175.001076811576 30.42743345890557 59.133921901987435 33.355452675157835 90.9652937949266 20.86388717862897 20.744931984215555 33.98419875534705 
176.001076811576 30.42743345890557 59.133921901987435 33.355452675157835 20.581923303714348 20.223080390476326 20.744931984215555 33.98419875534705 
177.001076811576 30.42743345890557 59.133921901987435 33.355452675157835 20.620528889863238 21.86388717862897 20.744931984215555 33.98419875534705 
178.001076811576 30.42743345890557 59.133921901987435 33.355452675157835 21.375568182055417 20.315588380481785 20.744931984215555 33.98419875534705 
179.001076811576 30.42743345890557 59.133921901987435 33.355452675157835 21.375568182055417 22.86388717862897 21.609415779562113 33.98419875534705 
180.001076811576 30.42743345890557 59.133921901987435 33.355452675157835 24.75096458517862 22.86388717862897 21.609415779562113 33.98419875534705 
181.001076811576 30.42743345890557 59.133921901987435 33.355452675157835 23.470338156918615 22.86388717862897 21.609415779562113 33.98419875534705 
182.001076811576 30.42743345890557 59.133921901987435 33.355452675157835 22.96686867655677 22.86388717862897 21.631634908227852 33.98419875534705 
183.001076811576 30.42743345890557 59.133921901987435 33.355452675157835 24.126838316178635 23.51061571129543 21.7354776426117 33.98419875534705 
184.001076811576 30.42743345890557 59.133921901987435 33.355452675157835 23.36967647310624 22.887422330852644 22.046403409269658 33.98419875534705 
185.001076811576 30.42743345890557 59.133921901987435 33.355452675157835 23.86703201215758 23.86388717862897 22.377281291902676 33.98419875534705 
186.001076811576 30.42743345890557 59.133921901987435 33.355452675157835 24.092173786387605 23.86388717862897 22.377281291902676 33.98419875534705 
187.001076811576 30.42743345890557 59.133921901987435 33.355452675157835 24.58351617867865 23.86388717862897 22.43381864493469 33.98419875534705 
188.001076811576 30.42743345890557 59.133921901987435 33.355452675157835 26.126838316178635 24.20189788962344 22.779459760612724 33.98419875534705 
189.001076811576 30.42743345890557 59.133921901987435 33.355452675157835 25.42264696245195 23.898147896726016 22.779459760612724 33.98419875534705 
190.001076811576 30.42743345890557 59.133921901987435 33.355452675157835 43.722833863765345 23.898147896726016 36.46295335642347 33.98419875534705 
191.001076811576 30.42743345890557 59.133921901987435 33.355452675157835 26.251796804533683 23.898147896726016 24.25693008370834 33.98419875534705 
192.001076811576 30.42743345890557 59.133921901987435 33.355452675157835 28.829331135825782 23.898147896726016 27.79469409792273 33.98419875534705 
193.001076811576 30.42743345890557 59.133921901987435 33.355452675157835 27.660346628956262 23.898147896726016 25.15762727243512 33.98419875534705 
194.001076811576 30.42743345890557 59.133921901987435 33.355452675157835 27.660346628956262 23.898147896726016 27.03200207026549 33.98419875534705 
195.001076811576 30.42743345890557 59.133921901987435 33.355452675157835 28.44726499530907 23.898147896726016 25.463675519808817 33.98419875534705 
196.001076811576 30.42743345890557 59.133921901987435 33.355452675157835 29.54035873690796 23.898147896726016 27.17207054915997 33.98419875534705 
197.001076811576 30.42743345890557 59.133921901987435 33.355452675157835 28.68657472619475 23.898147896726016 27.015073939090485 33.98419875534705 
198.001076811576 30.42743345890557 59.133921901987435 33.355452675157835 29.345097158817225 96.43479671032395 27.831974175830283 33.98419875534705 
199.001076811576 30.42743345890557 59.133921901987435 33.355452675157835 29.345097158817225 24.88696956640564 27.45065349501479 33.98419875534705 
200.001076811576 30.42743345890557 59.133921901987435 33.355452675157835 29.65603736081556 25.600569472723407 29.002282364130423 33.98419875534705 
201.001076811576 30.42743345890557 59.133921901987435 33.355452675157835 29.65603736081556 26.296871950418904 29.03200207026549 33.98419875534705 
202.001076811576 30.42743345890557 59.133921901987435 33.355452675157835 30.652228599984284 25.732454894559993 29.03200207026549 33.98419875534705 
203.001076811576 30.42743345890557 59.133921901987435 33.355452675157835 30.652228599984284 26.88696956640564 29.332317440210716 33.98419875534705 
204.001076811576 30.42743345890557 59.133921901987435 33.355452675157835 30.652228599984284 26.543672887292757 29.67291001434114 33.98419875534705 
205.001076811576 30.42743345890557 59.133921901987435 33.355452675157835 30.652228599984284 27.29829413197993 29.788221855864094 33.98419875534705 
206.001076811576 30.42743345890557 59.133921901987435 33.355452675157835 30.652228599984284 28.88696956640564 48.79469409792273 33.98419875534705 
207.001076811576 30.42743345890557 59.133921901987435 33.355452675157835 30.652228599984284 28.818882888112682 30.363195516788323 33.98419875534705 
208.001076811576 30.42743345890557 59.133921901987435 33.355452675157835 30.652228599984284 28.475793746579654 32.38010228902874 33.98419875534705 
209.001076811576 30.42743345890557 59.133921901987435 33.355452675157835 30.652228599984284 28.876412710097554 31.28618806607483 33.98419875534705 
210.001076811576 30.42743345890557 59.133921901987435 33.355452675157835 30.652228599984284 29.475793746579654 31.742006043754373 33.98419875534705 
211.001076811576 30.42743345890557 59.133921901987435 33.355452675157835 30.652228599984284 29.415640915112334 31.70814754516755 33.98419875534705 
212.001076811576 30.42743345890557 59.133921901987435 33.355452675157835 30.652228599984284 30.475793746579654 32.50191418848564 33.98419875534705 
213.001076811576 30.42743345890557 59.133921901987435 33.355452675157835 31.206145678939436 30.595296524754417 37.60104715192762 33.98419875534705 
214.001076811576 30.42743345890557 59.133921901987435 33.355452675157835 31.206145678939436 30.17786096402162 33.60104715192762 33.98419875534705 
215.001076811576 30.42743345890557 59.133921901987435 33.355452675157835 31.206145678939436 30.975049272230933 33.60104715192762 33.98419875534705 
216.001076811576 30.42743345890557 59.133921901987435 33.355452675157835 31.370511883123868 30.975049272230933 34.03775442781631 33.98419875534705 
217.001076811576 30.42743345890557 59.133921901987435 33.355452675157835 31.370511883123868 32.481273433438105 36.537703627690576 33.98419875534705 
218.001076811576 30.42743345890557 59.133921901987435 33.355452675157835 31.433993627007055 78.43479671032395 36.318088766168955 33.98419875534705 
219.001076811576 30.42743345890557 59.133921901987435 33.355452675157835 32.2224126135892 32.8920346803034 124.34218774208387 33.98419875534705 
220.001076811576 30.42743345890557 59.133921901987435 33.355452675157835 32.315526769215495 35.331556288016884 37.70595599351333 33.98419875534705 
221.001076811576 30.42743345890557 59.133921901987435 33.355452675157835 32.7404107182216 36.02612776743371 37.70595599351333 33.98419875534705 
222.001076811576 30.42743345890557 59.133921901987435 33.355452675157835 33.02435515874927 34.45288071500639 41.47549387757468 33.98419875534705 
223.001076811576 30.42743345890557 59.133921901987435 33.355452675157835 33.02435515874927 36.02612776743371 37.70595599351333 33.98419875534705 
224.001076811576 30.42743345890557 59.133921901987435 33.355452675157835 33.3303544702452 36.02612776743371 42.47549387757468 33.98419875534705 
225.001076811576 30.42743345890557 59.133921901987435 33.355452675157835 33.3303544702452 35.33173264452273 37.83468708942203 33.98419875534705 
226.001076811576 30.42743345890557 59.133921901987435 33.355452675157835 34.00426157801948 37.02612776743371 39.47549387757468 33.98419875534705 
227.001076811576 30.42743345890557 59.133921901987435 33.355452675157835 34.00426157801948 36.997809080616406 41.47549387757468 33.98419875534705 
228.001076811576 30.42743345890557 59.133921901987435 33.355452675157835 34.00426157801948 37.580919066547864 39.342187742083865 33.98419875534705 
229.001076811576 30.42743345890557 59.133921901987435 33.355452675157835 34.616260952049316 37.997809080616406 40.47549387757468 33.98419875534705 
230.001076811576 30.42743345890557 59.133921901987435 33.355452675157835 34.616260952049316 37.997809080616406 40.47549387757468 33.98419875534705 
231.001076811576 30.42743345890557 59.133921901987435 33.355452675157835 35.25030677145375 37.997809080616406 40.122222410241136 33.98419875534705 
232.001076811576 30.42743345890557 59.133921901987435 33.355452675157835 35.7644831891339 37.997809080616406 41.47549387757468 33.98419875534705 
233.001076811576 30.42743345890557 59.133921901987435 33.355452675157835 35.7644831891339 38.43479671032395 40.50975459567172 33.98419875534705 
234.001076811576 30.42743345890557 59.133921901987435 33.355452675157835 35.85931100208589 38.43479671032395 40.50975459567172 33.98419875534705 
235.001076811576 30.42743345890557 59.133921901987435 33.355452675157835 35.85931100208589 38.43479671032395 40.50975459567172 33.98419875534705 
236.001076811576 30.42743345890557 59.133921901987435 33.355452675157835 36.703620812875215 38.43479671032395 40.50975459567172 33.98419875534705 
237.001076811576 30.42743345890557 59.133921901987435 33.355452675157835 36.703620812875215 38.43479671032395 40.50975459567172 33.98419875534705 
238.001076811576 30.42743345890557 59.133921901987435 33.355452675157835 36.703620812875215 38.43479671032395 40.50975459567172 33.98419875534705 
239.001076811576 30.42743345890557 59.133921901987435 33.355452675157835 37.11549750933517 38.43479671032395 40.50975459567172 33.98419875534705 
240.001076811576 30.42743345890557 59.133921901987435 33.355452675157835 37.11549750933517 38.43479671032395 40.50975459567172 33.98419875534705 
241.001076811576 30.42743345890557 59.133921901987435 33.355452675157835 37.62851820523596 38.43479671032395 40.50975459567172 33.98419875534705 
242.001076811576 30.42743345890557 59.133921901987435 33.355452675157835 37.62851820523596 38.43479671032395 40.50975459567172 33.98419875534705 
243.001076811576 30.42743345890557 59.133921901987435 33.355452675157835 39.08281315263221 38.43479671032395 40.50975459567172 33.98419875534705 
244.001076811576 30.42743345890557 59.133921901987435 33.355452675157835 38.381843742080406 38.43479671032395 40.50975459567172 33.98419875534705 
245.001076811576 30.42743345890557 59.133921901987435 33.355452675157835 38.381843742080406 38.43479671032395 40.50975459567172 33.98419875534705 
246.001076811576 30.42743345890557 59.133921901987435 33.355452675157835 38.62654185935665 38.43479671032395 40.50975459567172 33.98419875534705 
247.001076811576 30.42743345890557 59.133921901987435 33.355452675157835 39.46504657454608 38.43479671032395 40.50975459567172 33.98419875534705 
248.001076811576 30.42743345890557 59.133921901987435 33.355452675157835 39.46504657454608 38.43479671032395 40.50975459567172 33.98419875534705 
249.001076811576 30.42743345890557 59.133921901987435 33.355452675157835 40.114558177557285 38.43479671032395 40.50975459567172 33.98419875534705 
250.001076811576 30.42743345890557 59.133921901987435 33.355452675157835 39.8985432697047 38.43479671032395 40.50975459567172 33.98419875534705 
251.001076811576 30.42743345890557 59.133921901987435 33.355452675157835 40.70587763947617 38.43479671032395 40.50975459567172 33.98419875534705 
252.001076811576 30.42743345890557 59.133921901987435 33.355452675157835 40.93195501573962 38.43479671032395 40.50975459567172 33.98419875534705 
253.001076811576 30.42743345890557 59.133921901987435 33.355452675157835 41.051395764141034 38.43479671032395 40.50975459567172 33.98419875534705 
254.001076811576 30.42743345890557 59.133921901987435 33.355452675157835 41.541891785407785 38.43479671032395 40.50975459567172 33.98419875534705 
255.001076811576 30.42743345890557 59.133921901987435 33.355452675157835 41.89223472586983 38.43479671032395 40.50975459567172 33.98419875534705 
256.001076811576 30.42743345890557 59.133921901987435 33.355452675157835 42.16533155333087 38.43479671032395 40.50975459567172 33.98419875534705 
257.001076811576 30.42743345890557 59.13392190198746 33.355452675157835 42.61074710652048 38.43479671032395 40.50975459567172 33.98419875534705 
258.001076811576 30.42743345890557 59.13392190198746 33.355452675157835 42.61074710652048 38.43479671032395 40.50975459567172 33.98419875534705 
259.001076811576 30.42743345890557 59.13392190198746 33.355452675157835 43.40646287016261 38.43479671032395 40.50975459567172 33.98419875534705 
260.001076811576 30.42743345890557 59.13392190198746 33.355452675157835 159.42864498132866 38.43479671032395 40.50975459567172 33.98419875534705 
261.001076811576 30.42743345890557 59.13392190198746 33.355452675157835 43.611002636931914 38.43479671032395 40.50975459567172 33.98419875534705 
262.001076811576 30.42743345890557 59.13392190198746 33.355452675157835 51.51993753758455 38.43479671032395 40.50975459567172 33.98419875534705 
263.001076811576 30.42743345890557 59.13392190198746 33.355452675157835 44.39502593780665 38.43479671032395 40.50975459567172 33.98419875534705 
264.001076811576 30.42743345890557 59.13392190198746 33.355452675157835 48.092767644683136 38.43479671032395 40.50975459567172 33.98419875534705 
265.001076811576 30.42743345890557 59.13392190198746 33.355452675157835 48.67706846264096 38.43479671032395 40.50975459567172 33.98419875534705 
266.001076811576 30.42743345890557 59.13392190198746 33.355452675157835 48.67706846264096 38.43479671032395 40.50975459567172 33.98419875534705 
267.001076811576 30.42743345890557 59.13392190198746 33.355452675157835 48.092767644683136 38.43479671032395 40.50975459567172 33.98419875534705 
268.001076811576 30.42743345890557 59.13392190198746 33.355452675157835 52.51993753758455 38.43479671032395 40.50975459567172 33.98419875534705 
269.001076811576 30.42743345890557 59.13392190198746 33.355452675157835 46.75086456148722 38.43479671032395 40.50975459567172 33.98419875534705 
270.001076811576 30.42743345890557 59.13392190198746 33.355452675157835 49.67706846264096 38.43479671032395 40.50975459567172 33.98419875534705 
271.001076811576 30.42743345890557 59.13392190198746 33.355452675157835 49.43399224839885 38.43479671032395 40.50975459567172 33.98419875534705 
272.001076811576 30.42743345890557 59.13392190198746 33.355452675157835 49.43399224839885 38.43479671032395 40.50975459567172 33.98419875534705 
273.001076811576 30.42743345890557 59.13392190198746 33.355452675157835 50.0384386500499 38.43479671032395 40.50975459567172 33.98419875534705 
274.001076811576 30.42743345890557 59.13392190198746 33.355452675157835 50.06582750710831 38.43479671032395 40.50975459567172 33.98419875534705 
275.001076811576 30.42743345890557 59.13392190198746 33.355452675157835 54.51993753758455 38.43479671032395 40.50975459567172 33.98419875534705 
276.001076811576 30.42743345890557 59.13392190198746 33.355452675157835 50.43399224839885 38.43479671032395 40.50975459567172 33.98419875534705 
277.001076811576 30.42743345890557 59.13392190198746 33.355452675157835 50.67706846264096 38.43479671032395 40.50975459567172 33.98419875534705 
278.001076811576 30.42743345890557 59.13392190198746 33.355452675157835 50.67706846264096 38.43479671032395 40.50975459567172 33.98419875534705 
279.001076811576 30.42743345890557 59.13392190198746 33.355452675157835 53.51993753758455 38.43479671032395 40.50975459567172 33.98419875534705 
280.001076811576 30.42743345890557 59.13392190198746 33.355452675157835 51.387608334620154 38.43479671032395 40.50975459567172 33.98419875534705 
281.001076811576 30.42743345890557 59.13392190198746 33.355452675157835 52.26766907901916 38.43479671032395 40.50975459567172 33.98419875534705 
282.001076811576 30.42743345890557 59.13392190198746 33.355452675157835 53.46984611767911 38.43479671032395 40.50975459567172 33.98419875534705 
283.001076811576 30.42743345890557 59.13392190198746 33.355452675157835 52.95664481347325 38.43479671032395 40.50975459567172 33.98419875534705 
284.001076811576 30.42743345890557 59.13392190198746 33.355452675157835 53.854348570574246 38.43479671032395 40.50975459567172 33.98419875534705 
285.001076811576 30.42743345890557 59.13392190198746 33.355452675157835 53.95664481347325 38.43479671032395 40.50975459567172 33.98419875534705 
286.001076811576 30.42743345890557 59.13392190198746 33.355452675157835 55.45659401334751 38.43479671032395 40.50975459567172 33.98419875534705 
287.001076811576 30.42743345890557 59.13392190198746 33.355452675157835 55.47040885055213 38.43479671032395 40.50975459567172 33.98419875534705 
288.001076811576 30.42743345890557 59.13392190198746 33.355452675157835 184.42864498132866 38.43479671032395 40.50975459567172 33.98419875534705 
289.001076811576 30.42743345890557 59.13392190198746 33.355452675157835 56.624846379170265 38.43479671032395 40.50975459567172 33.98419875534705 
290.001076811576 30.42743345890557 59.13392190198746 33.355452675157835 56.624846379170265 38.43479671032395 40.50975459567172 33.98419875534705 
291.001076811576 30.42743345890557 59.13392190198746 33.355452675157835 57.621816141990195 38.43479671032395 40.50975459567172 33.98419875534705 
292.001076811576 30.42743345890557 59.13392190198746 33.355452675157835 61.394384263231615 38.43479671032395 40.50975459567172 33.98419875534705 
293.001076811576 30.42743345890557 59.13392190198746 33.355452675157835 61.394384263231615 38.43479671032395 40.50975459567172 33.98419875534705 
294.001076811576 30.42743345890557 59.13392190198746 33.355452675157835 59.394384263231615 38.43479671032395 40.50975459567172 33.98419875534705 
295.001076811576 30.42743345890557 59.13392190198746 33.355452675157835 58.28846142869804 38.43479671032395 40.50975459567172 33.98419875534705 
296.001076811576 30.42743345890557 59.13392190198746 33.355452675157835 60.394384263231615 38.43479671032395 40.50975459567172 33.98419875534705 
297.001076811576 30.42743345890557 59.13392190198746 33.355452675157835 60.394384263231615 38.43479671032395 40.50975459567172 33.98419875534705 
298.001076811576 30.42743345890557 59.13392190198746 33.355452675157835 61.04111279589807 38.43479671032395 40.50975459567172 33.98419875534705 
299.001076811576 30.42743345890557 59.13392190198746 33.355452675157835 61.04111279589807 38.43479671032395 40.50975459567172 33.98419875534705 
300.001076811576 30.42743345890557 59.13392190198746 33.355452675157835 61.394384263231615 38.43479671032395 40.50975459567172 33.98419875534705 
301.001076811576 30.42743345890557 59.13392190198746 33.355452675157835 62.0212970795705 38.43479671032395 40.50975459567172 33.98419875534705 
302.001076811576 30.42743345890557 59.13392190198746 33.355452675157835 62.04111279589807 38.43479671032395 40.50975459567172 33.98419875534705 
303.001076811576 30.42743345890557 59.13392190198746 33.355452675157835 62.04111279589807 38.43479671032395 40.50975459567172 33.98419875534705 
304.001076811576 30.42743345890557 59.13392190198746 33.355452675157835 62.2610781277408 38.43479671032395 40.50975459567172 33.98419875534705 
305.001076811576 30.42743345890557 59.13392190198746 33.355452675157835 62.2610781277408 38.43479671032395 40.50975459567172 33.98419875534705 
306.001076811576 30.42743345890557 59.13392190198746 33.355452675157835 62.2610781277408 38.43479671032395 40.50975459567172 33.98419875534705 
307.001076811576 30.42743345890557 59.13392190198746 33.355452675157835 62.2610781277408 38.43479671032395 40.50975459567172 33.98419875534705 
308.001076811576 30.42743345890557 59.13392190198746 33.355452675157835 62.2610781277408 38.43479671032395 40.50975459567172 33.98419875534705 
309.001076811576 30.42743345890557 59.13392190198746 33.355452675157835 62.2610781277408 38.43479671032395 40.50975459567172 33.98419875534705 
#####################################################################
# End of data export. Simulation finished at: 2020-03-21T11:36+0000 #
#####################################################################
