#####################################################################
# Alchemist log file - simulation started at: 2020-09-15T19:24+0000 #
#####################################################################
# seed = 9.0, nodeCount = 200, grain = 8, deploymentType = Lobster
#
# The columns have the following meaning: 
# time leader-random[CountDistinct] HopCountClusterClosestNeighborDistance[leader-random] HopCountClusterIntraDistance[leader-random] leader-pageRank[CountDistinct] HopCountClusterClosestNeighborDistance[leader-pageRank] HopCountClusterIntraDistance[leader-pageRank] leader-harmonic[CountDistinct] HopCountClusterClosestNeighborDistance[leader-harmonic] HopCountClusterIntraDistance[leader-harmonic] leader-closeness[CountDistinct] HopCountClusterClosestNeighborDistance[leader-closeness] HopCountClusterIntraDistance[leader-closeness] leader-degree[CountDistinct] HopCountClusterClosestNeighborDistance[leader-degree] HopCountClusterIntraDistance[leader-degree] 
0.0 NaN NaN NaN NaN NaN NaN NaN NaN NaN NaN NaN NaN NaN NaN NaN 
1.0078258106860618 125.0 4.036363636363636 0.15683333333333332 170.0 3.707509881422925 0.057955182072829126 181.0 3.707509881422925 0.03683241252302026 95.0 4.2 0.3364035087719298 171.0 3.707509881422925 0.06471734892787523 
2.007825810686062 27.0 4.0 NaN 42.0 3.3846153846153846 0.8173600753432686 47.0 3.1794871794871793 0.831336571230188 24.0 NaN 0.3653446478802491 42.0 2.909090909090909 0.8606007777591629 
3.007825810686062 9.0 NaN NaN 17.0 3.3214285714285716 NaN 11.0 2.9523809523809526 NaN 10.0 4.0 NaN 10.0 2.533333333333333 NaN 
4.007825810686062 4.0 NaN NaN 10.0 3.4 1.3172497435204111 8.0 2.4 NaN 38.0 4.095238095238095 0.22044241037376047 4.0 3.3333333333333335 NaN 
5.007825810686062 14.0 NaN NaN 8.0 3.3333333333333335 NaN 4.0 2.0 NaN 40.0 4.095238095238095 0.20942028985507247 6.0 3.3333333333333335 NaN 
6.007825810686062 31.0 NaN 0.16888045540796964 5.0 3.3333333333333335 NaN 3.0 2.0 NaN 40.0 4.095238095238095 0.22192028985507245 17.0 NaN 0.2608695652173913 
7.007825810686062 22.0 NaN 0.4311497326203208 6.0 2.0 NaN 2.0 3.0 NaN 39.0 4.095238095238095 0.24043106651802304 17.0 NaN 0.2608695652173913 
8.007825810686061 15.0 NaN 0.7590196078431373 5.0 2.0 NaN 3.0 NaN 1.2121212121212122 39.0 4.095238095238095 0.24043106651802304 17.0 NaN 0.2608695652173913 
9.007825810686061 15.0 NaN 0.7590196078431373 7.0 2.0 NaN 3.0 NaN 1.2121212121212122 39.0 4.095238095238095 0.24043106651802304 17.0 NaN 0.2608695652173913 
10.007825810686061 15.0 NaN 0.7590196078431373 17.0 NaN 0.2608695652173913 3.0 NaN 1.2121212121212122 39.0 4.095238095238095 0.24043106651802304 17.0 NaN 0.2608695652173913 
11.007825810686061 15.0 NaN 0.7590196078431373 17.0 NaN 0.2608695652173913 3.0 NaN 1.2121212121212122 39.0 4.095238095238095 0.24043106651802304 17.0 NaN 0.2608695652173913 
12.007825810686061 15.0 NaN 0.7590196078431373 17.0 NaN 0.2608695652173913 3.0 NaN 1.2121212121212122 39.0 4.095238095238095 0.24043106651802304 17.0 NaN 0.2608695652173913 
13.007825810686061 15.0 NaN 0.7590196078431373 17.0 NaN 0.2608695652173913 3.0 NaN 1.2121212121212122 39.0 4.095238095238095 0.24043106651802304 17.0 NaN 0.2608695652173913 
14.007825810686061 15.0 NaN 0.7590196078431373 17.0 NaN 0.2608695652173913 3.0 NaN 1.2121212121212122 39.0 4.095238095238095 0.24043106651802304 17.0 NaN 0.2608695652173913 
15.007825810686061 15.0 NaN 0.7590196078431373 17.0 NaN 0.2608695652173913 3.0 NaN 1.2121212121212122 39.0 4.095238095238095 0.24043106651802304 17.0 NaN 0.2608695652173913 
16.00782581068606 15.0 NaN 0.7590196078431373 17.0 NaN 0.2608695652173913 3.0 NaN 1.2121212121212122 39.0 4.095238095238095 0.24043106651802304 17.0 NaN 0.2608695652173913 
17.00782581068606 15.0 NaN 0.7590196078431373 17.0 NaN 0.2608695652173913 3.0 NaN 1.2121212121212122 39.0 4.095238095238095 0.24043106651802304 17.0 NaN 0.2608695652173913 
18.00782581068606 15.0 NaN 0.7590196078431373 17.0 NaN 0.2608695652173913 3.0 NaN 1.2121212121212122 39.0 4.095238095238095 0.24043106651802304 17.0 NaN 0.2608695652173913 
19.00782581068606 15.0 NaN 0.7590196078431373 17.0 NaN 0.2608695652173913 3.0 NaN 1.2121212121212122 39.0 4.095238095238095 0.24043106651802304 17.0 NaN 0.2608695652173913 
20.00782581068606 15.0 NaN 0.7590196078431373 17.0 NaN 0.2608695652173913 3.0 NaN 1.2121212121212122 39.0 4.095238095238095 0.24043106651802304 17.0 NaN 0.2608695652173913 
21.00782581068606 15.0 NaN 0.7590196078431373 17.0 NaN 0.2608695652173913 3.0 NaN 1.2121212121212122 39.0 4.095238095238095 0.24043106651802304 17.0 NaN 0.2608695652173913 
22.00782581068606 15.0 NaN 0.7590196078431373 17.0 NaN 0.2608695652173913 3.0 NaN 1.2121212121212122 39.0 4.095238095238095 0.24043106651802304 17.0 NaN 0.2608695652173913 
23.00782581068606 15.0 NaN 0.7590196078431373 17.0 NaN 0.2608695652173913 3.0 NaN 1.2121212121212122 39.0 4.095238095238095 0.24043106651802304 17.0 NaN 0.2608695652173913 
24.00782581068606 15.0 NaN 0.7590196078431373 17.0 NaN 0.2608695652173913 3.0 NaN 1.2121212121212122 39.0 4.095238095238095 0.24043106651802304 17.0 NaN 0.2608695652173913 
25.00782581068606 15.0 NaN 0.7590196078431373 17.0 NaN 0.2608695652173913 3.0 NaN 1.2121212121212122 39.0 4.095238095238095 0.24043106651802304 17.0 NaN 0.2608695652173913 
26.00782581068606 15.0 NaN 0.7590196078431373 17.0 NaN 0.2608695652173913 3.0 NaN 1.2121212121212122 39.0 4.095238095238095 0.24043106651802304 17.0 NaN 0.2608695652173913 
27.00782581068606 15.0 NaN 0.7590196078431373 17.0 NaN 0.2608695652173913 3.0 NaN 1.2121212121212122 39.0 4.095238095238095 0.24043106651802304 17.0 NaN 0.2608695652173913 
28.00782581068606 15.0 NaN 0.7590196078431373 17.0 NaN 0.2608695652173913 3.0 NaN 1.2121212121212122 39.0 4.095238095238095 0.24043106651802304 17.0 NaN 0.2608695652173913 
29.00782581068606 15.0 NaN 0.7590196078431373 17.0 NaN 0.2608695652173913 3.0 NaN 1.2121212121212122 39.0 4.095238095238095 0.24043106651802304 17.0 NaN 0.2608695652173913 
30.00782581068606 15.0 NaN 0.7590196078431373 17.0 NaN 0.2608695652173913 3.0 NaN 1.2121212121212122 39.0 4.095238095238095 0.24043106651802304 17.0 NaN 0.2608695652173913 
31.00782581068606 15.0 NaN 0.7590196078431373 17.0 NaN 0.2608695652173913 3.0 NaN 1.2121212121212122 39.0 4.095238095238095 0.24043106651802304 17.0 NaN 0.2608695652173913 
32.00782581068606 15.0 NaN 0.7590196078431373 17.0 NaN 0.2608695652173913 3.0 NaN 1.2121212121212122 39.0 4.095238095238095 0.24043106651802304 17.0 NaN 0.2608695652173913 
33.00782581068606 15.0 NaN 0.7590196078431373 17.0 NaN 0.2608695652173913 3.0 NaN 1.2121212121212122 39.0 4.095238095238095 0.24043106651802304 17.0 NaN 0.2608695652173913 
34.00782581068606 15.0 NaN 0.7590196078431373 17.0 NaN 0.2608695652173913 3.0 NaN 1.2121212121212122 39.0 4.095238095238095 0.24043106651802304 17.0 NaN 0.2608695652173913 
#####################################################################
# End of data export. Simulation finished at: 2020-09-15T19:27+0000 #
#####################################################################
