#####################################################################
# Alchemist log file - simulation started at: 2020-09-16T19:39+0000 #
#####################################################################
# seed = 128.0, nodeCount = 100, grain = 1, deploymentType = Lobster
#
# The columns have the following meaning: 
# time leader-random[CountDistinct] HopCountClusterClosestNeighborDistance[leader-random] HopCountClusterIntraDistance[leader-random] leader-pageRank[CountDistinct] HopCountClusterClosestNeighborDistance[leader-pageRank] HopCountClusterIntraDistance[leader-pageRank] leader-harmonic[CountDistinct] HopCountClusterClosestNeighborDistance[leader-harmonic] HopCountClusterIntraDistance[leader-harmonic] leader-closeness[CountDistinct] HopCountClusterClosestNeighborDistance[leader-closeness] HopCountClusterIntraDistance[leader-closeness] leader-degree[CountDistinct] HopCountClusterClosestNeighborDistance[leader-degree] HopCountClusterIntraDistance[leader-degree] 
0.0 NaN NaN NaN NaN NaN NaN NaN NaN NaN NaN NaN NaN NaN NaN NaN 
1.0249936683056369 100.0 3.986666666666667 0.0 100.0 3.986666666666667 0.0 100.0 3.986666666666667 0.0 100.0 3.986666666666667 0.0 100.0 3.986666666666667 0.0 
2.024993668305637 100.0 3.986666666666667 0.0 100.0 3.986666666666667 0.0 100.0 3.986666666666667 0.0 100.0 3.986666666666667 0.0 100.0 3.986666666666667 0.0 
3.024993668305637 100.0 3.986666666666667 0.0 100.0 3.986666666666667 0.0 100.0 3.986666666666667 0.0 100.0 3.986666666666667 0.0 100.0 3.986666666666667 0.0 
4.024993668305637 100.0 3.986666666666667 0.0 100.0 3.986666666666667 0.0 100.0 3.986666666666667 0.0 100.0 3.986666666666667 0.0 100.0 3.986666666666667 0.0 
5.024993668305637 100.0 3.986666666666667 0.0 100.0 3.986666666666667 0.0 100.0 3.986666666666667 0.0 100.0 3.986666666666667 0.0 100.0 3.986666666666667 0.0 
6.024993668305637 100.0 3.986666666666667 0.0 100.0 3.986666666666667 0.0 100.0 3.986666666666667 0.0 100.0 3.986666666666667 0.0 100.0 3.986666666666667 0.0 
7.024993668305637 100.0 3.986666666666667 0.0 100.0 3.986666666666667 0.0 100.0 3.986666666666667 0.0 100.0 3.986666666666667 0.0 100.0 3.986666666666667 0.0 
8.024993668305637 100.0 3.986666666666667 0.0 100.0 3.986666666666667 0.0 100.0 3.986666666666667 0.0 100.0 3.986666666666667 0.0 100.0 3.986666666666667 0.0 
9.024993668305637 100.0 3.986666666666667 0.0 100.0 3.986666666666667 0.0 100.0 3.986666666666667 0.0 100.0 3.986666666666667 0.0 100.0 3.986666666666667 0.0 
10.024993668305637 100.0 3.986666666666667 0.0 100.0 3.986666666666667 0.0 100.0 3.986666666666667 0.0 100.0 3.986666666666667 0.0 100.0 3.986666666666667 0.0 
11.024993668305637 100.0 3.986666666666667 0.0 100.0 3.986666666666667 0.0 100.0 3.986666666666667 0.0 100.0 3.986666666666667 0.0 100.0 3.986666666666667 0.0 
12.024993668305637 100.0 3.986666666666667 0.0 100.0 3.986666666666667 0.0 100.0 3.986666666666667 0.0 100.0 3.986666666666667 0.0 100.0 3.986666666666667 0.0 
13.024993668305637 100.0 3.986666666666667 0.0 100.0 3.986666666666667 0.0 100.0 3.986666666666667 0.0 100.0 3.986666666666667 0.0 100.0 3.986666666666667 0.0 
14.024993668305637 100.0 3.986666666666667 0.0 100.0 3.986666666666667 0.0 100.0 3.986666666666667 0.0 100.0 3.986666666666667 0.0 100.0 3.986666666666667 0.0 
15.024993668305637 100.0 3.986666666666667 0.0 100.0 3.986666666666667 0.0 100.0 3.986666666666667 0.0 100.0 3.986666666666667 0.0 100.0 3.986666666666667 0.0 
16.024993668305637 100.0 3.986666666666667 0.0 100.0 3.986666666666667 0.0 100.0 3.986666666666667 0.0 100.0 3.986666666666667 0.0 100.0 3.986666666666667 0.0 
17.024993668305637 100.0 3.986666666666667 0.0 100.0 3.986666666666667 0.0 100.0 3.986666666666667 0.0 100.0 3.986666666666667 0.0 100.0 3.986666666666667 0.0 
18.024993668305637 100.0 3.986666666666667 0.0 100.0 3.986666666666667 0.0 100.0 3.986666666666667 0.0 100.0 3.986666666666667 0.0 100.0 3.986666666666667 0.0 
19.024993668305637 100.0 3.986666666666667 0.0 100.0 3.986666666666667 0.0 100.0 3.986666666666667 0.0 100.0 3.986666666666667 0.0 100.0 3.986666666666667 0.0 
20.024993668305637 100.0 3.986666666666667 0.0 100.0 3.986666666666667 0.0 100.0 3.986666666666667 0.0 100.0 3.986666666666667 0.0 100.0 3.986666666666667 0.0 
21.024993668305637 100.0 3.986666666666667 0.0 100.0 3.986666666666667 0.0 100.0 3.986666666666667 0.0 100.0 3.986666666666667 0.0 100.0 3.986666666666667 0.0 
22.024993668305637 100.0 3.986666666666667 0.0 100.0 3.986666666666667 0.0 100.0 3.986666666666667 0.0 100.0 3.986666666666667 0.0 100.0 3.986666666666667 0.0 
23.024993668305637 100.0 3.986666666666667 0.0 100.0 3.986666666666667 0.0 100.0 3.986666666666667 0.0 100.0 3.986666666666667 0.0 100.0 3.986666666666667 0.0 
24.024993668305637 100.0 3.986666666666667 0.0 100.0 3.986666666666667 0.0 100.0 3.986666666666667 0.0 100.0 3.986666666666667 0.0 100.0 3.986666666666667 0.0 
25.024993668305637 100.0 3.986666666666667 0.0 100.0 3.986666666666667 0.0 100.0 3.986666666666667 0.0 100.0 3.986666666666667 0.0 100.0 3.986666666666667 0.0 
26.024993668305637 100.0 3.986666666666667 0.0 100.0 3.986666666666667 0.0 100.0 3.986666666666667 0.0 100.0 3.986666666666667 0.0 100.0 3.986666666666667 0.0 
27.024993668305637 100.0 3.986666666666667 0.0 100.0 3.986666666666667 0.0 100.0 3.986666666666667 0.0 100.0 3.986666666666667 0.0 100.0 3.986666666666667 0.0 
28.024993668305637 100.0 3.986666666666667 0.0 100.0 3.986666666666667 0.0 100.0 3.986666666666667 0.0 100.0 3.986666666666667 0.0 100.0 3.986666666666667 0.0 
29.024993668305637 100.0 3.986666666666667 0.0 100.0 3.986666666666667 0.0 100.0 3.986666666666667 0.0 100.0 3.986666666666667 0.0 100.0 3.986666666666667 0.0 
30.024993668305637 100.0 3.986666666666667 0.0 100.0 3.986666666666667 0.0 100.0 3.986666666666667 0.0 100.0 3.986666666666667 0.0 100.0 3.986666666666667 0.0 
31.024993668305637 100.0 3.986666666666667 0.0 100.0 3.986666666666667 0.0 100.0 3.986666666666667 0.0 100.0 3.986666666666667 0.0 100.0 3.986666666666667 0.0 
32.02499366830564 100.0 3.986666666666667 0.0 100.0 3.986666666666667 0.0 100.0 3.986666666666667 0.0 100.0 3.986666666666667 0.0 100.0 3.986666666666667 0.0 
33.02499366830564 100.0 3.986666666666667 0.0 100.0 3.986666666666667 0.0 100.0 3.986666666666667 0.0 100.0 3.986666666666667 0.0 100.0 3.986666666666667 0.0 
34.02499366830564 100.0 3.986666666666667 0.0 100.0 3.986666666666667 0.0 100.0 3.986666666666667 0.0 100.0 3.986666666666667 0.0 100.0 3.986666666666667 0.0 
#####################################################################
# End of data export. Simulation finished at: 2020-09-16T19:46+0000 #
#####################################################################
