#####################################################################
# Alchemist log file - simulation started at: 2020-09-16T22:06+0000 #
#####################################################################
# seed = 71.0, nodeCount = 800, grain = 5, deploymentType = RandomEuclidean
#
# The columns have the following meaning: 
# time leader-random[CountDistinct] HopCountClusterClosestNeighborDistance[leader-random] HopCountClusterIntraDistance[leader-random] leader-pageRank[CountDistinct] HopCountClusterClosestNeighborDistance[leader-pageRank] HopCountClusterIntraDistance[leader-pageRank] leader-harmonic[CountDistinct] HopCountClusterClosestNeighborDistance[leader-harmonic] HopCountClusterIntraDistance[leader-harmonic] leader-closeness[CountDistinct] HopCountClusterClosestNeighborDistance[leader-closeness] HopCountClusterIntraDistance[leader-closeness] leader-degree[CountDistinct] HopCountClusterClosestNeighborDistance[leader-degree] HopCountClusterIntraDistance[leader-degree] 
0.0 NaN NaN NaN NaN NaN NaN NaN NaN NaN NaN NaN NaN NaN NaN NaN 
1.002726321018358 85.0 Infinity 0.8271732520946943 347.0 Infinity 0.3587415014126732 538.0 Infinity 0.18377548721414896 34.0 Infinity 1.452903594070381 343.0 Infinity 0.40650939601376923 
2.0027263210183577 13.0 NaN NaN 38.0 NaN NaN 199.0 Infinity NaN 31.0 NaN NaN 45.0 Infinity NaN 
3.0027263210183577 8.0 NaN NaN 13.0 NaN NaN 69.0 Infinity NaN 28.0 NaN NaN 11.0 NaN NaN 
4.002726321018358 33.0 Infinity NaN 29.0 NaN NaN 55.0 Infinity NaN 90.0 NaN NaN 9.0 NaN NaN 
5.002726321018358 102.0 Infinity 0.19526619158363742 119.0 Infinity NaN 75.0 Infinity NaN 38.0 NaN 0.7215048497610826 48.0 NaN NaN 
6.002726321018358 26.0 NaN 0.813409537933183 95.0 Infinity 0.30422261143924617 110.0 Infinity NaN 18.0 NaN NaN 71.0 Infinity 0.27645194673734946 
7.002726321018358 12.0 NaN 1.820037892412653 29.0 NaN NaN 100.0 Infinity NaN 24.0 NaN 0.8763112502169523 35.0 NaN NaN 
8.002726321018358 8.0 NaN 2.415143426406587 10.0 NaN NaN 50.0 Infinity NaN 10.0 NaN 2.066480333854019 13.0 NaN 1.463693269325701 
9.002726321018358 8.0 NaN 2.415143426406587 7.0 NaN 2.1901623625639663 26.0 Infinity NaN 9.0 NaN 2.1854612405141274 9.0 NaN 2.1387531958637123 
10.002726321018358 30.0 NaN 0.6430973868267027 7.0 NaN 2.1901623625639663 36.0 Infinity NaN 9.0 NaN 2.1854612405141274 9.0 NaN NaN 
11.002726321018358 23.0 NaN 0.9094748523826558 7.0 NaN 2.1901623625639663 98.0 Infinity NaN 9.0 NaN 2.1854612405141274 21.0 NaN NaN 
12.002726321018358 8.0 NaN 2.3183692328581995 7.0 NaN 2.1901623625639663 50.0 NaN NaN 9.0 NaN 2.1854612405141274 13.0 NaN 1.3490855664827042 
13.002726321018358 8.0 NaN 2.3183692328581995 7.0 NaN 2.1901623625639663 25.0 NaN NaN 9.0 NaN 2.1854612405141274 9.0 NaN 1.9587801616871385 
14.002726321018358 8.0 NaN 2.3183692328581995 7.0 NaN 2.1901623625639663 11.0 NaN NaN 9.0 NaN 2.1854612405141274 9.0 NaN 1.9587801616871385 
15.002726321018358 8.0 NaN 2.3183692328581995 7.0 NaN 2.1901623625639663 9.0 NaN 2.0382852924836987 9.0 NaN 2.1854612405141274 9.0 NaN 1.9587801616871385 
16.002726321018358 8.0 NaN 2.3183692328581995 7.0 NaN 2.1901623625639663 9.0 NaN NaN 9.0 NaN 2.1854612405141274 9.0 NaN 1.9587801616871385 
17.002726321018358 8.0 NaN 2.3183692328581995 7.0 NaN 2.1901623625639663 27.0 NaN NaN 9.0 NaN 2.1854612405141274 9.0 NaN 1.9587801616871385 
18.002726321018358 8.0 NaN 2.3183692328581995 7.0 NaN 2.1901623625639663 58.0 Infinity 0.3285178849883273 9.0 NaN 2.1854612405141274 9.0 NaN 1.9587801616871385 
19.002726321018358 8.0 NaN 2.3183692328581995 7.0 NaN 2.1901623625639663 9.0 NaN 2.0184035035801706 9.0 NaN 2.1854612405141274 9.0 NaN 1.9587801616871385 
20.002726321018358 8.0 NaN 2.3183692328581995 7.0 NaN 2.1901623625639663 8.0 NaN 2.272749289821287 9.0 NaN 2.1854612405141274 9.0 NaN 1.9587801616871385 
21.002726321018358 8.0 NaN 2.3183692328581995 7.0 NaN 2.1901623625639663 8.0 NaN 2.272749289821287 9.0 NaN 2.1854612405141274 9.0 NaN 1.9587801616871385 
22.002726321018358 8.0 NaN 2.3183692328581995 7.0 NaN 2.1901623625639663 8.0 NaN 2.272749289821287 9.0 NaN 2.1854612405141274 9.0 NaN 1.9587801616871385 
23.002726321018358 8.0 NaN 2.3183692328581995 7.0 NaN 2.1901623625639663 8.0 NaN 2.272749289821287 9.0 NaN 2.1854612405141274 9.0 NaN 1.9587801616871385 
24.002726321018358 8.0 NaN 2.3183692328581995 7.0 NaN 2.1901623625639663 8.0 NaN 2.272749289821287 9.0 NaN 2.1854612405141274 9.0 NaN 1.9587801616871385 
25.002726321018358 8.0 NaN 2.3183692328581995 7.0 NaN 2.1901623625639663 8.0 NaN 2.272749289821287 9.0 NaN 2.1854612405141274 9.0 NaN 1.9587801616871385 
26.002726321018358 8.0 NaN 2.3183692328581995 7.0 NaN 2.1901623625639663 8.0 NaN 2.272749289821287 9.0 NaN 2.1854612405141274 9.0 NaN 1.9587801616871385 
27.002726321018358 8.0 NaN 2.3183692328581995 7.0 NaN 2.1901623625639663 8.0 NaN 2.272749289821287 9.0 NaN 2.1854612405141274 9.0 NaN 1.9587801616871385 
28.002726321018358 8.0 NaN 2.3183692328581995 7.0 NaN 2.1901623625639663 8.0 NaN 2.272749289821287 9.0 NaN 2.1854612405141274 9.0 NaN 1.9587801616871385 
29.002726321018358 8.0 NaN 2.3183692328581995 7.0 NaN 2.1901623625639663 8.0 NaN 2.272749289821287 9.0 NaN 2.1854612405141274 9.0 NaN 1.9587801616871385 
30.002726321018358 8.0 NaN 2.3183692328581995 7.0 NaN 2.1901623625639663 8.0 NaN 2.272749289821287 9.0 NaN 2.1854612405141274 9.0 NaN 1.9587801616871385 
31.002726321018358 8.0 NaN 2.3183692328581995 7.0 NaN 2.1901623625639663 8.0 NaN 2.272749289821287 9.0 NaN 2.1854612405141274 9.0 NaN 1.9587801616871385 
32.00272632101836 8.0 NaN 2.3183692328581995 7.0 NaN 2.1901623625639663 8.0 NaN 2.272749289821287 9.0 NaN 2.1854612405141274 9.0 NaN 1.9587801616871385 
33.00272632101836 8.0 NaN 2.3183692328581995 7.0 NaN 2.1901623625639663 8.0 NaN 2.272749289821287 9.0 NaN 2.1854612405141274 9.0 NaN 1.9587801616871385 
34.00272632101836 8.0 NaN 2.3183692328581995 7.0 NaN 2.1901623625639663 8.0 NaN 2.272749289821287 9.0 NaN 2.1854612405141274 9.0 NaN 1.9587801616871385 
35.00272632101836 8.0 NaN 2.3183692328581995 7.0 NaN 2.1901623625639663 8.0 NaN 2.272749289821287 9.0 NaN 2.1854612405141274 9.0 NaN 1.9587801616871385 
36.00272632101836 8.0 NaN 2.3183692328581995 7.0 NaN 2.1901623625639663 8.0 NaN 2.272749289821287 9.0 NaN 2.1854612405141274 9.0 NaN 1.9587801616871385 
37.00272632101836 8.0 NaN 2.3183692328581995 7.0 NaN 2.1901623625639663 8.0 NaN 2.272749289821287 9.0 NaN 2.1854612405141274 9.0 NaN 1.9587801616871385 
38.00272632101836 8.0 NaN 2.3183692328581995 7.0 NaN 2.1901623625639663 8.0 NaN 2.272749289821287 9.0 NaN 2.1854612405141274 9.0 NaN 1.9587801616871385 
39.00272632101836 8.0 NaN 2.3183692328581995 7.0 NaN 2.1901623625639663 8.0 NaN 2.272749289821287 9.0 NaN 2.1854612405141274 9.0 NaN 1.9587801616871385 
40.00272632101836 8.0 NaN 2.3183692328581995 7.0 NaN 2.1901623625639663 8.0 NaN 2.272749289821287 9.0 NaN 2.1854612405141274 9.0 NaN 1.9587801616871385 
41.00272632101836 8.0 NaN 2.3183692328581995 7.0 NaN 2.1901623625639663 8.0 NaN 2.272749289821287 9.0 NaN 2.1854612405141274 9.0 NaN 1.9587801616871385 
42.00272632101836 8.0 NaN 2.3183692328581995 7.0 NaN 2.1901623625639663 8.0 NaN 2.272749289821287 9.0 NaN 2.1854612405141274 9.0 NaN 1.9587801616871385 
43.00272632101836 8.0 NaN 2.3183692328581995 7.0 NaN 2.1901623625639663 8.0 NaN 2.272749289821287 9.0 NaN 2.1854612405141274 9.0 NaN 1.9587801616871385 
44.00272632101836 8.0 NaN 2.3183692328581995 7.0 NaN 2.1901623625639663 8.0 NaN 2.272749289821287 9.0 NaN 2.1854612405141274 9.0 NaN 1.9587801616871385 
45.00272632101836 8.0 NaN 2.3183692328581995 7.0 NaN 2.1901623625639663 8.0 NaN 2.272749289821287 9.0 NaN 2.1854612405141274 9.0 NaN 1.9587801616871385 
46.00272632101836 8.0 NaN 2.3183692328581995 7.0 NaN 2.1901623625639663 8.0 NaN 2.272749289821287 9.0 NaN 2.1854612405141274 9.0 NaN 1.9587801616871385 
47.00272632101836 8.0 NaN 2.3183692328581995 7.0 NaN 2.1901623625639663 8.0 NaN 2.272749289821287 9.0 NaN 2.1854612405141274 9.0 NaN 1.9587801616871385 
48.00272632101836 8.0 NaN 2.3183692328581995 7.0 NaN 2.1901623625639663 8.0 NaN 2.272749289821287 9.0 NaN 2.1854612405141274 9.0 NaN 1.9587801616871385 
#####################################################################
# End of data export. Simulation finished at: 2020-09-16T23:07+0000 #
#####################################################################
