#####################################################################
# Alchemist log file - simulation started at: 2020-09-15T19:01+0000 #
#####################################################################
# seed = 6.0, nodeCount = 400, grain = 1, deploymentType = BarabasiAlbert
#
# The columns have the following meaning: 
# time leader-random[CountDistinct] HopCountClusterClosestNeighborDistance[leader-random] HopCountClusterIntraDistance[leader-random] leader-pageRank[CountDistinct] HopCountClusterClosestNeighborDistance[leader-pageRank] HopCountClusterIntraDistance[leader-pageRank] leader-harmonic[CountDistinct] HopCountClusterClosestNeighborDistance[leader-harmonic] HopCountClusterIntraDistance[leader-harmonic] leader-closeness[CountDistinct] HopCountClusterClosestNeighborDistance[leader-closeness] HopCountClusterIntraDistance[leader-closeness] leader-degree[CountDistinct] HopCountClusterClosestNeighborDistance[leader-degree] HopCountClusterIntraDistance[leader-degree] 
0.0 NaN NaN NaN NaN NaN NaN NaN NaN NaN NaN NaN NaN NaN NaN NaN 
1.001281360956031 401.0 3.68 0.0 401.0 3.68 0.0 401.0 3.68 0.0 401.0 3.68 0.0 401.0 3.68 0.0 
2.001281360956031 401.0 3.68 0.0 401.0 3.68 0.0 401.0 3.68 0.0 401.0 3.68 0.0 401.0 3.68 0.0 
3.001281360956031 401.0 3.68 0.0 401.0 3.68 0.0 401.0 3.68 0.0 401.0 3.68 0.0 401.0 3.68 0.0 
4.001281360956031 401.0 3.68 0.0 401.0 3.68 0.0 401.0 3.68 0.0 401.0 3.68 0.0 401.0 3.68 0.0 
5.001281360956031 401.0 3.68 0.0 401.0 3.68 0.0 401.0 3.68 0.0 401.0 3.68 0.0 401.0 3.68 0.0 
6.001281360956031 401.0 3.68 0.0 401.0 3.68 0.0 401.0 3.68 0.0 401.0 3.68 0.0 401.0 3.68 0.0 
7.001281360956031 401.0 3.68 0.0 401.0 3.68 0.0 401.0 3.68 0.0 401.0 3.68 0.0 401.0 3.68 0.0 
8.001281360956032 401.0 3.68 0.0 401.0 3.68 0.0 401.0 3.68 0.0 401.0 3.68 0.0 401.0 3.68 0.0 
9.001281360956032 401.0 3.68 0.0 401.0 3.68 0.0 401.0 3.68 0.0 401.0 3.68 0.0 401.0 3.68 0.0 
10.001281360956032 401.0 3.68 0.0 401.0 3.68 0.0 401.0 3.68 0.0 401.0 3.68 0.0 401.0 3.68 0.0 
11.001281360956032 401.0 3.68 0.0 401.0 3.68 0.0 401.0 3.68 0.0 401.0 3.68 0.0 401.0 3.68 0.0 
12.001281360956032 401.0 3.68 0.0 401.0 3.68 0.0 401.0 3.68 0.0 401.0 3.68 0.0 401.0 3.68 0.0 
13.001281360956032 401.0 3.68 0.0 401.0 3.68 0.0 401.0 3.68 0.0 401.0 3.68 0.0 401.0 3.68 0.0 
14.001281360956032 401.0 3.68 0.0 401.0 3.68 0.0 401.0 3.68 0.0 401.0 3.68 0.0 401.0 3.68 0.0 
15.001281360956032 401.0 3.68 0.0 401.0 3.68 0.0 401.0 3.68 0.0 401.0 3.68 0.0 401.0 3.68 0.0 
16.001281360956032 401.0 3.68 0.0 401.0 3.68 0.0 401.0 3.68 0.0 401.0 3.68 0.0 401.0 3.68 0.0 
17.001281360956032 401.0 3.68 0.0 401.0 3.68 0.0 401.0 3.68 0.0 401.0 3.68 0.0 401.0 3.68 0.0 
18.001281360956032 401.0 3.68 0.0 401.0 3.68 0.0 401.0 3.68 0.0 401.0 3.68 0.0 401.0 3.68 0.0 
19.001281360956032 401.0 3.68 0.0 401.0 3.68 0.0 401.0 3.68 0.0 401.0 3.68 0.0 401.0 3.68 0.0 
20.001281360956032 401.0 3.68 0.0 401.0 3.68 0.0 401.0 3.68 0.0 401.0 3.68 0.0 401.0 3.68 0.0 
21.001281360956032 401.0 3.68 0.0 401.0 3.68 0.0 401.0 3.68 0.0 401.0 3.68 0.0 401.0 3.68 0.0 
22.001281360956032 401.0 3.68 0.0 401.0 3.68 0.0 401.0 3.68 0.0 401.0 3.68 0.0 401.0 3.68 0.0 
23.001281360956032 401.0 3.68 0.0 401.0 3.68 0.0 401.0 3.68 0.0 401.0 3.68 0.0 401.0 3.68 0.0 
24.001281360956032 401.0 3.68 0.0 401.0 3.68 0.0 401.0 3.68 0.0 401.0 3.68 0.0 401.0 3.68 0.0 
25.001281360956032 401.0 3.68 0.0 401.0 3.68 0.0 401.0 3.68 0.0 401.0 3.68 0.0 401.0 3.68 0.0 
26.001281360956032 401.0 3.68 0.0 401.0 3.68 0.0 401.0 3.68 0.0 401.0 3.68 0.0 401.0 3.68 0.0 
27.001281360956032 401.0 3.68 0.0 401.0 3.68 0.0 401.0 3.68 0.0 401.0 3.68 0.0 401.0 3.68 0.0 
28.001281360956032 401.0 3.68 0.0 401.0 3.68 0.0 401.0 3.68 0.0 401.0 3.68 0.0 401.0 3.68 0.0 
29.001281360956032 401.0 3.68 0.0 401.0 3.68 0.0 401.0 3.68 0.0 401.0 3.68 0.0 401.0 3.68 0.0 
30.001281360956032 401.0 3.68 0.0 401.0 3.68 0.0 401.0 3.68 0.0 401.0 3.68 0.0 401.0 3.68 0.0 
31.001281360956032 401.0 3.68 0.0 401.0 3.68 0.0 401.0 3.68 0.0 401.0 3.68 0.0 401.0 3.68 0.0 
32.00128136095603 401.0 3.68 0.0 401.0 3.68 0.0 401.0 3.68 0.0 401.0 3.68 0.0 401.0 3.68 0.0 
33.00128136095603 401.0 3.68 0.0 401.0 3.68 0.0 401.0 3.68 0.0 401.0 3.68 0.0 401.0 3.68 0.0 
34.00128136095603 401.0 3.68 0.0 401.0 3.68 0.0 401.0 3.68 0.0 401.0 3.68 0.0 401.0 3.68 0.0 
35.00128136095603 401.0 3.68 0.0 401.0 3.68 0.0 401.0 3.68 0.0 401.0 3.68 0.0 401.0 3.68 0.0 
36.00128136095603 401.0 3.68 0.0 401.0 3.68 0.0 401.0 3.68 0.0 401.0 3.68 0.0 401.0 3.68 0.0 
37.00128136095603 401.0 3.68 0.0 401.0 3.68 0.0 401.0 3.68 0.0 401.0 3.68 0.0 401.0 3.68 0.0 
38.00128136095603 401.0 3.68 0.0 401.0 3.68 0.0 401.0 3.68 0.0 401.0 3.68 0.0 401.0 3.68 0.0 
#####################################################################
# End of data export. Simulation finished at: 2020-09-15T19:13+0000 #
#####################################################################
