#####################################################################
# Alchemist log file - simulation started at: 2020-09-16T08:36+0000 #
#####################################################################
# seed = 118.0, nodeCount = 200, grain = 6, deploymentType = Lobster
#
# The columns have the following meaning: 
# time leader-random[CountDistinct] HopCountClusterClosestNeighborDistance[leader-random] HopCountClusterIntraDistance[leader-random] leader-pageRank[CountDistinct] HopCountClusterClosestNeighborDistance[leader-pageRank] HopCountClusterIntraDistance[leader-pageRank] leader-harmonic[CountDistinct] HopCountClusterClosestNeighborDistance[leader-harmonic] HopCountClusterIntraDistance[leader-harmonic] leader-closeness[CountDistinct] HopCountClusterClosestNeighborDistance[leader-closeness] HopCountClusterIntraDistance[leader-closeness] leader-degree[CountDistinct] HopCountClusterClosestNeighborDistance[leader-degree] HopCountClusterIntraDistance[leader-degree] 
0.0 NaN NaN NaN NaN NaN NaN NaN NaN NaN NaN NaN NaN NaN NaN NaN 
1.0045193581219034 102.0 3.611111111111111 0.2915954415954416 138.0 4.0701754385964914 0.11029158040027603 144.0 4.0701754385964914 0.09666832010582009 67.0 4.0 0.5214116527549363 122.0 4.3 0.1438457824890094 
2.0045193581219034 26.0 2.8 NaN 39.0 4.274725274725275 0.7681911084084997 44.0 3.869281045751634 0.7488185425685426 24.0 NaN 0.7439935064935065 46.0 4.257575757575758 0.5600751301838258 
3.0045193581219034 31.0 3.4 NaN 22.0 4.035714285714286 NaN 28.0 3.3956043956043955 NaN 36.0 NaN 0.2400617283950617 19.0 4.0 NaN 
4.004519358121904 61.0 3.8333333333333335 NaN 8.0 2.1666666666666665 NaN 13.0 2.7857142857142856 NaN 61.0 4.4 0.18075024580131227 7.0 2.0 NaN 
5.004519358121904 66.0 NaN 0.25660173160173155 7.0 2.0 1.3706277382747971 8.0 2.533333333333333 NaN 35.0 5.333333333333333 0.5304980474441919 28.0 2.0 0.2867247694833902 
6.004519358121904 55.0 NaN 0.355967005967006 19.0 2.0 0.5020242914979757 6.0 2.2 NaN 24.0 3.0 0.8676122841017272 59.0 4.333333333333333 0.11953967642526965 
7.004519358121904 48.0 NaN 0.44225386100386094 50.0 4.333333333333333 NaN 10.0 3.2 NaN 23.0 3.0 0.8659752895889877 74.0 5.2 0.09463298525798526 
8.004519358121904 48.0 NaN 0.44225386100386094 72.0 5.2 0.09717003143727282 46.0 4.733333333333333 NaN 23.0 3.0 0.8659752895889877 57.0 5.333333333333333 0.22227206273258898 
9.004519358121904 48.0 NaN 0.44225386100386094 53.0 5.333333333333333 0.23904731275014288 50.0 5.0 NaN 23.0 3.0 0.8659752895889877 49.0 4.0 NaN 
10.004519358121904 48.0 NaN 0.44225386100386094 47.0 4.0 NaN 40.0 5.0 0.2578174603174603 23.0 3.0 0.8659752895889877 48.0 3.0 0.26880918560606054 
11.004519358121904 48.0 NaN 0.44225386100386094 50.0 3.0 0.23805681818181815 30.0 5.0 0.3838359788359788 23.0 3.0 0.8659752895889877 48.0 3.0 0.26880918560606054 
12.004519358121904 48.0 NaN 0.44225386100386094 48.0 3.0 0.26880918560606054 28.0 5.0 0.3493480725623583 23.0 3.0 0.8659752895889877 48.0 3.0 0.26880918560606054 
13.004519358121904 48.0 NaN 0.44225386100386094 48.0 3.0 0.26880918560606054 28.0 5.0 0.3493480725623583 23.0 3.0 0.8659752895889877 48.0 3.0 0.26880918560606054 
14.004519358121904 48.0 NaN 0.44225386100386094 48.0 3.0 0.26880918560606054 28.0 5.0 0.3493480725623583 23.0 3.0 0.8659752895889877 48.0 3.0 0.26880918560606054 
15.004519358121904 48.0 NaN 0.44225386100386094 48.0 3.0 0.26880918560606054 28.0 5.0 0.3493480725623583 23.0 3.0 0.8659752895889877 48.0 3.0 0.26880918560606054 
16.004519358121904 48.0 NaN 0.44225386100386094 48.0 3.0 0.26880918560606054 28.0 5.0 0.3493480725623583 23.0 3.0 0.8659752895889877 48.0 3.0 0.26880918560606054 
17.004519358121904 48.0 NaN 0.44225386100386094 48.0 3.0 0.26880918560606054 28.0 5.0 0.3493480725623583 23.0 3.0 0.8659752895889877 48.0 3.0 0.26880918560606054 
18.004519358121904 48.0 NaN 0.44225386100386094 48.0 3.0 0.26880918560606054 28.0 5.0 0.3493480725623583 23.0 3.0 0.8659752895889877 48.0 3.0 0.26880918560606054 
19.004519358121904 48.0 NaN 0.44225386100386094 48.0 3.0 0.26880918560606054 28.0 5.0 0.3493480725623583 23.0 3.0 0.8659752895889877 48.0 3.0 0.26880918560606054 
20.004519358121904 48.0 NaN 0.44225386100386094 48.0 3.0 0.26880918560606054 28.0 5.0 0.3493480725623583 23.0 3.0 0.8659752895889877 48.0 3.0 0.26880918560606054 
21.004519358121904 48.0 NaN 0.44225386100386094 48.0 3.0 0.26880918560606054 28.0 5.0 0.3493480725623583 23.0 3.0 0.8659752895889877 48.0 3.0 0.26880918560606054 
22.004519358121904 48.0 NaN 0.44225386100386094 48.0 3.0 0.26880918560606054 28.0 5.0 0.3493480725623583 23.0 3.0 0.8659752895889877 48.0 3.0 0.26880918560606054 
23.004519358121904 48.0 NaN 0.44225386100386094 48.0 3.0 0.26880918560606054 28.0 5.0 0.3493480725623583 23.0 3.0 0.8659752895889877 48.0 3.0 0.26880918560606054 
24.004519358121904 48.0 NaN 0.44225386100386094 48.0 3.0 0.26880918560606054 28.0 5.0 0.3493480725623583 23.0 3.0 0.8659752895889877 48.0 3.0 0.26880918560606054 
25.004519358121904 48.0 NaN 0.44225386100386094 48.0 3.0 0.26880918560606054 28.0 5.0 0.3493480725623583 23.0 3.0 0.8659752895889877 48.0 3.0 0.26880918560606054 
26.004519358121904 48.0 NaN 0.44225386100386094 48.0 3.0 0.26880918560606054 28.0 5.0 0.3493480725623583 23.0 3.0 0.8659752895889877 48.0 3.0 0.26880918560606054 
27.004519358121904 48.0 NaN 0.44225386100386094 48.0 3.0 0.26880918560606054 28.0 5.0 0.3493480725623583 23.0 3.0 0.8659752895889877 48.0 3.0 0.26880918560606054 
28.004519358121904 48.0 NaN 0.44225386100386094 48.0 3.0 0.26880918560606054 28.0 5.0 0.3493480725623583 23.0 3.0 0.8659752895889877 48.0 3.0 0.26880918560606054 
29.004519358121904 48.0 NaN 0.44225386100386094 48.0 3.0 0.26880918560606054 28.0 5.0 0.3493480725623583 23.0 3.0 0.8659752895889877 48.0 3.0 0.26880918560606054 
30.004519358121904 48.0 NaN 0.44225386100386094 48.0 3.0 0.26880918560606054 28.0 5.0 0.3493480725623583 23.0 3.0 0.8659752895889877 48.0 3.0 0.26880918560606054 
31.004519358121904 48.0 NaN 0.44225386100386094 48.0 3.0 0.26880918560606054 28.0 5.0 0.3493480725623583 23.0 3.0 0.8659752895889877 48.0 3.0 0.26880918560606054 
32.004519358121904 48.0 NaN 0.44225386100386094 48.0 3.0 0.26880918560606054 28.0 5.0 0.3493480725623583 23.0 3.0 0.8659752895889877 48.0 3.0 0.26880918560606054 
33.004519358121904 48.0 NaN 0.44225386100386094 48.0 3.0 0.26880918560606054 28.0 5.0 0.3493480725623583 23.0 3.0 0.8659752895889877 48.0 3.0 0.26880918560606054 
34.004519358121904 48.0 NaN 0.44225386100386094 48.0 3.0 0.26880918560606054 28.0 5.0 0.3493480725623583 23.0 3.0 0.8659752895889877 48.0 3.0 0.26880918560606054 
#####################################################################
# End of data export. Simulation finished at: 2020-09-16T08:38+0000 #
#####################################################################
