#####################################################################
# Alchemist log file - simulation started at: 2020-09-16T07:44+0000 #
#####################################################################
# seed = 114.0, nodeCount = 50, grain = 3, deploymentType = Lobster
#
# The columns have the following meaning: 
# time leader-random[CountDistinct] HopCountClusterClosestNeighborDistance[leader-random] HopCountClusterIntraDistance[leader-random] leader-pageRank[CountDistinct] HopCountClusterClosestNeighborDistance[leader-pageRank] HopCountClusterIntraDistance[leader-pageRank] leader-harmonic[CountDistinct] HopCountClusterClosestNeighborDistance[leader-harmonic] HopCountClusterIntraDistance[leader-harmonic] leader-closeness[CountDistinct] HopCountClusterClosestNeighborDistance[leader-closeness] HopCountClusterIntraDistance[leader-closeness] leader-degree[CountDistinct] HopCountClusterClosestNeighborDistance[leader-degree] HopCountClusterIntraDistance[leader-degree] 
0.0 NaN NaN NaN NaN NaN NaN NaN NaN NaN NaN NaN NaN NaN NaN NaN 
1.0097775679917143 30.0 4.218181818181818 0.23611111111111113 43.0 3.590643274853801 0.06589147286821705 45.0 3.5238095238095237 0.04814814814814815 26.0 4.618181818181818 0.3878205128205128 43.0 3.590643274853801 0.06589147286821705 
2.0097775679917143 25.0 4.654545454545454 NaN 14.0 2.577777777777778 0.7627551020408163 13.0 2.690909090909091 0.967948717948718 21.0 5.238095238095238 0.5365079365079366 15.0 2.611111111111111 0.7511111111111111 
3.0097775679917143 23.0 5.4 0.4123188405797102 12.0 2.5714285714285716 0.6315789473684211 11.0 3.5 NaN 19.0 5.238095238095238 0.6280701754385966 14.0 3.7142857142857144 0.3821428571428572 
4.009777567991714 21.0 5.4 0.49920634920634926 15.0 3.5555555555555554 NaN 17.0 4.388888888888889 NaN 19.0 5.238095238095238 0.6280701754385966 17.0 3.7142857142857144 0.25882352941176473 
5.009777567991714 19.0 5.4 0.5868421052631579 20.0 4.218181818181818 NaN 25.0 4.515151515151516 NaN 19.0 5.238095238095238 0.6280701754385966 16.0 3.6785714285714284 NaN 
6.009777567991714 19.0 5.4 0.5868421052631579 20.0 3.6 0.21145833333333336 19.0 4.333333333333333 0.24401913875598089 19.0 5.238095238095238 0.6280701754385966 16.0 4.095238095238095 0.30163690476190474 
7.009777567991714 19.0 5.4 0.5868421052631579 15.0 2.9285714285714284 0.4041666666666667 15.0 4.333333333333333 0.39797979797979804 19.0 5.238095238095238 0.6280701754385966 14.0 4.095238095238095 0.3923469387755102 
8.009777567991714 19.0 5.4 0.5868421052631579 13.0 2.9523809523809526 0.45993589743589747 15.0 4.333333333333333 0.39797979797979804 19.0 5.238095238095238 0.6280701754385966 14.0 4.095238095238095 0.3923469387755102 
9.009777567991714 19.0 5.4 0.5868421052631579 13.0 2.9523809523809526 0.45993589743589747 15.0 4.333333333333333 0.39797979797979804 19.0 5.238095238095238 0.6280701754385966 14.0 4.095238095238095 0.3923469387755102 
10.009777567991714 19.0 5.4 0.5868421052631579 13.0 2.9523809523809526 0.45993589743589747 15.0 4.333333333333333 0.39797979797979804 19.0 5.238095238095238 0.6280701754385966 14.0 4.095238095238095 0.3923469387755102 
11.009777567991714 19.0 5.4 0.5868421052631579 13.0 2.9523809523809526 0.45993589743589747 15.0 4.333333333333333 0.39797979797979804 19.0 5.238095238095238 0.6280701754385966 14.0 4.095238095238095 0.3923469387755102 
12.009777567991714 19.0 5.4 0.5868421052631579 13.0 2.9523809523809526 0.45993589743589747 15.0 4.333333333333333 0.39797979797979804 19.0 5.238095238095238 0.6280701754385966 14.0 4.095238095238095 0.3923469387755102 
13.009777567991714 19.0 5.4 0.5868421052631579 13.0 2.9523809523809526 0.45993589743589747 15.0 4.333333333333333 0.39797979797979804 19.0 5.238095238095238 0.6280701754385966 14.0 4.095238095238095 0.3923469387755102 
14.009777567991714 19.0 5.4 0.5868421052631579 13.0 2.9523809523809526 0.45993589743589747 15.0 4.333333333333333 0.39797979797979804 19.0 5.238095238095238 0.6280701754385966 14.0 4.095238095238095 0.3923469387755102 
15.009777567991714 19.0 5.4 0.5868421052631579 13.0 2.9523809523809526 0.45993589743589747 15.0 4.333333333333333 0.39797979797979804 19.0 5.238095238095238 0.6280701754385966 14.0 4.095238095238095 0.3923469387755102 
16.009777567991712 19.0 5.4 0.5868421052631579 13.0 2.9523809523809526 0.45993589743589747 15.0 4.333333333333333 0.39797979797979804 19.0 5.238095238095238 0.6280701754385966 14.0 4.095238095238095 0.3923469387755102 
17.009777567991712 19.0 5.4 0.5868421052631579 13.0 2.9523809523809526 0.45993589743589747 15.0 4.333333333333333 0.39797979797979804 19.0 5.238095238095238 0.6280701754385966 14.0 4.095238095238095 0.3923469387755102 
18.009777567991712 19.0 5.4 0.5868421052631579 13.0 2.9523809523809526 0.45993589743589747 15.0 4.333333333333333 0.39797979797979804 19.0 5.238095238095238 0.6280701754385966 14.0 4.095238095238095 0.3923469387755102 
19.009777567991712 19.0 5.4 0.5868421052631579 13.0 2.9523809523809526 0.45993589743589747 15.0 4.333333333333333 0.39797979797979804 19.0 5.238095238095238 0.6280701754385966 14.0 4.095238095238095 0.3923469387755102 
20.009777567991712 19.0 5.4 0.5868421052631579 13.0 2.9523809523809526 0.45993589743589747 15.0 4.333333333333333 0.39797979797979804 19.0 5.238095238095238 0.6280701754385966 14.0 4.095238095238095 0.3923469387755102 
21.009777567991712 19.0 5.4 0.5868421052631579 13.0 2.9523809523809526 0.45993589743589747 15.0 4.333333333333333 0.39797979797979804 19.0 5.238095238095238 0.6280701754385966 14.0 4.095238095238095 0.3923469387755102 
22.009777567991712 19.0 5.4 0.5868421052631579 13.0 2.9523809523809526 0.45993589743589747 15.0 4.333333333333333 0.39797979797979804 19.0 5.238095238095238 0.6280701754385966 14.0 4.095238095238095 0.3923469387755102 
23.009777567991712 19.0 5.4 0.5868421052631579 13.0 2.9523809523809526 0.45993589743589747 15.0 4.333333333333333 0.39797979797979804 19.0 5.238095238095238 0.6280701754385966 14.0 4.095238095238095 0.3923469387755102 
24.009777567991712 19.0 5.4 0.5868421052631579 13.0 2.9523809523809526 0.45993589743589747 15.0 4.333333333333333 0.39797979797979804 19.0 5.238095238095238 0.6280701754385966 14.0 4.095238095238095 0.3923469387755102 
25.009777567991712 19.0 5.4 0.5868421052631579 13.0 2.9523809523809526 0.45993589743589747 15.0 4.333333333333333 0.39797979797979804 19.0 5.238095238095238 0.6280701754385966 14.0 4.095238095238095 0.3923469387755102 
26.009777567991712 19.0 5.4 0.5868421052631579 13.0 2.9523809523809526 0.45993589743589747 15.0 4.333333333333333 0.39797979797979804 19.0 5.238095238095238 0.6280701754385966 14.0 4.095238095238095 0.3923469387755102 
27.009777567991712 19.0 5.4 0.5868421052631579 13.0 2.9523809523809526 0.45993589743589747 15.0 4.333333333333333 0.39797979797979804 19.0 5.238095238095238 0.6280701754385966 14.0 4.095238095238095 0.3923469387755102 
28.009777567991712 19.0 5.4 0.5868421052631579 13.0 2.9523809523809526 0.45993589743589747 15.0 4.333333333333333 0.39797979797979804 19.0 5.238095238095238 0.6280701754385966 14.0 4.095238095238095 0.3923469387755102 
29.009777567991712 19.0 5.4 0.5868421052631579 13.0 2.9523809523809526 0.45993589743589747 15.0 4.333333333333333 0.39797979797979804 19.0 5.238095238095238 0.6280701754385966 14.0 4.095238095238095 0.3923469387755102 
30.009777567991712 19.0 5.4 0.5868421052631579 13.0 2.9523809523809526 0.45993589743589747 15.0 4.333333333333333 0.39797979797979804 19.0 5.238095238095238 0.6280701754385966 14.0 4.095238095238095 0.3923469387755102 
31.009777567991712 19.0 5.4 0.5868421052631579 13.0 2.9523809523809526 0.45993589743589747 15.0 4.333333333333333 0.39797979797979804 19.0 5.238095238095238 0.6280701754385966 14.0 4.095238095238095 0.3923469387755102 
32.00977756799171 19.0 5.4 0.5868421052631579 13.0 2.9523809523809526 0.45993589743589747 15.0 4.333333333333333 0.39797979797979804 19.0 5.238095238095238 0.6280701754385966 14.0 4.095238095238095 0.3923469387755102 
33.00977756799171 19.0 5.4 0.5868421052631579 13.0 2.9523809523809526 0.45993589743589747 15.0 4.333333333333333 0.39797979797979804 19.0 5.238095238095238 0.6280701754385966 14.0 4.095238095238095 0.3923469387755102 
34.00977756799171 19.0 5.4 0.5868421052631579 13.0 2.9523809523809526 0.45993589743589747 15.0 4.333333333333333 0.39797979797979804 19.0 5.238095238095238 0.6280701754385966 14.0 4.095238095238095 0.3923469387755102 
#####################################################################
# End of data export. Simulation finished at: 2020-09-16T07:44+0000 #
#####################################################################
