#####################################################################
# Alchemist log file - simulation started at: 2020-09-16T10:27+0000 #
#####################################################################
# seed = 36.0, nodeCount = 200, grain = 2, deploymentType = RandomEuclidean
#
# The columns have the following meaning: 
# time leader-random[CountDistinct] HopCountClusterClosestNeighborDistance[leader-random] HopCountClusterIntraDistance[leader-random] leader-pageRank[CountDistinct] HopCountClusterClosestNeighborDistance[leader-pageRank] HopCountClusterIntraDistance[leader-pageRank] leader-harmonic[CountDistinct] HopCountClusterClosestNeighborDistance[leader-harmonic] HopCountClusterIntraDistance[leader-harmonic] leader-closeness[CountDistinct] HopCountClusterClosestNeighborDistance[leader-closeness] HopCountClusterIntraDistance[leader-closeness] leader-degree[CountDistinct] HopCountClusterClosestNeighborDistance[leader-degree] HopCountClusterIntraDistance[leader-degree] 
0.0 NaN NaN NaN NaN NaN NaN NaN NaN NaN NaN NaN NaN NaN NaN NaN 
1.0074137702223243 98.0 3.6952380952380954 0.30534499514091357 169.0 3.723809523809524 0.07297830374753451 184.0 3.645021645021645 0.03759057971014492 51.0 2.2857142857142856 0.620160286336757 168.0 3.7076023391812867 0.08234126984126984 
2.0074137702223243 55.0 3.4545454545454546 0.6137445887445887 63.0 4.072727272727272 0.5348948670377243 108.0 3.7666666666666666 0.32714947089947094 51.0 2.2857142857142856 0.620160286336757 68.0 4.444444444444445 0.6372952211187505 
3.0074137702223243 55.0 3.611111111111111 0.49963203463203465 58.0 3.717948717948718 0.49410857341891834 96.0 3.6 0.35060763888888896 51.0 2.2857142857142856 0.620160286336757 59.0 4.285714285714286 0.450073372954729 
4.007413770222325 48.0 3.611111111111111 0.6343005952380952 50.0 3.5757575757575757 0.4919992784992786 93.0 3.9047619047619047 0.3054612949774241 51.0 2.2857142857142856 0.620160286336757 52.0 4.266666666666667 0.4697947885447888 
5.007413770222325 47.0 3.611111111111111 0.6282928064842958 46.0 3.611111111111111 0.5717383461948681 70.0 3.7142857142857144 0.49663780663780677 51.0 2.2857142857142856 0.620160286336757 48.0 4.6 0.5239906505531507 
6.007413770222325 47.0 3.611111111111111 0.6282928064842958 43.0 3.6666666666666665 0.5844952850766806 81.0 3.890909090909091 0.373029679511161 51.0 2.2857142857142856 0.620160286336757 45.0 4.6 0.55151595318262 
7.007413770222325 47.0 3.611111111111111 0.6282928064842958 41.0 3.8214285714285716 0.6272348924787949 84.0 3.9272727272727272 0.3834084896584897 51.0 2.2857142857142856 0.620160286336757 43.0 4.6 0.6004236719353 
8.007413770222325 47.0 3.611111111111111 0.6282928064842958 41.0 3.8214285714285716 0.6272348924787949 77.0 3.9450549450549453 0.3637389666610446 51.0 2.2857142857142856 0.620160286336757 43.0 4.6 0.6004236719353 
9.007413770222325 47.0 3.611111111111111 0.6282928064842958 41.0 3.8214285714285716 0.6272348924787949 71.0 3.5641025641025643 0.45239721155214113 51.0 2.2857142857142856 0.620160286336757 43.0 4.6 0.6004236719353 
10.007413770222325 47.0 3.611111111111111 0.6282928064842958 41.0 3.8214285714285716 0.6272348924787949 61.0 3.6 0.4692291770160623 51.0 2.2857142857142856 0.620160286336757 43.0 4.6 0.6004236719353 
11.007413770222325 47.0 3.611111111111111 0.6282928064842958 41.0 3.8214285714285716 0.6272348924787949 59.0 3.488888888888889 0.5086696260425074 51.0 2.2857142857142856 0.620160286336757 43.0 4.6 0.6004236719353 
12.007413770222325 47.0 3.611111111111111 0.6282928064842958 41.0 3.8214285714285716 0.6272348924787949 64.0 3.2222222222222223 0.4108568948412699 51.0 2.2857142857142856 0.620160286336757 43.0 4.6 0.6004236719353 
13.007413770222325 47.0 3.611111111111111 0.6282928064842958 41.0 3.8214285714285716 0.6272348924787949 55.0 2.933333333333333 0.537005772005772 51.0 2.2857142857142856 0.620160286336757 43.0 4.6 0.6004236719353 
14.007413770222325 47.0 3.611111111111111 0.6282928064842958 41.0 3.8214285714285716 0.6272348924787949 57.0 3.0476190476190474 0.4740114174324701 51.0 2.2857142857142856 0.620160286336757 43.0 4.6 0.6004236719353 
15.007413770222325 47.0 3.611111111111111 0.6282928064842958 41.0 3.8214285714285716 0.6272348924787949 52.0 3.3333333333333335 0.5333714896214897 51.0 2.2857142857142856 0.620160286336757 43.0 4.6 0.6004236719353 
16.007413770222325 47.0 3.611111111111111 0.6282928064842958 41.0 3.8214285714285716 0.6272348924787949 50.0 3.142857142857143 0.5823730158730158 51.0 2.2857142857142856 0.620160286336757 43.0 4.6 0.6004236719353 
17.007413770222325 47.0 3.611111111111111 0.6282928064842958 41.0 3.8214285714285716 0.6272348924787949 51.0 3.142857142857143 0.5513460939931528 51.0 2.2857142857142856 0.620160286336757 43.0 4.6 0.6004236719353 
18.007413770222325 47.0 3.611111111111111 0.6282928064842958 41.0 3.8214285714285716 0.6272348924787949 50.0 3.0476190476190474 0.5997063492063492 51.0 2.2857142857142856 0.620160286336757 43.0 4.6 0.6004236719353 
19.007413770222325 47.0 3.611111111111111 0.6282928064842958 41.0 3.8214285714285716 0.6272348924787949 50.0 3.0476190476190474 0.5505396825396827 51.0 2.2857142857142856 0.620160286336757 43.0 4.6 0.6004236719353 
20.007413770222325 47.0 3.611111111111111 0.6282928064842958 41.0 3.8214285714285716 0.6272348924787949 48.0 3.0476190476190474 0.587367724867725 51.0 2.2857142857142856 0.620160286336757 43.0 4.6 0.6004236719353 
21.007413770222325 47.0 3.611111111111111 0.6282928064842958 41.0 3.8214285714285716 0.6272348924787949 48.0 3.0476190476190474 0.5786871693121695 51.0 2.2857142857142856 0.620160286336757 43.0 4.6 0.6004236719353 
22.007413770222325 47.0 3.611111111111111 0.6282928064842958 41.0 3.8214285714285716 0.6272348924787949 48.0 3.0476190476190474 0.5786871693121695 51.0 2.2857142857142856 0.620160286336757 43.0 4.6 0.6004236719353 
23.007413770222325 47.0 3.611111111111111 0.6282928064842958 41.0 3.8214285714285716 0.6272348924787949 48.0 3.0476190476190474 0.5786871693121695 51.0 2.2857142857142856 0.620160286336757 43.0 4.6 0.6004236719353 
24.007413770222325 47.0 3.611111111111111 0.6282928064842958 41.0 3.8214285714285716 0.6272348924787949 48.0 3.0476190476190474 0.5786871693121695 51.0 2.2857142857142856 0.620160286336757 43.0 4.6 0.6004236719353 
25.007413770222325 47.0 3.611111111111111 0.6282928064842958 41.0 3.8214285714285716 0.6272348924787949 48.0 3.0476190476190474 0.5786871693121695 51.0 2.2857142857142856 0.620160286336757 43.0 4.6 0.6004236719353 
26.007413770222325 47.0 3.611111111111111 0.6282928064842958 41.0 3.8214285714285716 0.6272348924787949 48.0 3.0476190476190474 0.5786871693121695 51.0 2.2857142857142856 0.620160286336757 43.0 4.6 0.6004236719353 
27.007413770222325 47.0 3.611111111111111 0.6282928064842958 41.0 3.8214285714285716 0.6272348924787949 48.0 3.0476190476190474 0.5786871693121695 51.0 2.2857142857142856 0.620160286336757 43.0 4.6 0.6004236719353 
28.007413770222325 47.0 3.611111111111111 0.6282928064842958 41.0 3.8214285714285716 0.6272348924787949 48.0 3.0476190476190474 0.5786871693121695 51.0 2.2857142857142856 0.620160286336757 43.0 4.6 0.6004236719353 
29.007413770222325 47.0 3.611111111111111 0.6282928064842958 41.0 3.8214285714285716 0.6272348924787949 48.0 3.0476190476190474 0.5786871693121695 51.0 2.2857142857142856 0.620160286336757 43.0 4.6 0.6004236719353 
30.007413770222325 47.0 3.611111111111111 0.6282928064842958 41.0 3.8214285714285716 0.6272348924787949 48.0 3.0476190476190474 0.5786871693121695 51.0 2.2857142857142856 0.620160286336757 43.0 4.6 0.6004236719353 
31.007413770222325 47.0 3.611111111111111 0.6282928064842958 41.0 3.8214285714285716 0.6272348924787949 48.0 3.0476190476190474 0.5786871693121695 51.0 2.2857142857142856 0.620160286336757 43.0 4.6 0.6004236719353 
32.00741377022233 47.0 3.611111111111111 0.6282928064842958 41.0 3.8214285714285716 0.6272348924787949 48.0 3.0476190476190474 0.5786871693121695 51.0 2.2857142857142856 0.620160286336757 43.0 4.6 0.6004236719353 
33.00741377022233 47.0 3.611111111111111 0.6282928064842958 41.0 3.8214285714285716 0.6272348924787949 48.0 3.0476190476190474 0.5786871693121695 51.0 2.2857142857142856 0.620160286336757 43.0 4.6 0.6004236719353 
34.00741377022233 47.0 3.611111111111111 0.6282928064842958 41.0 3.8214285714285716 0.6272348924787949 48.0 3.0476190476190474 0.5786871693121695 51.0 2.2857142857142856 0.620160286336757 43.0 4.6 0.6004236719353 
35.00741377022233 47.0 3.611111111111111 0.6282928064842958 41.0 3.8214285714285716 0.6272348924787949 48.0 3.0476190476190474 0.5786871693121695 51.0 2.2857142857142856 0.620160286336757 43.0 4.6 0.6004236719353 
36.00741377022233 47.0 3.611111111111111 0.6282928064842958 41.0 3.8214285714285716 0.6272348924787949 48.0 3.0476190476190474 0.5786871693121695 51.0 2.2857142857142856 0.620160286336757 43.0 4.6 0.6004236719353 
#####################################################################
# End of data export. Simulation finished at: 2020-09-16T10:33+0000 #
#####################################################################
