#####################################################################
# Alchemist log file - simulation started at: 2020-09-19T05:00+0000 #
#####################################################################
# seed = 149.0, nodeCount = 800, grain = 4, deploymentType = RandomEuclidean
#
# The columns have the following meaning: 
# time leader-random[CountDistinct] HopCountClusterClosestNeighborDistance[leader-random] HopCountClusterIntraDistance[leader-random] leader-pageRank[CountDistinct] HopCountClusterClosestNeighborDistance[leader-pageRank] HopCountClusterIntraDistance[leader-pageRank] leader-harmonic[CountDistinct] HopCountClusterClosestNeighborDistance[leader-harmonic] HopCountClusterIntraDistance[leader-harmonic] leader-closeness[CountDistinct] HopCountClusterClosestNeighborDistance[leader-closeness] HopCountClusterIntraDistance[leader-closeness] leader-degree[CountDistinct] HopCountClusterClosestNeighborDistance[leader-degree] HopCountClusterIntraDistance[leader-degree] 
0.0 NaN NaN NaN NaN NaN NaN NaN NaN NaN NaN NaN NaN NaN NaN NaN 
1.0000163053906406 91.0 Infinity 0.7797964402490835 339.0 Infinity 0.3837337937285883 544.0 Infinity 0.18574929971988796 39.0 Infinity 1.13261780161997 349.0 Infinity 0.3729807014982707 
2.0000163053906403 18.0 NaN NaN 46.0 Infinity NaN 204.0 Infinity NaN 19.0 NaN NaN 56.0 Infinity NaN 
3.0000163053906403 41.0 Infinity NaN 38.0 NaN NaN 112.0 Infinity NaN 54.0 NaN NaN 38.0 NaN NaN 
4.00001630539064 66.0 NaN NaN 62.0 NaN NaN 109.0 Infinity NaN 64.0 Infinity 0.37548056536361357 28.0 NaN 0.7322986257264829 
5.00001630539064 26.0 NaN NaN 46.0 Infinity NaN 115.0 Infinity NaN 30.0 Infinity 0.9090770623603931 41.0 Infinity NaN 
6.00001630539064 18.0 NaN NaN 15.0 NaN 1.4798145097917113 140.0 Infinity NaN 24.0 NaN NaN 19.0 NaN 1.0927384489443746 
7.00001630539064 14.0 NaN 1.6617789299441548 13.0 NaN 1.5529744723166492 90.0 Infinity NaN 19.0 NaN NaN 12.0 NaN NaN 
8.000016305390641 14.0 NaN 1.6617789299441548 15.0 NaN 1.2792445426744294 41.0 Infinity NaN 18.0 NaN 1.3826015227037936 11.0 NaN 1.6402318191329635 
9.000016305390641 14.0 NaN 1.6617789299441548 14.0 NaN 1.4063334385797457 116.0 Infinity NaN 17.0 NaN 1.552166318156958 11.0 NaN 1.6402318191329635 
10.000016305390641 14.0 NaN 1.6617789299441548 13.0 NaN 1.5273334466756237 80.0 Infinity NaN 16.0 NaN 1.5970933797084346 11.0 NaN 1.6402318191329635 
11.000016305390641 14.0 NaN 1.6617789299441548 13.0 NaN 1.5273334466756237 41.0 NaN NaN 16.0 NaN 1.5970933797084346 11.0 NaN 1.6402318191329635 
12.000016305390641 14.0 NaN 1.6617789299441548 13.0 NaN 1.5273334466756237 70.0 NaN NaN 16.0 NaN 1.5970933797084346 11.0 NaN 1.6402318191329635 
13.000016305390641 14.0 NaN 1.6617789299441548 13.0 NaN 1.5273334466756237 106.0 Infinity NaN 16.0 NaN 1.5970933797084346 11.0 NaN 1.6402318191329635 
14.000016305390641 14.0 NaN 1.6617789299441548 13.0 NaN 1.5273334466756237 38.0 Infinity NaN 16.0 NaN 1.5970933797084346 11.0 NaN 1.6402318191329635 
15.000016305390641 14.0 NaN 1.6617789299441548 13.0 NaN 1.5273334466756237 21.0 NaN NaN 16.0 NaN 1.5970933797084346 11.0 NaN 1.6402318191329635 
16.00001630539064 14.0 NaN 1.6617789299441548 13.0 NaN 1.5273334466756237 51.0 Infinity NaN 16.0 NaN 1.5970933797084346 11.0 NaN 1.6402318191329635 
17.00001630539064 14.0 NaN 1.6617789299441548 13.0 NaN 1.5273334466756237 26.0 NaN 1.1087715212695444 16.0 NaN 1.5970933797084346 11.0 NaN 1.6402318191329635 
18.00001630539064 14.0 NaN 1.6617789299441548 13.0 NaN 1.5273334466756237 19.0 NaN NaN 16.0 NaN 1.5970933797084346 11.0 NaN 1.6402318191329635 
19.00001630539064 14.0 NaN 1.6617789299441548 13.0 NaN 1.5273334466756237 16.0 NaN 1.7701054377492842 16.0 NaN 1.5970933797084346 11.0 NaN 1.6402318191329635 
20.00001630539064 14.0 NaN 1.6617789299441548 13.0 NaN 1.5273334466756237 16.0 NaN 1.7701054377492842 16.0 NaN 1.5970933797084346 11.0 NaN 1.6402318191329635 
21.00001630539064 14.0 NaN 1.6617789299441548 13.0 NaN 1.5273334466756237 16.0 NaN 1.7701054377492842 16.0 NaN 1.5970933797084346 11.0 NaN 1.6402318191329635 
22.00001630539064 14.0 NaN 1.6617789299441548 13.0 NaN 1.5273334466756237 16.0 NaN 1.7701054377492842 16.0 NaN 1.5970933797084346 11.0 NaN 1.6402318191329635 
23.00001630539064 14.0 NaN 1.6617789299441548 13.0 NaN 1.5273334466756237 16.0 NaN 1.7701054377492842 16.0 NaN 1.5970933797084346 11.0 NaN 1.6402318191329635 
24.00001630539064 14.0 NaN 1.6617789299441548 13.0 NaN 1.5273334466756237 16.0 NaN 1.7701054377492842 16.0 NaN 1.5970933797084346 11.0 NaN 1.6402318191329635 
25.00001630539064 14.0 NaN 1.6617789299441548 13.0 NaN 1.5273334466756237 16.0 NaN 1.7701054377492842 16.0 NaN 1.5970933797084346 11.0 NaN 1.6402318191329635 
26.00001630539064 14.0 NaN 1.6617789299441548 13.0 NaN 1.5273334466756237 16.0 NaN 1.7701054377492842 16.0 NaN 1.5970933797084346 11.0 NaN 1.6402318191329635 
27.00001630539064 14.0 NaN 1.6617789299441548 13.0 NaN 1.5273334466756237 16.0 NaN 1.7701054377492842 16.0 NaN 1.5970933797084346 11.0 NaN 1.6402318191329635 
28.00001630539064 14.0 NaN 1.6617789299441548 13.0 NaN 1.5273334466756237 16.0 NaN 1.7701054377492842 16.0 NaN 1.5970933797084346 11.0 NaN 1.6402318191329635 
29.00001630539064 14.0 NaN 1.6617789299441548 13.0 NaN 1.5273334466756237 16.0 NaN 1.7701054377492842 16.0 NaN 1.5970933797084346 11.0 NaN 1.6402318191329635 
30.00001630539064 14.0 NaN 1.6617789299441548 13.0 NaN 1.5273334466756237 16.0 NaN 1.7701054377492842 16.0 NaN 1.5970933797084346 11.0 NaN 1.6402318191329635 
31.00001630539064 14.0 NaN 1.6617789299441548 13.0 NaN 1.5273334466756237 16.0 NaN 1.7701054377492842 16.0 NaN 1.5970933797084346 11.0 NaN 1.6402318191329635 
32.000016305390645 14.0 NaN 1.6617789299441548 13.0 NaN 1.5273334466756237 16.0 NaN 1.7701054377492842 16.0 NaN 1.5970933797084346 11.0 NaN 1.6402318191329635 
33.000016305390645 14.0 NaN 1.6617789299441548 13.0 NaN 1.5273334466756237 16.0 NaN 1.7701054377492842 16.0 NaN 1.5970933797084346 11.0 NaN 1.6402318191329635 
34.000016305390645 14.0 NaN 1.6617789299441548 13.0 NaN 1.5273334466756237 16.0 NaN 1.7701054377492842 16.0 NaN 1.5970933797084346 11.0 NaN 1.6402318191329635 
35.000016305390645 14.0 NaN 1.6617789299441548 13.0 NaN 1.5273334466756237 16.0 NaN 1.7701054377492842 16.0 NaN 1.5970933797084346 11.0 NaN 1.6402318191329635 
36.000016305390645 14.0 NaN 1.6617789299441548 13.0 NaN 1.5273334466756237 16.0 NaN 1.7701054377492842 16.0 NaN 1.5970933797084346 11.0 NaN 1.6402318191329635 
37.000016305390645 14.0 NaN 1.6617789299441548 13.0 NaN 1.5273334466756237 16.0 NaN 1.7701054377492842 16.0 NaN 1.5970933797084346 11.0 NaN 1.6402318191329635 
38.000016305390645 14.0 NaN 1.6617789299441548 13.0 NaN 1.5273334466756237 16.0 NaN 1.7701054377492842 16.0 NaN 1.5970933797084346 11.0 NaN 1.6402318191329635 
39.000016305390645 14.0 NaN 1.6617789299441548 13.0 NaN 1.5273334466756237 16.0 NaN 1.7701054377492842 16.0 NaN 1.5970933797084346 11.0 NaN 1.6402318191329635 
40.000016305390645 14.0 NaN 1.6617789299441548 13.0 NaN 1.5273334466756237 16.0 NaN 1.7701054377492842 16.0 NaN 1.5970933797084346 11.0 NaN 1.6402318191329635 
41.000016305390645 14.0 NaN 1.6617789299441548 13.0 NaN 1.5273334466756237 16.0 NaN 1.7701054377492842 16.0 NaN 1.5970933797084346 11.0 NaN 1.6402318191329635 
42.000016305390645 14.0 NaN 1.6617789299441548 13.0 NaN 1.5273334466756237 16.0 NaN 1.7701054377492842 16.0 NaN 1.5970933797084346 11.0 NaN 1.6402318191329635 
43.000016305390645 14.0 NaN 1.6617789299441548 13.0 NaN 1.5273334466756237 16.0 NaN 1.7701054377492842 16.0 NaN 1.5970933797084346 11.0 NaN 1.6402318191329635 
44.000016305390645 14.0 NaN 1.6617789299441548 13.0 NaN 1.5273334466756237 16.0 NaN 1.7701054377492842 16.0 NaN 1.5970933797084346 11.0 NaN 1.6402318191329635 
45.000016305390645 14.0 NaN 1.6617789299441548 13.0 NaN 1.5273334466756237 16.0 NaN 1.7701054377492842 16.0 NaN 1.5970933797084346 11.0 NaN 1.6402318191329635 
46.000016305390645 14.0 NaN 1.6617789299441548 13.0 NaN 1.5273334466756237 16.0 NaN 1.7701054377492842 16.0 NaN 1.5970933797084346 11.0 NaN 1.6402318191329635 
47.000016305390645 14.0 NaN 1.6617789299441548 13.0 NaN 1.5273334466756237 16.0 NaN 1.7701054377492842 16.0 NaN 1.5970933797084346 11.0 NaN 1.6402318191329635 
48.000016305390645 14.0 NaN 1.6617789299441548 13.0 NaN 1.5273334466756237 16.0 NaN 1.7701054377492842 16.0 NaN 1.5970933797084346 11.0 NaN 1.6402318191329635 
49.000016305390645 14.0 NaN 1.6617789299441548 13.0 NaN 1.5273334466756237 16.0 NaN 1.7701054377492842 16.0 NaN 1.5970933797084346 11.0 NaN 1.6402318191329635 
50.000016305390645 14.0 NaN 1.6617789299441548 13.0 NaN 1.5273334466756237 16.0 NaN 1.7701054377492842 16.0 NaN 1.5970933797084346 11.0 NaN 1.6402318191329635 
51.000016305390645 14.0 NaN 1.6617789299441548 13.0 NaN 1.5273334466756237 16.0 NaN 1.7701054377492842 16.0 NaN 1.5970933797084346 11.0 NaN 1.6402318191329635 
#####################################################################
# End of data export. Simulation finished at: 2020-09-19T06:17+0000 #
#####################################################################
