#####################################################################
# Alchemist log file - simulation started at: 2020-09-15T19:52+0000 #
#####################################################################
# seed = 106.0, nodeCount = 400, grain = 4, deploymentType = RandomEuclidean
#
# The columns have the following meaning: 
# time leader-random[CountDistinct] HopCountClusterClosestNeighborDistance[leader-random] HopCountClusterIntraDistance[leader-random] leader-pageRank[CountDistinct] HopCountClusterClosestNeighborDistance[leader-pageRank] HopCountClusterIntraDistance[leader-pageRank] leader-harmonic[CountDistinct] HopCountClusterClosestNeighborDistance[leader-harmonic] HopCountClusterIntraDistance[leader-harmonic] leader-closeness[CountDistinct] HopCountClusterClosestNeighborDistance[leader-closeness] HopCountClusterIntraDistance[leader-closeness] leader-degree[CountDistinct] HopCountClusterClosestNeighborDistance[leader-degree] HopCountClusterIntraDistance[leader-degree] 
0.0 NaN NaN NaN NaN NaN NaN NaN NaN NaN NaN NaN NaN NaN NaN NaN 
1.001937031555596 83.0 4.5 0.6702946828744134 259.0 3.6 0.20416227916227914 331.0 3.4853801169590644 0.09365558912386707 35.0 4.666666666666667 1.0773154650423489 258.0 3.6 0.2153423772609819 
2.001937031555596 23.0 NaN NaN 53.0 4.666666666666667 NaN 151.0 4.055555555555555 NaN 22.0 NaN NaN 57.0 4.0 NaN 
3.001937031555596 24.0 NaN NaN 24.0 NaN NaN 104.0 3.6666666666666665 NaN 50.0 2.0 NaN 27.0 3.3333333333333335 NaN 
4.001937031555596 79.0 2.6666666666666665 NaN 49.0 7.0 NaN 80.0 3.3333333333333335 NaN 46.0 NaN 0.6254908464995333 39.0 NaN NaN 
5.001937031555596 33.0 4.0 0.7290603400710752 63.0 NaN 0.32522635954966783 51.0 NaN NaN 27.0 NaN NaN 73.0 3.0 0.25621314699901576 
6.001937031555596 18.0 NaN NaN 17.0 NaN NaN 60.0 6.0 NaN 26.0 NaN NaN 63.0 3.0 NaN 
7.001937031555596 15.0 NaN 1.5503491859235903 17.0 NaN NaN 90.0 3.2 NaN 21.0 NaN 1.3477541342073363 31.0 NaN NaN 
8.001937031555595 18.0 NaN 1.3128249197166335 21.0 NaN 0.8478562828640228 44.0 1.0 NaN 19.0 NaN 1.5027808851765294 26.0 NaN NaN 
9.001937031555595 17.0 NaN 1.3326216305873408 17.0 NaN 1.1143453428843157 19.0 NaN NaN 19.0 NaN 1.5027808851765294 21.0 NaN 1.0098711189124725 
10.001937031555595 15.0 NaN 1.5936378479989863 13.0 NaN 1.4579839587656926 40.0 6.0 NaN 19.0 NaN 1.5027808851765294 21.0 NaN 1.0197917538331072 
11.001937031555595 15.0 NaN 1.5269711813323197 13.0 NaN 1.467477243258977 68.0 3.0 0.3025197201060744 19.0 NaN 1.5027808851765294 17.0 NaN 1.1991101683671341 
12.001937031555595 15.0 NaN 1.5269711813323197 13.0 NaN 1.467477243258977 64.0 3.6 0.41052897179259823 19.0 NaN 1.5027808851765294 16.0 NaN 1.284471220556747 
13.001937031555595 15.0 NaN 1.5269711813323197 13.0 NaN 1.467477243258977 22.0 NaN NaN 19.0 NaN 1.5027808851765294 16.0 NaN 1.284471220556747 
14.001937031555595 15.0 NaN 1.5269711813323197 13.0 NaN 1.467477243258977 18.0 NaN NaN 19.0 NaN 1.5027808851765294 16.0 NaN 1.284471220556747 
15.001937031555595 15.0 NaN 1.5269711813323197 13.0 NaN 1.467477243258977 20.0 NaN NaN 19.0 NaN 1.5027808851765294 16.0 NaN 1.284471220556747 
16.001937031555595 15.0 NaN 1.5269711813323197 13.0 NaN 1.467477243258977 18.0 NaN 1.2002292390872127 19.0 NaN 1.5027808851765294 16.0 NaN 1.284471220556747 
17.001937031555595 15.0 NaN 1.5269711813323197 13.0 NaN 1.467477243258977 17.0 NaN 1.2982819394256762 19.0 NaN 1.5027808851765294 16.0 NaN 1.284471220556747 
18.001937031555595 15.0 NaN 1.5269711813323197 13.0 NaN 1.467477243258977 17.0 NaN 1.2544910897524735 19.0 NaN 1.5027808851765294 16.0 NaN 1.284471220556747 
19.001937031555595 15.0 NaN 1.5269711813323197 13.0 NaN 1.467477243258977 17.0 NaN 1.2544910897524735 19.0 NaN 1.5027808851765294 16.0 NaN 1.284471220556747 
20.001937031555595 15.0 NaN 1.5269711813323197 13.0 NaN 1.467477243258977 17.0 NaN 1.2544910897524735 19.0 NaN 1.5027808851765294 16.0 NaN 1.284471220556747 
21.001937031555595 15.0 NaN 1.5269711813323197 13.0 NaN 1.467477243258977 17.0 NaN 1.2544910897524735 19.0 NaN 1.5027808851765294 16.0 NaN 1.284471220556747 
22.001937031555595 15.0 NaN 1.5269711813323197 13.0 NaN 1.467477243258977 17.0 NaN 1.2544910897524735 19.0 NaN 1.5027808851765294 16.0 NaN 1.284471220556747 
23.001937031555595 15.0 NaN 1.5269711813323197 13.0 NaN 1.467477243258977 17.0 NaN 1.2544910897524735 19.0 NaN 1.5027808851765294 16.0 NaN 1.284471220556747 
24.001937031555595 15.0 NaN 1.5269711813323197 13.0 NaN 1.467477243258977 17.0 NaN 1.2544910897524735 19.0 NaN 1.5027808851765294 16.0 NaN 1.284471220556747 
25.001937031555595 15.0 NaN 1.5269711813323197 13.0 NaN 1.467477243258977 17.0 NaN 1.2544910897524735 19.0 NaN 1.5027808851765294 16.0 NaN 1.284471220556747 
26.001937031555595 15.0 NaN 1.5269711813323197 13.0 NaN 1.467477243258977 17.0 NaN 1.2544910897524735 19.0 NaN 1.5027808851765294 16.0 NaN 1.284471220556747 
27.001937031555595 15.0 NaN 1.5269711813323197 13.0 NaN 1.467477243258977 17.0 NaN 1.2544910897524735 19.0 NaN 1.5027808851765294 16.0 NaN 1.284471220556747 
28.001937031555595 15.0 NaN 1.5269711813323197 13.0 NaN 1.467477243258977 17.0 NaN 1.2544910897524735 19.0 NaN 1.5027808851765294 16.0 NaN 1.284471220556747 
29.001937031555595 15.0 NaN 1.5269711813323197 13.0 NaN 1.467477243258977 17.0 NaN 1.2544910897524735 19.0 NaN 1.5027808851765294 16.0 NaN 1.284471220556747 
30.001937031555595 15.0 NaN 1.5269711813323197 13.0 NaN 1.467477243258977 17.0 NaN 1.2544910897524735 19.0 NaN 1.5027808851765294 16.0 NaN 1.284471220556747 
31.001937031555595 15.0 NaN 1.5269711813323197 13.0 NaN 1.467477243258977 17.0 NaN 1.2544910897524735 19.0 NaN 1.5027808851765294 16.0 NaN 1.284471220556747 
32.0019370315556 15.0 NaN 1.5269711813323197 13.0 NaN 1.467477243258977 17.0 NaN 1.2544910897524735 19.0 NaN 1.5027808851765294 16.0 NaN 1.284471220556747 
33.0019370315556 15.0 NaN 1.5269711813323197 13.0 NaN 1.467477243258977 17.0 NaN 1.2544910897524735 19.0 NaN 1.5027808851765294 16.0 NaN 1.284471220556747 
34.0019370315556 15.0 NaN 1.5269711813323197 13.0 NaN 1.467477243258977 17.0 NaN 1.2544910897524735 19.0 NaN 1.5027808851765294 16.0 NaN 1.284471220556747 
35.0019370315556 15.0 NaN 1.5269711813323197 13.0 NaN 1.467477243258977 17.0 NaN 1.2544910897524735 19.0 NaN 1.5027808851765294 16.0 NaN 1.284471220556747 
36.0019370315556 15.0 NaN 1.5269711813323197 13.0 NaN 1.467477243258977 17.0 NaN 1.2544910897524735 19.0 NaN 1.5027808851765294 16.0 NaN 1.284471220556747 
37.0019370315556 15.0 NaN 1.5269711813323197 13.0 NaN 1.467477243258977 17.0 NaN 1.2544910897524735 19.0 NaN 1.5027808851765294 16.0 NaN 1.284471220556747 
38.0019370315556 15.0 NaN 1.5269711813323197 13.0 NaN 1.467477243258977 17.0 NaN 1.2544910897524735 19.0 NaN 1.5027808851765294 16.0 NaN 1.284471220556747 
39.0019370315556 15.0 NaN 1.5269711813323197 13.0 NaN 1.467477243258977 17.0 NaN 1.2544910897524735 19.0 NaN 1.5027808851765294 16.0 NaN 1.284471220556747 
40.0019370315556 15.0 NaN 1.5269711813323197 13.0 NaN 1.467477243258977 17.0 NaN 1.2544910897524735 19.0 NaN 1.5027808851765294 16.0 NaN 1.284471220556747 
41.0019370315556 15.0 NaN 1.5269711813323197 13.0 NaN 1.467477243258977 17.0 NaN 1.2544910897524735 19.0 NaN 1.5027808851765294 16.0 NaN 1.284471220556747 
42.0019370315556 15.0 NaN 1.5269711813323197 13.0 NaN 1.467477243258977 17.0 NaN 1.2544910897524735 19.0 NaN 1.5027808851765294 16.0 NaN 1.284471220556747 
43.0019370315556 15.0 NaN 1.5269711813323197 13.0 NaN 1.467477243258977 17.0 NaN 1.2544910897524735 19.0 NaN 1.5027808851765294 16.0 NaN 1.284471220556747 
44.0019370315556 15.0 NaN 1.5269711813323197 13.0 NaN 1.467477243258977 17.0 NaN 1.2544910897524735 19.0 NaN 1.5027808851765294 16.0 NaN 1.284471220556747 
45.0019370315556 15.0 NaN 1.5269711813323197 13.0 NaN 1.467477243258977 17.0 NaN 1.2544910897524735 19.0 NaN 1.5027808851765294 16.0 NaN 1.284471220556747 
#####################################################################
# End of data export. Simulation finished at: 2020-09-15T20:04+0000 #
#####################################################################
