#####################################################################
# Alchemist log file - simulation started at: 2020-09-17T15:53+0000 #
#####################################################################
# seed = 79.0, nodeCount = 400, grain = 5, deploymentType = BarabasiAlbert
#
# The columns have the following meaning: 
# time leader-random[CountDistinct] HopCountClusterClosestNeighborDistance[leader-random] HopCountClusterIntraDistance[leader-random] leader-pageRank[CountDistinct] HopCountClusterClosestNeighborDistance[leader-pageRank] HopCountClusterIntraDistance[leader-pageRank] leader-harmonic[CountDistinct] HopCountClusterClosestNeighborDistance[leader-harmonic] HopCountClusterIntraDistance[leader-harmonic] leader-closeness[CountDistinct] HopCountClusterClosestNeighborDistance[leader-closeness] HopCountClusterIntraDistance[leader-closeness] leader-degree[CountDistinct] HopCountClusterClosestNeighborDistance[leader-degree] HopCountClusterIntraDistance[leader-degree] 
0.0 NaN NaN NaN NaN NaN NaN NaN NaN NaN NaN NaN NaN NaN NaN NaN 
1.0007808526392359 191.0 Infinity 0.259513418824141 243.0 Infinity 0.0819026406618218 269.0 Infinity 0.0812460691985247 137.0 Infinity 0.4221257705247514 234.0 Infinity 0.09545053711720379 
2.000780852639236 74.0 NaN NaN 49.0 Infinity 0.8644355255549733 76.0 Infinity 0.7016484959080787 87.0 NaN NaN 46.0 Infinity 0.9000858561728127 
3.000780852639236 80.0 NaN NaN 15.0 Infinity NaN 24.0 Infinity NaN 148.0 NaN NaN 16.0 Infinity NaN 
4.000780852639236 125.0 NaN NaN 7.0 1.0 NaN 16.0 Infinity NaN 156.0 Infinity NaN 7.0 1.0 NaN 
5.000780852639236 148.0 NaN 0.1008866399150242 6.0 NaN 0.4377104377104377 7.0 1.0 NaN 141.0 1.0 NaN 6.0 NaN 0.4377104377104377 
6.000780852639236 114.0 NaN 0.2377007839832478 6.0 NaN 0.4377104377104377 6.0 NaN 0.4377104377104377 133.0 1.0 NaN 6.0 NaN 0.4377104377104377 
7.000780852639236 104.0 NaN NaN 6.0 NaN 0.4377104377104377 6.0 NaN 0.4377104377104377 130.0 1.0 0.3149936969842251 6.0 NaN 0.4377104377104377 
8.000780852639236 102.0 NaN 0.27012792259067625 6.0 NaN 0.4377104377104377 6.0 NaN 0.4377104377104377 130.0 1.0 0.3149936969842251 6.0 NaN 0.4377104377104377 
9.000780852639236 102.0 NaN 0.27012792259067625 6.0 NaN 0.4377104377104377 6.0 NaN 0.4377104377104377 130.0 1.0 0.3149936969842251 6.0 NaN 0.4377104377104377 
10.000780852639236 102.0 NaN 0.27012792259067625 6.0 NaN 0.4377104377104377 6.0 NaN 0.4377104377104377 130.0 1.0 0.3149936969842251 6.0 NaN 0.4377104377104377 
11.000780852639236 102.0 NaN 0.27012792259067625 6.0 NaN 0.4377104377104377 6.0 NaN 0.4377104377104377 130.0 1.0 0.3149936969842251 6.0 NaN 0.4377104377104377 
12.000780852639236 102.0 NaN 0.27012792259067625 6.0 NaN 0.4377104377104377 6.0 NaN 0.4377104377104377 130.0 1.0 0.3149936969842251 6.0 NaN 0.4377104377104377 
13.000780852639236 102.0 NaN 0.27012792259067625 6.0 NaN 0.4377104377104377 6.0 NaN 0.4377104377104377 130.0 1.0 0.3149936969842251 6.0 NaN 0.4377104377104377 
14.000780852639236 102.0 NaN 0.27012792259067625 6.0 NaN 0.4377104377104377 6.0 NaN 0.4377104377104377 130.0 1.0 0.3149936969842251 6.0 NaN 0.4377104377104377 
15.000780852639236 102.0 NaN 0.27012792259067625 6.0 NaN 0.4377104377104377 6.0 NaN 0.4377104377104377 130.0 1.0 0.3149936969842251 6.0 NaN 0.4377104377104377 
16.000780852639238 102.0 NaN 0.27012792259067625 6.0 NaN 0.4377104377104377 6.0 NaN 0.4377104377104377 130.0 1.0 0.3149936969842251 6.0 NaN 0.4377104377104377 
17.000780852639238 102.0 NaN 0.27012792259067625 6.0 NaN 0.4377104377104377 6.0 NaN 0.4377104377104377 130.0 1.0 0.3149936969842251 6.0 NaN 0.4377104377104377 
18.000780852639238 102.0 NaN 0.27012792259067625 6.0 NaN 0.4377104377104377 6.0 NaN 0.4377104377104377 130.0 1.0 0.3149936969842251 6.0 NaN 0.4377104377104377 
19.000780852639238 102.0 NaN 0.27012792259067625 6.0 NaN 0.4377104377104377 6.0 NaN 0.4377104377104377 130.0 1.0 0.3149936969842251 6.0 NaN 0.4377104377104377 
20.000780852639238 102.0 NaN 0.27012792259067625 6.0 NaN 0.4377104377104377 6.0 NaN 0.4377104377104377 130.0 1.0 0.3149936969842251 6.0 NaN 0.4377104377104377 
21.000780852639238 102.0 NaN 0.27012792259067625 6.0 NaN 0.4377104377104377 6.0 NaN 0.4377104377104377 130.0 1.0 0.3149936969842251 6.0 NaN 0.4377104377104377 
22.000780852639238 102.0 NaN 0.27012792259067625 6.0 NaN 0.4377104377104377 6.0 NaN 0.4377104377104377 130.0 1.0 0.3149936969842251 6.0 NaN 0.4377104377104377 
23.000780852639238 102.0 NaN 0.27012792259067625 6.0 NaN 0.4377104377104377 6.0 NaN 0.4377104377104377 130.0 1.0 0.3149936969842251 6.0 NaN 0.4377104377104377 
24.000780852639238 102.0 NaN 0.27012792259067625 6.0 NaN 0.4377104377104377 6.0 NaN 0.4377104377104377 130.0 1.0 0.3149936969842251 6.0 NaN 0.4377104377104377 
25.000780852639238 102.0 NaN 0.27012792259067625 6.0 NaN 0.4377104377104377 6.0 NaN 0.4377104377104377 130.0 1.0 0.3149936969842251 6.0 NaN 0.4377104377104377 
26.000780852639238 102.0 NaN 0.27012792259067625 6.0 NaN 0.4377104377104377 6.0 NaN 0.4377104377104377 130.0 1.0 0.3149936969842251 6.0 NaN 0.4377104377104377 
27.000780852639238 102.0 NaN 0.27012792259067625 6.0 NaN 0.4377104377104377 6.0 NaN 0.4377104377104377 130.0 1.0 0.3149936969842251 6.0 NaN 0.4377104377104377 
28.000780852639238 102.0 NaN 0.27012792259067625 6.0 NaN 0.4377104377104377 6.0 NaN 0.4377104377104377 130.0 1.0 0.3149936969842251 6.0 NaN 0.4377104377104377 
29.000780852639238 102.0 NaN 0.27012792259067625 6.0 NaN 0.4377104377104377 6.0 NaN 0.4377104377104377 130.0 1.0 0.3149936969842251 6.0 NaN 0.4377104377104377 
30.000780852639238 102.0 NaN 0.27012792259067625 6.0 NaN 0.4377104377104377 6.0 NaN 0.4377104377104377 130.0 1.0 0.3149936969842251 6.0 NaN 0.4377104377104377 
31.000780852639238 102.0 NaN 0.27012792259067625 6.0 NaN 0.4377104377104377 6.0 NaN 0.4377104377104377 130.0 1.0 0.3149936969842251 6.0 NaN 0.4377104377104377 
32.00078085263924 102.0 NaN 0.27012792259067625 6.0 NaN 0.4377104377104377 6.0 NaN 0.4377104377104377 130.0 1.0 0.3149936969842251 6.0 NaN 0.4377104377104377 
33.00078085263924 102.0 NaN 0.27012792259067625 6.0 NaN 0.4377104377104377 6.0 NaN 0.4377104377104377 130.0 1.0 0.3149936969842251 6.0 NaN 0.4377104377104377 
34.00078085263924 102.0 NaN 0.27012792259067625 6.0 NaN 0.4377104377104377 6.0 NaN 0.4377104377104377 130.0 1.0 0.3149936969842251 6.0 NaN 0.4377104377104377 
35.00078085263924 102.0 NaN 0.27012792259067625 6.0 NaN 0.4377104377104377 6.0 NaN 0.4377104377104377 130.0 1.0 0.3149936969842251 6.0 NaN 0.4377104377104377 
#####################################################################
# End of data export. Simulation finished at: 2020-09-17T20:35+0000 #
#####################################################################
