#####################################################################
# Alchemist log file - simulation started at: 2020-09-15T17:56+0000 #
#####################################################################
# seed = 1.0, nodeCount = 100, grain = 5, deploymentType = Lobster
#
# The columns have the following meaning: 
# time leader-random[CountDistinct] HopCountClusterClosestNeighborDistance[leader-random] HopCountClusterIntraDistance[leader-random] leader-pageRank[CountDistinct] HopCountClusterClosestNeighborDistance[leader-pageRank] HopCountClusterIntraDistance[leader-pageRank] leader-harmonic[CountDistinct] HopCountClusterClosestNeighborDistance[leader-harmonic] HopCountClusterIntraDistance[leader-harmonic] leader-closeness[CountDistinct] HopCountClusterClosestNeighborDistance[leader-closeness] HopCountClusterIntraDistance[leader-closeness] leader-degree[CountDistinct] HopCountClusterClosestNeighborDistance[leader-degree] HopCountClusterIntraDistance[leader-degree] 
0.0 NaN NaN NaN NaN NaN NaN NaN NaN NaN NaN NaN NaN NaN NaN NaN 
1.0048855897957667 60.0 4.072727272727272 0.23265873015873015 85.0 3.4842105263157896 0.05352941176470588 91.0 3.58008658008658 0.03388278388278388 47.0 4.476190476190476 0.42836879432624114 84.0 3.426900584795322 0.060119047619047614 
2.0048855897957667 19.0 4.0 NaN 23.0 2.8363636363636364 0.8563151682077512 24.0 2.621212121212121 0.86968954248366 24.0 2.0 0.3174428104575164 23.0 2.8363636363636364 0.8563151682077512 
3.0048855897957667 29.0 5.833333333333333 NaN 7.0 2.0 1.310858585858586 6.0 1.3333333333333333 1.5137320788530466 23.0 4.357142857142857 0.2807971014492754 6.0 2.0 1.4321127946127945 
4.004885589795767 57.0 5.266666666666667 NaN 3.0 2.0 1.903787878787879 3.0 1.3333333333333333 NaN 23.0 4.357142857142857 0.2838085827216262 3.0 2.0 NaN 
5.004885589795767 47.0 5.833333333333333 0.19228346887921358 3.0 2.0 1.9811688311688311 5.0 1.3333333333333333 NaN 22.0 4.357142857142857 0.3194362455726092 14.0 3.2 NaN 
6.004885589795767 38.0 5.833333333333333 0.2933380749170223 3.0 2.0 NaN 12.0 1.0 NaN 22.0 4.357142857142857 0.3194362455726092 41.0 4.0 0.06991869918699187 
7.004885589795767 38.0 5.833333333333333 0.2933380749170223 7.0 2.0 NaN 13.0 NaN 0.1993006993006993 22.0 4.357142857142857 0.3194362455726092 32.0 4.0 0.2328125 
8.004885589795766 38.0 5.833333333333333 0.2933380749170223 23.0 2.0 NaN 11.0 NaN 0.29614325068870523 22.0 4.357142857142857 0.3194362455726092 27.0 4.0 0.1895061728395062 
9.004885589795766 38.0 5.833333333333333 0.2933380749170223 19.0 2.0 NaN 10.0 NaN 0.3340909090909091 22.0 4.357142857142857 0.3194362455726092 27.0 4.0 0.1895061728395062 
10.004885589795766 38.0 5.833333333333333 0.2933380749170223 20.0 NaN 0.2769144144144144 10.0 NaN 0.3340909090909091 22.0 4.357142857142857 0.3194362455726092 27.0 4.0 0.1895061728395062 
11.004885589795766 38.0 5.833333333333333 0.2933380749170223 18.0 NaN 0.3447197197197197 10.0 NaN 0.3340909090909091 22.0 4.357142857142857 0.3194362455726092 27.0 4.0 0.1895061728395062 
12.004885589795766 38.0 5.833333333333333 0.2933380749170223 17.0 NaN 0.36989931107578167 10.0 NaN 0.3340909090909091 22.0 4.357142857142857 0.3194362455726092 27.0 4.0 0.1895061728395062 
13.004885589795766 38.0 5.833333333333333 0.2933380749170223 17.0 NaN 0.36989931107578167 10.0 NaN 0.3340909090909091 22.0 4.357142857142857 0.3194362455726092 27.0 4.0 0.1895061728395062 
14.004885589795766 38.0 5.833333333333333 0.2933380749170223 17.0 NaN 0.36989931107578167 10.0 NaN 0.3340909090909091 22.0 4.357142857142857 0.3194362455726092 27.0 4.0 0.1895061728395062 
15.004885589795766 38.0 5.833333333333333 0.2933380749170223 17.0 NaN 0.36989931107578167 10.0 NaN 0.3340909090909091 22.0 4.357142857142857 0.3194362455726092 27.0 4.0 0.1895061728395062 
16.004885589795766 38.0 5.833333333333333 0.2933380749170223 17.0 NaN 0.36989931107578167 10.0 NaN 0.3340909090909091 22.0 4.357142857142857 0.3194362455726092 27.0 4.0 0.1895061728395062 
17.004885589795766 38.0 5.833333333333333 0.2933380749170223 17.0 NaN 0.36989931107578167 10.0 NaN 0.3340909090909091 22.0 4.357142857142857 0.3194362455726092 27.0 4.0 0.1895061728395062 
18.004885589795766 38.0 5.833333333333333 0.2933380749170223 17.0 NaN 0.36989931107578167 10.0 NaN 0.3340909090909091 22.0 4.357142857142857 0.3194362455726092 27.0 4.0 0.1895061728395062 
19.004885589795766 38.0 5.833333333333333 0.2933380749170223 17.0 NaN 0.36989931107578167 10.0 NaN 0.3340909090909091 22.0 4.357142857142857 0.3194362455726092 27.0 4.0 0.1895061728395062 
20.004885589795766 38.0 5.833333333333333 0.2933380749170223 17.0 NaN 0.36989931107578167 10.0 NaN 0.3340909090909091 22.0 4.357142857142857 0.3194362455726092 27.0 4.0 0.1895061728395062 
21.004885589795766 38.0 5.833333333333333 0.2933380749170223 17.0 NaN 0.36989931107578167 10.0 NaN 0.3340909090909091 22.0 4.357142857142857 0.3194362455726092 27.0 4.0 0.1895061728395062 
22.004885589795766 38.0 5.833333333333333 0.2933380749170223 17.0 NaN 0.36989931107578167 10.0 NaN 0.3340909090909091 22.0 4.357142857142857 0.3194362455726092 27.0 4.0 0.1895061728395062 
23.004885589795766 38.0 5.833333333333333 0.2933380749170223 17.0 NaN 0.36989931107578167 10.0 NaN 0.3340909090909091 22.0 4.357142857142857 0.3194362455726092 27.0 4.0 0.1895061728395062 
24.004885589795766 38.0 5.833333333333333 0.2933380749170223 17.0 NaN 0.36989931107578167 10.0 NaN 0.3340909090909091 22.0 4.357142857142857 0.3194362455726092 27.0 4.0 0.1895061728395062 
25.004885589795766 38.0 5.833333333333333 0.2933380749170223 17.0 NaN 0.36989931107578167 10.0 NaN 0.3340909090909091 22.0 4.357142857142857 0.3194362455726092 27.0 4.0 0.1895061728395062 
26.004885589795766 38.0 5.833333333333333 0.2933380749170223 17.0 NaN 0.36989931107578167 10.0 NaN 0.3340909090909091 22.0 4.357142857142857 0.3194362455726092 27.0 4.0 0.1895061728395062 
27.004885589795766 38.0 5.833333333333333 0.2933380749170223 17.0 NaN 0.36989931107578167 10.0 NaN 0.3340909090909091 22.0 4.357142857142857 0.3194362455726092 27.0 4.0 0.1895061728395062 
28.004885589795766 38.0 5.833333333333333 0.2933380749170223 17.0 NaN 0.36989931107578167 10.0 NaN 0.3340909090909091 22.0 4.357142857142857 0.3194362455726092 27.0 4.0 0.1895061728395062 
29.004885589795766 38.0 5.833333333333333 0.2933380749170223 17.0 NaN 0.36989931107578167 10.0 NaN 0.3340909090909091 22.0 4.357142857142857 0.3194362455726092 27.0 4.0 0.1895061728395062 
30.004885589795766 38.0 5.833333333333333 0.2933380749170223 17.0 NaN 0.36989931107578167 10.0 NaN 0.3340909090909091 22.0 4.357142857142857 0.3194362455726092 27.0 4.0 0.1895061728395062 
31.004885589795766 38.0 5.833333333333333 0.2933380749170223 17.0 NaN 0.36989931107578167 10.0 NaN 0.3340909090909091 22.0 4.357142857142857 0.3194362455726092 27.0 4.0 0.1895061728395062 
32.00488558979576 38.0 5.833333333333333 0.2933380749170223 17.0 NaN 0.36989931107578167 10.0 NaN 0.3340909090909091 22.0 4.357142857142857 0.3194362455726092 27.0 4.0 0.1895061728395062 
33.00488558979576 38.0 5.833333333333333 0.2933380749170223 17.0 NaN 0.36989931107578167 10.0 NaN 0.3340909090909091 22.0 4.357142857142857 0.3194362455726092 27.0 4.0 0.1895061728395062 
34.00488558979576 38.0 5.833333333333333 0.2933380749170223 17.0 NaN 0.36989931107578167 10.0 NaN 0.3340909090909091 22.0 4.357142857142857 0.3194362455726092 27.0 4.0 0.1895061728395062 
#####################################################################
# End of data export. Simulation finished at: 2020-09-15T17:58+0000 #
#####################################################################
