#####################################################################
# Alchemist log file - simulation started at: 2020-09-16T23:15+0000 #
#####################################################################
# seed = 74.0, nodeCount = 100, grain = 6, deploymentType = Lobster
#
# The columns have the following meaning: 
# time leader-random[CountDistinct] HopCountClusterClosestNeighborDistance[leader-random] HopCountClusterIntraDistance[leader-random] leader-pageRank[CountDistinct] HopCountClusterClosestNeighborDistance[leader-pageRank] HopCountClusterIntraDistance[leader-pageRank] leader-harmonic[CountDistinct] HopCountClusterClosestNeighborDistance[leader-harmonic] HopCountClusterIntraDistance[leader-harmonic] leader-closeness[CountDistinct] HopCountClusterClosestNeighborDistance[leader-closeness] HopCountClusterIntraDistance[leader-closeness] leader-degree[CountDistinct] HopCountClusterClosestNeighborDistance[leader-degree] HopCountClusterIntraDistance[leader-degree] 
0.0 NaN NaN NaN NaN NaN NaN NaN NaN NaN NaN NaN NaN NaN NaN NaN 
1.0120315528542485 59.0 Infinity 0.2168079096045198 85.0 Infinity 0.04341736694677872 92.0 Infinity 0.025362318840579712 38.0 Infinity 0.5416947818263608 82.0 Infinity 0.05598141695702671 
2.0120315528542485 15.0 Infinity NaN 29.0 Infinity 0.803947728516694 29.0 Infinity 0.7784414340448823 18.0 NaN NaN 24.0 Infinity 0.9308633496133497 
3.0120315528542485 18.0 Infinity 0.5828222703222703 11.0 Infinity NaN 11.0 Infinity NaN 7.0 NaN NaN 6.0 Infinity NaN 
4.012031552854248 28.0 Infinity NaN 7.0 Infinity NaN 6.0 Infinity NaN 18.0 Infinity 0.47444800569800566 7.0 Infinity NaN 
5.012031552854248 18.0 Infinity 0.8114316239316239 11.0 Infinity 0.535412567230749 5.0 Infinity NaN 17.0 Infinity 0.6214043309631545 16.0 Infinity NaN 
6.012031552854248 16.0 NaN 0.9248397435897435 10.0 Infinity 0.6389538239538239 5.0 Infinity NaN 9.0 Infinity 1.3402540360873694 15.0 NaN 0.2641231593038822 
7.012031552854248 12.0 NaN 1.3442307692307691 10.0 Infinity 0.6389538239538239 5.0 Infinity NaN 9.0 Infinity 1.3402540360873694 11.0 NaN 0.4965315808689303 
8.012031552854248 12.0 NaN 1.3442307692307691 10.0 Infinity 0.6389538239538239 5.0 NaN 0.6104166666666667 9.0 Infinity 1.3402540360873694 11.0 NaN 0.4965315808689303 
9.012031552854248 12.0 NaN 1.3442307692307691 10.0 Infinity 0.6389538239538239 4.0 NaN 1.1380208333333335 9.0 Infinity 1.3402540360873694 11.0 NaN 0.4965315808689303 
10.012031552854248 12.0 NaN 1.3442307692307691 10.0 Infinity 0.6322222222222222 3.0 NaN 1.3506944444444446 9.0 Infinity 1.3402540360873694 11.0 NaN 0.4965315808689303 
11.012031552854248 12.0 NaN 1.3442307692307691 10.0 Infinity 0.6415602013162989 3.0 NaN 1.3506944444444446 9.0 Infinity 1.3402540360873694 11.0 NaN 0.4965315808689303 
12.012031552854248 12.0 NaN 1.3442307692307691 10.0 Infinity 0.6415602013162989 3.0 NaN 1.3506944444444446 9.0 Infinity 1.3402540360873694 11.0 NaN 0.4965315808689303 
13.012031552854248 12.0 NaN 1.3442307692307691 10.0 Infinity 0.6415602013162989 3.0 NaN 1.3506944444444446 9.0 Infinity 1.3402540360873694 11.0 NaN 0.4965315808689303 
14.012031552854248 12.0 NaN 1.3442307692307691 10.0 Infinity 0.6415602013162989 3.0 NaN 1.3506944444444446 9.0 Infinity 1.3402540360873694 11.0 NaN 0.4965315808689303 
15.012031552854248 12.0 NaN 1.3442307692307691 10.0 Infinity 0.6415602013162989 3.0 NaN 1.3506944444444446 9.0 Infinity 1.3402540360873694 11.0 NaN 0.4965315808689303 
16.012031552854246 12.0 NaN 1.3442307692307691 10.0 Infinity 0.43968253968253973 3.0 NaN 1.3506944444444446 9.0 Infinity 1.3402540360873694 11.0 NaN 0.4965315808689303 
17.012031552854246 12.0 NaN 1.3442307692307691 10.0 Infinity 0.5433333333333333 3.0 NaN 1.3506944444444446 9.0 Infinity 1.3402540360873694 11.0 NaN 0.4965315808689303 
18.012031552854246 12.0 NaN 1.3442307692307691 16.0 Infinity NaN 3.0 NaN 1.3506944444444446 9.0 Infinity 1.3402540360873694 11.0 NaN 0.4965315808689303 
19.012031552854246 12.0 NaN 1.3442307692307691 16.0 Infinity NaN 3.0 NaN 1.3506944444444446 9.0 Infinity 1.3402540360873694 11.0 NaN 0.4965315808689303 
20.012031552854246 12.0 NaN 1.3442307692307691 16.0 NaN 0.3806089743589744 3.0 NaN 1.3506944444444446 9.0 Infinity 1.3402540360873694 11.0 NaN 0.4965315808689303 
21.012031552854246 12.0 NaN 1.3442307692307691 13.0 NaN 0.6845590307128767 3.0 NaN 1.3506944444444446 9.0 Infinity 1.3402540360873694 11.0 NaN 0.4965315808689303 
22.012031552854246 12.0 NaN 1.3442307692307691 6.0 NaN 1.1344017094017094 3.0 NaN 1.3506944444444446 9.0 Infinity 1.3402540360873694 11.0 NaN 0.4965315808689303 
23.012031552854246 12.0 NaN 1.3442307692307691 6.0 NaN 1.1344017094017094 3.0 NaN 1.3506944444444446 9.0 Infinity 1.3402540360873694 11.0 NaN 0.4965315808689303 
24.012031552854246 12.0 NaN 1.3442307692307691 6.0 NaN 1.1344017094017094 3.0 NaN 1.3506944444444446 9.0 Infinity 1.3402540360873694 11.0 NaN 0.4965315808689303 
25.012031552854246 12.0 NaN 1.3442307692307691 6.0 NaN 1.1344017094017094 3.0 NaN 1.3506944444444446 9.0 Infinity 1.3402540360873694 11.0 NaN 0.4965315808689303 
26.012031552854246 12.0 NaN 1.3442307692307691 6.0 NaN 1.1344017094017094 3.0 NaN 1.3506944444444446 9.0 Infinity 1.3402540360873694 11.0 NaN 0.4965315808689303 
27.012031552854246 12.0 NaN 1.3442307692307691 6.0 NaN 1.1344017094017094 3.0 NaN 1.3506944444444446 9.0 Infinity 1.3402540360873694 11.0 NaN 0.4965315808689303 
28.012031552854246 12.0 NaN 1.3442307692307691 6.0 NaN 1.1344017094017094 3.0 NaN 1.3506944444444446 9.0 Infinity 1.3402540360873694 11.0 NaN 0.4965315808689303 
29.012031552854246 12.0 NaN 1.3442307692307691 6.0 NaN 1.1344017094017094 3.0 NaN 1.3506944444444446 9.0 Infinity 1.3402540360873694 11.0 NaN 0.4965315808689303 
30.012031552854246 12.0 NaN 1.3442307692307691 6.0 NaN 1.1344017094017094 3.0 NaN 1.3506944444444446 9.0 Infinity 1.3402540360873694 11.0 NaN 0.4965315808689303 
31.012031552854246 12.0 NaN 1.3442307692307691 6.0 NaN 1.1344017094017094 3.0 NaN 1.3506944444444446 9.0 Infinity 1.3402540360873694 11.0 NaN 0.4965315808689303 
32.012031552854246 12.0 NaN 1.3442307692307691 6.0 NaN 1.1344017094017094 3.0 NaN 1.3506944444444446 9.0 Infinity 1.3402540360873694 11.0 NaN 0.4965315808689303 
33.012031552854246 12.0 NaN 1.3442307692307691 6.0 NaN 1.1344017094017094 3.0 NaN 1.3506944444444446 9.0 Infinity 1.3402540360873694 11.0 NaN 0.4965315808689303 
34.012031552854246 12.0 NaN 1.3442307692307691 6.0 NaN 1.1344017094017094 3.0 NaN 1.3506944444444446 9.0 Infinity 1.3402540360873694 11.0 NaN 0.4965315808689303 
35.012031552854246 12.0 NaN 1.3442307692307691 6.0 NaN 1.1344017094017094 3.0 NaN 1.3506944444444446 9.0 Infinity 1.3402540360873694 11.0 NaN 0.4965315808689303 
36.012031552854246 12.0 NaN 1.3442307692307691 6.0 NaN 1.1344017094017094 3.0 NaN 1.3506944444444446 9.0 Infinity 1.3402540360873694 11.0 NaN 0.4965315808689303 
#####################################################################
# End of data export. Simulation finished at: 2020-09-16T23:18+0000 #
#####################################################################
