#####################################################################
# Alchemist log file - simulation started at: 2020-09-16T18:56+0000 #
#####################################################################
# seed = 60.0, nodeCount = 400, grain = 9, deploymentType = RandomEuclidean
#
# The columns have the following meaning: 
# time leader-random[CountDistinct] HopCountClusterClosestNeighborDistance[leader-random] HopCountClusterIntraDistance[leader-random] leader-pageRank[CountDistinct] HopCountClusterClosestNeighborDistance[leader-pageRank] HopCountClusterIntraDistance[leader-pageRank] leader-harmonic[CountDistinct] HopCountClusterClosestNeighborDistance[leader-harmonic] HopCountClusterIntraDistance[leader-harmonic] leader-closeness[CountDistinct] HopCountClusterClosestNeighborDistance[leader-closeness] HopCountClusterIntraDistance[leader-closeness] leader-degree[CountDistinct] HopCountClusterClosestNeighborDistance[leader-degree] HopCountClusterIntraDistance[leader-degree] 
0.0 NaN NaN NaN NaN NaN NaN NaN NaN NaN NaN NaN NaN NaN NaN NaN 
1.0072773057316928 86.0 Infinity 0.6243381884113758 238.0 Infinity 0.22230846884208227 317.0 Infinity 0.11541985879525313 37.0 Infinity 1.0482765548836888 243.0 Infinity 0.22406427591612774 
2.0072773057316926 9.0 NaN NaN 33.0 Infinity NaN 128.0 Infinity NaN 8.0 NaN NaN 38.0 NaN NaN 
3.0072773057316926 4.0 NaN NaN 5.0 NaN NaN 54.0 NaN NaN 6.0 NaN NaN 5.0 NaN NaN 
4.007277305731693 3.0 NaN NaN 4.0 NaN NaN 15.0 NaN NaN 6.0 NaN NaN 4.0 NaN NaN 
5.007277305731693 5.0 NaN NaN 4.0 NaN NaN 8.0 NaN NaN 7.0 NaN NaN 3.0 NaN NaN 
6.007277305731693 7.0 NaN NaN 4.0 NaN NaN 4.0 NaN NaN 13.0 NaN NaN 4.0 NaN NaN 
7.007277305731693 15.0 NaN NaN 15.0 Infinity NaN 3.0 NaN NaN 30.0 NaN NaN 7.0 NaN 1.1741143317230274 
8.007277305731693 12.0 NaN 0.689259014951627 22.0 Infinity 0.5000801667468334 9.0 NaN NaN 17.0 NaN 0.9192819201259099 5.0 NaN 1.8437600644122383 
9.007277305731693 8.0 NaN 1.1963885224274406 10.0 NaN 1.1573949579831933 22.0 NaN NaN 5.0 NaN NaN 8.0 NaN 1.1963315217391304 
10.007277305731693 6.0 NaN 1.5396291410143652 53.0 Infinity 0.19394429469901167 12.0 NaN NaN 4.0 NaN NaN 28.0 NaN NaN 
11.007277305731693 5.0 NaN 1.864221635883905 14.0 NaN 1.08171768707483 11.0 NaN NaN 4.0 NaN NaN 12.0 NaN 1.0058876811594202 
12.007277305731693 5.0 NaN 1.864221635883905 5.0 NaN NaN 12.0 Infinity 0.7088924199623352 4.0 NaN NaN 6.0 NaN NaN 
13.007277305731693 5.0 NaN 1.864221635883905 3.0 NaN 3.4648677248677244 6.0 NaN 1.748021326411157 4.0 NaN NaN 5.0 NaN NaN 
14.007277305731693 5.0 NaN 1.864221635883905 3.0 NaN 3.4648677248677244 4.0 NaN 2.3363812072554264 4.0 NaN NaN 4.0 NaN 2.2074778582930756 
15.007277305731693 5.0 NaN 1.864221635883905 3.0 NaN 3.4648677248677244 4.0 NaN 2.3363812072554264 8.0 NaN NaN 4.0 NaN 2.2074778582930756 
16.00727730573169 5.0 NaN 1.864221635883905 3.0 NaN 3.4648677248677244 4.0 NaN 2.3363812072554264 5.0 NaN 3.0386354515050167 4.0 NaN 2.2074778582930756 
17.00727730573169 5.0 NaN 1.864221635883905 3.0 NaN 3.4648677248677244 4.0 NaN 2.3363812072554264 4.0 NaN 3.8107943143812713 4.0 NaN 2.2074778582930756 
18.00727730573169 5.0 NaN 1.864221635883905 3.0 NaN 3.4648677248677244 4.0 NaN 2.3363812072554264 4.0 NaN 3.8107943143812713 4.0 NaN 2.2074778582930756 
19.00727730573169 5.0 NaN 1.864221635883905 3.0 NaN 3.4648677248677244 4.0 NaN 2.3363812072554264 4.0 NaN 3.8107943143812713 4.0 NaN 2.2074778582930756 
20.00727730573169 5.0 NaN 1.864221635883905 3.0 NaN 3.4648677248677244 4.0 NaN 2.3363812072554264 4.0 NaN 3.8107943143812713 4.0 NaN 2.2074778582930756 
21.00727730573169 5.0 NaN 1.864221635883905 3.0 NaN 3.4648677248677244 4.0 NaN 2.3363812072554264 4.0 NaN 3.8107943143812713 4.0 NaN 2.2074778582930756 
22.00727730573169 5.0 NaN 1.864221635883905 3.0 NaN 3.4648677248677244 4.0 NaN 2.3363812072554264 4.0 NaN 3.8107943143812713 4.0 NaN 2.2074778582930756 
23.00727730573169 5.0 NaN 1.864221635883905 3.0 NaN 3.4648677248677244 4.0 NaN 2.3363812072554264 4.0 NaN 3.8107943143812713 4.0 NaN 2.2074778582930756 
24.00727730573169 5.0 NaN 1.864221635883905 3.0 NaN 3.4648677248677244 4.0 NaN 2.3363812072554264 4.0 NaN 3.8107943143812713 4.0 NaN 2.2074778582930756 
25.00727730573169 5.0 NaN 1.864221635883905 3.0 NaN 3.4648677248677244 4.0 NaN 2.3363812072554264 4.0 NaN 3.8107943143812713 4.0 NaN 2.2074778582930756 
26.00727730573169 5.0 NaN 1.864221635883905 3.0 NaN 3.4648677248677244 4.0 NaN 2.3363812072554264 4.0 NaN 3.8107943143812713 4.0 NaN 2.2074778582930756 
27.00727730573169 5.0 NaN 1.864221635883905 3.0 NaN 3.4648677248677244 4.0 NaN 2.3363812072554264 4.0 NaN 3.8107943143812713 4.0 NaN 2.2074778582930756 
28.00727730573169 5.0 NaN 1.864221635883905 3.0 NaN 3.4648677248677244 4.0 NaN 2.3363812072554264 4.0 NaN 3.8107943143812713 4.0 NaN 2.2074778582930756 
29.00727730573169 5.0 NaN 1.864221635883905 3.0 NaN 3.4648677248677244 4.0 NaN 2.3363812072554264 4.0 NaN 3.8107943143812713 4.0 NaN 2.2074778582930756 
30.00727730573169 5.0 NaN 1.864221635883905 3.0 NaN 3.4648677248677244 4.0 NaN 2.3363812072554264 4.0 NaN 3.8107943143812713 4.0 NaN 2.2074778582930756 
31.00727730573169 5.0 NaN 1.864221635883905 3.0 NaN 3.4648677248677244 4.0 NaN 2.3363812072554264 4.0 NaN 3.8107943143812713 4.0 NaN 2.2074778582930756 
32.00727730573169 5.0 NaN 1.864221635883905 3.0 NaN 3.4648677248677244 4.0 NaN 2.3363812072554264 4.0 NaN 3.8107943143812713 4.0 NaN 2.2074778582930756 
33.00727730573169 5.0 NaN 1.864221635883905 3.0 NaN 3.4648677248677244 4.0 NaN 2.3363812072554264 4.0 NaN 3.8107943143812713 4.0 NaN 2.2074778582930756 
34.00727730573169 5.0 NaN 1.864221635883905 3.0 NaN 3.4648677248677244 4.0 NaN 2.3363812072554264 4.0 NaN 3.8107943143812713 4.0 NaN 2.2074778582930756 
35.00727730573169 5.0 NaN 1.864221635883905 3.0 NaN 3.4648677248677244 4.0 NaN 2.3363812072554264 4.0 NaN 3.8107943143812713 4.0 NaN 2.2074778582930756 
36.00727730573169 5.0 NaN 1.864221635883905 3.0 NaN 3.4648677248677244 4.0 NaN 2.3363812072554264 4.0 NaN 3.8107943143812713 4.0 NaN 2.2074778582930756 
37.00727730573169 5.0 NaN 1.864221635883905 3.0 NaN 3.4648677248677244 4.0 NaN 2.3363812072554264 4.0 NaN 3.8107943143812713 4.0 NaN 2.2074778582930756 
38.00727730573169 5.0 NaN 1.864221635883905 3.0 NaN 3.4648677248677244 4.0 NaN 2.3363812072554264 4.0 NaN 3.8107943143812713 4.0 NaN 2.2074778582930756 
39.00727730573169 5.0 NaN 1.864221635883905 3.0 NaN 3.4648677248677244 4.0 NaN 2.3363812072554264 4.0 NaN 3.8107943143812713 4.0 NaN 2.2074778582930756 
40.00727730573169 5.0 NaN 1.864221635883905 3.0 NaN 3.4648677248677244 4.0 NaN 2.3363812072554264 4.0 NaN 3.8107943143812713 4.0 NaN 2.2074778582930756 
41.00727730573169 5.0 NaN 1.864221635883905 3.0 NaN 3.4648677248677244 4.0 NaN 2.3363812072554264 4.0 NaN 3.8107943143812713 4.0 NaN 2.2074778582930756 
42.00727730573169 5.0 NaN 1.864221635883905 3.0 NaN 3.4648677248677244 4.0 NaN 2.3363812072554264 4.0 NaN 3.8107943143812713 4.0 NaN 2.2074778582930756 
43.00727730573169 5.0 NaN 1.864221635883905 3.0 NaN 3.4648677248677244 4.0 NaN 2.3363812072554264 4.0 NaN 3.8107943143812713 4.0 NaN 2.2074778582930756 
#####################################################################
# End of data export. Simulation finished at: 2020-09-16T19:12+0000 #
#####################################################################
