#####################################################################
# Alchemist log file - simulation started at: 2020-09-16T11:45+0000 #
#####################################################################
# seed = 43.0, nodeCount = 25, grain = 5, deploymentType = BarabasiAlbert
#
# The columns have the following meaning: 
# time leader-random[CountDistinct] HopCountClusterClosestNeighborDistance[leader-random] HopCountClusterIntraDistance[leader-random] leader-pageRank[CountDistinct] HopCountClusterClosestNeighborDistance[leader-pageRank] HopCountClusterIntraDistance[leader-pageRank] leader-harmonic[CountDistinct] HopCountClusterClosestNeighborDistance[leader-harmonic] HopCountClusterIntraDistance[leader-harmonic] leader-closeness[CountDistinct] HopCountClusterClosestNeighborDistance[leader-closeness] HopCountClusterIntraDistance[leader-closeness] leader-degree[CountDistinct] HopCountClusterClosestNeighborDistance[leader-degree] HopCountClusterIntraDistance[leader-degree] 
0.0 NaN NaN NaN NaN NaN NaN NaN NaN NaN NaN NaN NaN NaN NaN NaN 
1.0045166801516305 10.0 3.388888888888889 0.48809523809523814 15.0 3.4725274725274726 0.12833333333333333 22.0 3.6285714285714286 0.07575757575757575 7.0 3.466666666666667 0.6333333333333334 15.0 3.4725274725274726 0.12833333333333333 
2.0045166801516308 5.0 3.6 NaN 4.0 3.3333333333333335 0.8166666666666667 8.0 3.357142857142857 0.6363636363636364 3.0 4.0 1.3443223443223442 4.0 3.3333333333333335 0.8166666666666667 
3.0045166801516308 2.0 5.0 NaN 3.0 2.6666666666666665 NaN 4.0 2.1666666666666665 NaN 2.0 NaN 1.4791666666666667 3.0 2.6666666666666665 NaN 
4.004516680151631 1.0 NaN 2.6923076923076925 2.0 2.0 1.2608695652173914 3.0 2.0 NaN 2.0 NaN 1.5 2.0 2.0 NaN 
5.004516680151631 1.0 NaN 2.6923076923076925 2.0 2.0 NaN 2.0 2.0 NaN 2.0 NaN 1.5 1.0 NaN 1.6923076923076923 
6.004516680151631 1.0 NaN 2.6923076923076925 1.0 NaN 1.6923076923076923 1.0 NaN 1.6923076923076923 2.0 NaN 1.5 1.0 NaN 1.6923076923076923 
7.004516680151631 1.0 NaN 2.6923076923076925 1.0 NaN 1.6923076923076923 1.0 NaN 1.6923076923076923 2.0 NaN 1.5 1.0 NaN 1.6923076923076923 
8.004516680151632 1.0 NaN 2.6923076923076925 1.0 NaN 1.6923076923076923 1.0 NaN 1.6923076923076923 2.0 NaN 1.5 1.0 NaN 1.6923076923076923 
9.004516680151632 1.0 NaN 2.6923076923076925 1.0 NaN 1.6923076923076923 1.0 NaN 1.6923076923076923 2.0 NaN 1.5 1.0 NaN 1.6923076923076923 
10.004516680151632 1.0 NaN 2.6923076923076925 1.0 NaN 1.6923076923076923 1.0 NaN 1.6923076923076923 2.0 NaN 1.5 1.0 NaN 1.6923076923076923 
11.004516680151632 1.0 NaN 2.6923076923076925 1.0 NaN 1.6923076923076923 1.0 NaN 1.6923076923076923 2.0 NaN 1.5 1.0 NaN 1.6923076923076923 
12.004516680151632 1.0 NaN 2.6923076923076925 1.0 NaN 1.6923076923076923 1.0 NaN 1.6923076923076923 2.0 NaN 1.5 1.0 NaN 1.6923076923076923 
13.004516680151632 1.0 NaN 2.6923076923076925 1.0 NaN 1.6923076923076923 1.0 NaN 1.6923076923076923 2.0 NaN 1.5 1.0 NaN 1.6923076923076923 
14.004516680151632 1.0 NaN 2.6923076923076925 1.0 NaN 1.6923076923076923 1.0 NaN 1.6923076923076923 2.0 NaN 1.5 1.0 NaN 1.6923076923076923 
15.004516680151632 1.0 NaN 2.6923076923076925 1.0 NaN 1.6923076923076923 1.0 NaN 1.6923076923076923 2.0 NaN 1.5 1.0 NaN 1.6923076923076923 
16.00451668015163 1.0 NaN 2.6923076923076925 1.0 NaN 1.6923076923076923 1.0 NaN 1.6923076923076923 2.0 NaN 1.5 1.0 NaN 1.6923076923076923 
17.00451668015163 1.0 NaN 2.6923076923076925 1.0 NaN 1.6923076923076923 1.0 NaN 1.6923076923076923 2.0 NaN 1.5 1.0 NaN 1.6923076923076923 
18.00451668015163 1.0 NaN 2.6923076923076925 1.0 NaN 1.6923076923076923 1.0 NaN 1.6923076923076923 2.0 NaN 1.5 1.0 NaN 1.6923076923076923 
19.00451668015163 1.0 NaN 2.6923076923076925 1.0 NaN 1.6923076923076923 1.0 NaN 1.6923076923076923 2.0 NaN 1.5 1.0 NaN 1.6923076923076923 
20.00451668015163 1.0 NaN 2.6923076923076925 1.0 NaN 1.6923076923076923 1.0 NaN 1.6923076923076923 2.0 NaN 1.5 1.0 NaN 1.6923076923076923 
21.00451668015163 1.0 NaN 2.6923076923076925 1.0 NaN 1.6923076923076923 1.0 NaN 1.6923076923076923 2.0 NaN 1.5 1.0 NaN 1.6923076923076923 
22.00451668015163 1.0 NaN 2.6923076923076925 1.0 NaN 1.6923076923076923 1.0 NaN 1.6923076923076923 2.0 NaN 1.5 1.0 NaN 1.6923076923076923 
23.00451668015163 1.0 NaN 2.6923076923076925 1.0 NaN 1.6923076923076923 1.0 NaN 1.6923076923076923 2.0 NaN 1.5 1.0 NaN 1.6923076923076923 
24.00451668015163 1.0 NaN 2.6923076923076925 1.0 NaN 1.6923076923076923 1.0 NaN 1.6923076923076923 2.0 NaN 1.5 1.0 NaN 1.6923076923076923 
25.00451668015163 1.0 NaN 2.6923076923076925 1.0 NaN 1.6923076923076923 1.0 NaN 1.6923076923076923 2.0 NaN 1.5 1.0 NaN 1.6923076923076923 
26.00451668015163 1.0 NaN 2.6923076923076925 1.0 NaN 1.6923076923076923 1.0 NaN 1.6923076923076923 2.0 NaN 1.5 1.0 NaN 1.6923076923076923 
27.00451668015163 1.0 NaN 2.6923076923076925 1.0 NaN 1.6923076923076923 1.0 NaN 1.6923076923076923 2.0 NaN 1.5 1.0 NaN 1.6923076923076923 
28.00451668015163 1.0 NaN 2.6923076923076925 1.0 NaN 1.6923076923076923 1.0 NaN 1.6923076923076923 2.0 NaN 1.5 1.0 NaN 1.6923076923076923 
29.00451668015163 1.0 NaN 2.6923076923076925 1.0 NaN 1.6923076923076923 1.0 NaN 1.6923076923076923 2.0 NaN 1.5 1.0 NaN 1.6923076923076923 
30.00451668015163 1.0 NaN 2.6923076923076925 1.0 NaN 1.6923076923076923 1.0 NaN 1.6923076923076923 2.0 NaN 1.5 1.0 NaN 1.6923076923076923 
31.00451668015163 1.0 NaN 2.6923076923076925 1.0 NaN 1.6923076923076923 1.0 NaN 1.6923076923076923 2.0 NaN 1.5 1.0 NaN 1.6923076923076923 
32.00451668015163 1.0 NaN 2.6923076923076925 1.0 NaN 1.6923076923076923 1.0 NaN 1.6923076923076923 2.0 NaN 1.5 1.0 NaN 1.6923076923076923 
33.00451668015163 1.0 NaN 2.6923076923076925 1.0 NaN 1.6923076923076923 1.0 NaN 1.6923076923076923 2.0 NaN 1.5 1.0 NaN 1.6923076923076923 
#####################################################################
# End of data export. Simulation finished at: 2020-09-16T11:46+0000 #
#####################################################################
