#####################################################################
# Alchemist log file - simulation started at: 2020-09-16T10:33+0000 #
#####################################################################
# seed = 121.0, nodeCount = 200, grain = 5, deploymentType = RandomEuclidean
#
# The columns have the following meaning: 
# time leader-random[CountDistinct] HopCountClusterClosestNeighborDistance[leader-random] HopCountClusterIntraDistance[leader-random] leader-pageRank[CountDistinct] HopCountClusterClosestNeighborDistance[leader-pageRank] HopCountClusterIntraDistance[leader-pageRank] leader-harmonic[CountDistinct] HopCountClusterClosestNeighborDistance[leader-harmonic] HopCountClusterIntraDistance[leader-harmonic] leader-closeness[CountDistinct] HopCountClusterClosestNeighborDistance[leader-closeness] HopCountClusterIntraDistance[leader-closeness] leader-degree[CountDistinct] HopCountClusterClosestNeighborDistance[leader-degree] HopCountClusterIntraDistance[leader-degree] 
0.0 NaN NaN NaN NaN NaN NaN NaN NaN NaN NaN NaN NaN NaN NaN NaN 
1.0023297854524027 74.0 3.6 0.4383773883773885 166.0 3.952569169960474 0.09337349397590361 186.0 3.952569169960474 0.03494623655913978 33.0 4.0 0.9507154406857965 169.0 3.952569169960474 0.08481262327416174 
2.0023297854524027 27.0 3.3333333333333335 NaN 45.0 3.4285714285714284 NaN 81.0 4.055555555555555 0.5163033468589023 17.0 NaN NaN 51.0 3.066666666666667 NaN 
3.0023297854524027 18.0 NaN NaN 23.0 2.8 NaN 49.0 4.4 NaN 28.0 6.0 NaN 22.0 2.8333333333333335 NaN 
4.002329785452403 27.0 NaN NaN 21.0 2.8 NaN 43.0 3.9047619047619047 NaN 23.0 6.0 NaN 22.0 3.3333333333333335 NaN 
5.002329785452403 32.0 4.0 0.5568452283805544 29.0 2.8 NaN 45.0 3.6666666666666665 NaN 19.0 6.0 1.0783342765515942 24.0 3.3333333333333335 NaN 
6.002329785452403 23.0 NaN 0.8233269584378927 22.0 3.3333333333333335 0.6614029659824805 61.0 3.0357142857142856 NaN 19.0 6.0 1.0783342765515942 20.0 3.3333333333333335 0.8330584758850084 
7.002329785452403 18.0 NaN 1.1538807431891591 18.0 3.3333333333333335 0.8315295510156243 38.0 3.142857142857143 NaN 19.0 6.0 1.0783342765515942 15.0 3.3333333333333335 1.1625964863651963 
8.002329785452403 17.0 NaN 1.1727364731806782 18.0 3.3333333333333335 0.8315295510156243 24.0 3.142857142857143 NaN 19.0 6.0 1.0783342765515942 15.0 3.3333333333333335 1.1625964863651963 
9.002329785452403 17.0 NaN 1.1727364731806782 18.0 3.3333333333333335 0.8315295510156243 22.0 3.8095238095238093 NaN 19.0 6.0 1.0783342765515942 15.0 3.3333333333333335 1.1625964863651963 
10.002329785452403 17.0 NaN 1.1727364731806782 18.0 3.3333333333333335 0.8315295510156243 24.0 3.8095238095238093 NaN 19.0 6.0 1.0783342765515942 15.0 3.3333333333333335 1.1625964863651963 
11.002329785452403 17.0 NaN 1.1727364731806782 18.0 3.3333333333333335 0.8315295510156243 21.0 3.8095238095238093 0.9348773325755424 19.0 6.0 1.0783342765515942 15.0 3.3333333333333335 1.1625964863651963 
12.002329785452403 17.0 NaN 1.1727364731806782 18.0 3.3333333333333335 0.8315295510156243 19.0 3.8095238095238093 1.0411573263935627 19.0 6.0 1.0783342765515942 15.0 3.3333333333333335 1.1625964863651963 
13.002329785452403 17.0 NaN 1.1727364731806782 18.0 3.3333333333333335 0.8315295510156243 19.0 3.8095238095238093 1.0411573263935627 19.0 6.0 1.0783342765515942 15.0 3.3333333333333335 1.1625964863651963 
14.002329785452403 17.0 NaN 1.1727364731806782 18.0 3.3333333333333335 0.8315295510156243 19.0 3.8095238095238093 1.0411573263935627 19.0 6.0 1.0783342765515942 15.0 3.3333333333333335 1.1625964863651963 
15.002329785452403 17.0 NaN 1.1727364731806782 18.0 3.3333333333333335 0.8315295510156243 19.0 3.8095238095238093 1.0411573263935627 19.0 6.0 1.0783342765515942 15.0 3.3333333333333335 1.1625964863651963 
16.002329785452403 17.0 NaN 1.1727364731806782 18.0 3.3333333333333335 0.8315295510156243 19.0 3.8095238095238093 1.0411573263935627 19.0 6.0 1.0783342765515942 15.0 3.3333333333333335 1.1625964863651963 
17.002329785452403 17.0 NaN 1.1727364731806782 18.0 3.3333333333333335 0.8315295510156243 19.0 3.8095238095238093 1.0411573263935627 19.0 6.0 1.0783342765515942 15.0 3.3333333333333335 1.1625964863651963 
18.002329785452403 17.0 NaN 1.1727364731806782 18.0 3.3333333333333335 0.8315295510156243 19.0 3.8095238095238093 1.0411573263935627 19.0 6.0 1.0783342765515942 15.0 3.3333333333333335 1.1625964863651963 
19.002329785452403 17.0 NaN 1.1727364731806782 18.0 3.3333333333333335 0.8315295510156243 19.0 3.8095238095238093 1.0411573263935627 19.0 6.0 1.0783342765515942 15.0 3.3333333333333335 1.1625964863651963 
20.002329785452403 17.0 NaN 1.1727364731806782 18.0 3.3333333333333335 0.8315295510156243 19.0 3.8095238095238093 1.0411573263935627 19.0 6.0 1.0783342765515942 15.0 3.3333333333333335 1.1625964863651963 
21.002329785452403 17.0 NaN 1.1727364731806782 18.0 3.3333333333333335 0.8315295510156243 19.0 3.8095238095238093 1.0411573263935627 19.0 6.0 1.0783342765515942 15.0 3.3333333333333335 1.1625964863651963 
22.002329785452403 17.0 NaN 1.1727364731806782 17.0 3.3333333333333335 0.9098548187224257 19.0 3.8095238095238093 1.0411573263935627 19.0 6.0 1.0783342765515942 15.0 3.3333333333333335 1.1625964863651963 
23.002329785452403 17.0 NaN 1.1727364731806782 18.0 3.3333333333333335 0.8315295510156243 19.0 3.8095238095238093 1.0411573263935627 19.0 6.0 1.0783342765515942 15.0 3.3333333333333335 1.1625964863651963 
24.002329785452403 17.0 NaN 1.1727364731806782 17.0 3.3333333333333335 0.9098548187224257 19.0 3.8095238095238093 1.0411573263935627 19.0 6.0 1.0783342765515942 15.0 3.3333333333333335 1.1625964863651963 
25.002329785452403 17.0 NaN 1.1727364731806782 15.0 3.3333333333333335 1.075613238996527 19.0 3.8095238095238093 1.0411573263935627 19.0 6.0 1.0783342765515942 15.0 3.3333333333333335 1.1625964863651963 
26.002329785452403 17.0 NaN 1.1727364731806782 14.0 3.3333333333333335 1.188157041781993 19.0 3.8095238095238093 1.0411573263935627 19.0 6.0 1.0783342765515942 15.0 3.3333333333333335 1.1625964863651963 
27.002329785452403 17.0 NaN 1.1727364731806782 14.0 3.3333333333333335 1.188157041781993 19.0 3.8095238095238093 1.0411573263935627 19.0 6.0 1.0783342765515942 15.0 3.3333333333333335 1.1625964863651963 
28.002329785452403 17.0 NaN 1.1727364731806782 14.0 3.3333333333333335 1.188157041781993 19.0 3.8095238095238093 1.0411573263935627 19.0 6.0 1.0783342765515942 15.0 3.3333333333333335 1.1625964863651963 
29.002329785452403 17.0 NaN 1.1727364731806782 14.0 3.3333333333333335 1.188157041781993 19.0 3.8095238095238093 1.0411573263935627 19.0 6.0 1.0783342765515942 15.0 3.3333333333333335 1.1625964863651963 
30.002329785452403 17.0 NaN 1.1727364731806782 14.0 3.3333333333333335 1.188157041781993 19.0 3.8095238095238093 1.0411573263935627 19.0 6.0 1.0783342765515942 15.0 3.3333333333333335 1.1625964863651963 
31.002329785452403 17.0 NaN 1.1727364731806782 14.0 3.3333333333333335 1.188157041781993 19.0 3.8095238095238093 1.0411573263935627 19.0 6.0 1.0783342765515942 15.0 3.3333333333333335 1.1625964863651963 
32.0023297854524 17.0 NaN 1.1727364731806782 14.0 3.3333333333333335 1.188157041781993 19.0 3.8095238095238093 1.0411573263935627 19.0 6.0 1.0783342765515942 15.0 3.3333333333333335 1.1625964863651963 
33.0023297854524 17.0 NaN 1.1727364731806782 14.0 3.3333333333333335 1.188157041781993 19.0 3.8095238095238093 1.0411573263935627 19.0 6.0 1.0783342765515942 15.0 3.3333333333333335 1.1625964863651963 
34.0023297854524 17.0 NaN 1.1727364731806782 14.0 3.3333333333333335 1.188157041781993 19.0 3.8095238095238093 1.0411573263935627 19.0 6.0 1.0783342765515942 15.0 3.3333333333333335 1.1625964863651963 
35.0023297854524 17.0 NaN 1.1727364731806782 14.0 3.3333333333333335 1.188157041781993 19.0 3.8095238095238093 1.0411573263935627 19.0 6.0 1.0783342765515942 15.0 3.3333333333333335 1.1625964863651963 
36.0023297854524 17.0 NaN 1.1727364731806782 14.0 3.3333333333333335 1.188157041781993 19.0 3.8095238095238093 1.0411573263935627 19.0 6.0 1.0783342765515942 15.0 3.3333333333333335 1.1625964863651963 
37.0023297854524 17.0 NaN 1.1727364731806782 14.0 3.3333333333333335 1.188157041781993 19.0 3.8095238095238093 1.0411573263935627 19.0 6.0 1.0783342765515942 15.0 3.3333333333333335 1.1625964863651963 
#####################################################################
# End of data export. Simulation finished at: 2020-09-16T10:40+0000 #
#####################################################################
