#####################################################################
# Alchemist log file - simulation started at: 2020-09-16T09:56+0000 #
#####################################################################
# seed = 34.0, nodeCount = 400, grain = 10, deploymentType = Lobster
#
# The columns have the following meaning: 
# time leader-random[CountDistinct] HopCountClusterClosestNeighborDistance[leader-random] HopCountClusterIntraDistance[leader-random] leader-pageRank[CountDistinct] HopCountClusterClosestNeighborDistance[leader-pageRank] HopCountClusterIntraDistance[leader-pageRank] leader-harmonic[CountDistinct] HopCountClusterClosestNeighborDistance[leader-harmonic] HopCountClusterIntraDistance[leader-harmonic] leader-closeness[CountDistinct] HopCountClusterClosestNeighborDistance[leader-closeness] HopCountClusterIntraDistance[leader-closeness] leader-degree[CountDistinct] HopCountClusterClosestNeighborDistance[leader-degree] HopCountClusterIntraDistance[leader-degree] 
0.0 NaN NaN NaN NaN NaN NaN NaN NaN NaN NaN NaN NaN NaN NaN NaN 
1.000584337841077 260.0 3.5238095238095237 0.1756196581196581 305.0 3.4842105263157896 0.07675963380881415 318.0 3.5905797101449277 0.06871749843447958 184.0 2.8 0.3408186016881668 305.0 3.4842105263157896 0.07785252998367753 
2.000584337841077 49.0 NaN NaN 68.0 3.338235294117647 NaN 64.0 3.457894736842105 0.9336655463953257 46.0 NaN 0.537464620212825 56.0 3.4095238095238094 NaN 
3.000584337841077 13.0 NaN NaN 41.0 3.1758241758241756 NaN 20.0 3.272727272727273 NaN 11.0 NaN NaN 23.0 3.488888888888889 NaN 
4.000584337841077 7.0 NaN NaN 25.0 3.9285714285714284 1.1624010702873182 12.0 3.1333333333333333 NaN 7.0 NaN NaN 9.0 4.0 NaN 
5.000584337841077 3.0 NaN NaN 15.0 4.266666666666667 NaN 9.0 2.5357142857142856 NaN 13.0 NaN NaN 4.0 5.0 NaN 
6.000584337841077 5.0 NaN NaN 9.0 3.8333333333333335 NaN 5.0 2.2 NaN 20.0 NaN NaN 4.0 NaN NaN 
7.000584337841077 17.0 NaN NaN 8.0 3.3333333333333335 2.331792357670008 5.0 2.2 NaN 31.0 NaN NaN 4.0 NaN NaN 
8.000584337841076 40.0 NaN NaN 7.0 3.3333333333333335 2.5775167499483507 7.0 2.0 NaN 33.0 NaN 0.24275724275724275 8.0 NaN 0.6701653944020356 
9.000584337841076 53.0 NaN 0.12073840465445054 7.0 3.3333333333333335 NaN 8.0 NaN 0.5467557251908397 25.0 NaN 0.4287728937728938 4.0 NaN 1.6528307888040712 
10.000584337841076 37.0 NaN 0.3396162733338526 6.0 4.0 2.5296444611910065 4.0 NaN 1.4060114503816794 21.0 NaN 0.5308263165406023 3.0 NaN 2.2315521628498725 
11.000584337841076 28.0 NaN 0.5115337489462644 6.0 4.0 2.532279742329626 3.0 NaN 1.9024597116200168 21.0 NaN 0.5308263165406023 3.0 NaN 2.2315521628498725 
12.000584337841076 28.0 NaN 0.5115337489462644 6.0 4.0 2.585267163713274 3.0 NaN 1.9024597116200168 21.0 NaN 0.5308263165406023 3.0 NaN 2.2315521628498725 
13.000584337841076 28.0 NaN 0.5115337489462644 6.0 4.0 2.5887612238111077 3.0 NaN 1.9024597116200168 21.0 NaN 0.5308263165406023 3.0 NaN 2.2315521628498725 
14.000584337841076 28.0 NaN 0.5115337489462644 6.0 4.0 2.648927368514706 3.0 NaN 1.9024597116200168 21.0 NaN 0.5308263165406023 3.0 NaN 2.2315521628498725 
15.000584337841076 28.0 NaN 0.5115337489462644 6.0 4.0 2.353238704246769 3.0 NaN 1.9024597116200168 21.0 NaN 0.5308263165406023 3.0 NaN 2.2315521628498725 
16.000584337841076 28.0 NaN 0.5115337489462644 5.0 NaN 2.8263293650793653 3.0 NaN 1.9024597116200168 21.0 NaN 0.5308263165406023 3.0 NaN 2.2315521628498725 
17.000584337841076 28.0 NaN 0.5115337489462644 5.0 NaN 2.9463510101010106 3.0 NaN 1.9024597116200168 21.0 NaN 0.5308263165406023 3.0 NaN 2.2315521628498725 
18.000584337841076 28.0 NaN 0.5115337489462644 5.0 NaN 2.706378534912315 3.0 NaN 1.9024597116200168 21.0 NaN 0.5308263165406023 3.0 NaN 2.2315521628498725 
19.000584337841076 28.0 NaN 0.5115337489462644 5.0 NaN 2.1073015873015875 3.0 NaN 1.9024597116200168 21.0 NaN 0.5308263165406023 3.0 NaN 2.2315521628498725 
20.000584337841076 28.0 NaN 0.5115337489462644 4.0 NaN 2.5838955026455026 3.0 NaN 1.9024597116200168 21.0 NaN 0.5308263165406023 3.0 NaN 2.2315521628498725 
21.000584337841076 28.0 NaN 0.5115337489462644 21.0 NaN NaN 3.0 NaN 1.9024597116200168 21.0 NaN 0.5308263165406023 3.0 NaN 2.2315521628498725 
22.000584337841076 28.0 NaN 0.5115337489462644 29.0 NaN 0.3408425851040365 3.0 NaN 1.9024597116200168 21.0 NaN 0.5308263165406023 3.0 NaN 2.2315521628498725 
23.000584337841076 28.0 NaN 0.5115337489462644 29.0 NaN 0.2330049261083744 3.0 NaN 1.9024597116200168 21.0 NaN 0.5308263165406023 3.0 NaN 2.2315521628498725 
24.000584337841076 28.0 NaN 0.5115337489462644 29.0 NaN 0.22762825904121112 3.0 NaN 1.9024597116200168 21.0 NaN 0.5308263165406023 3.0 NaN 2.2315521628498725 
25.000584337841076 28.0 NaN 0.5115337489462644 29.0 NaN 0.23122605363984675 3.0 NaN 1.9024597116200168 21.0 NaN 0.5308263165406023 3.0 NaN 2.2315521628498725 
26.000584337841076 28.0 NaN 0.5115337489462644 29.0 NaN NaN 3.0 NaN 1.9024597116200168 21.0 NaN 0.5308263165406023 3.0 NaN 2.2315521628498725 
27.000584337841076 28.0 NaN 0.5115337489462644 29.0 NaN 0.19707081942899518 3.0 NaN 1.9024597116200168 21.0 NaN 0.5308263165406023 3.0 NaN 2.2315521628498725 
28.000584337841076 28.0 NaN 0.5115337489462644 28.0 NaN 0.22196620583717358 3.0 NaN 1.9024597116200168 21.0 NaN 0.5308263165406023 3.0 NaN 2.2315521628498725 
29.000584337841076 28.0 NaN 0.5115337489462644 28.0 NaN 0.22196620583717358 3.0 NaN 1.9024597116200168 21.0 NaN 0.5308263165406023 3.0 NaN 2.2315521628498725 
30.000584337841076 28.0 NaN 0.5115337489462644 28.0 NaN 0.22196620583717358 3.0 NaN 1.9024597116200168 21.0 NaN 0.5308263165406023 3.0 NaN 2.2315521628498725 
31.000584337841076 28.0 NaN 0.5115337489462644 28.0 NaN 0.22196620583717358 3.0 NaN 1.9024597116200168 21.0 NaN 0.5308263165406023 3.0 NaN 2.2315521628498725 
32.000584337841076 28.0 NaN 0.5115337489462644 28.0 NaN 0.22196620583717358 3.0 NaN 1.9024597116200168 21.0 NaN 0.5308263165406023 3.0 NaN 2.2315521628498725 
33.000584337841076 28.0 NaN 0.5115337489462644 28.0 NaN 0.22196620583717358 3.0 NaN 1.9024597116200168 21.0 NaN 0.5308263165406023 3.0 NaN 2.2315521628498725 
34.000584337841076 28.0 NaN 0.5115337489462644 28.0 NaN 0.22196620583717358 3.0 NaN 1.9024597116200168 21.0 NaN 0.5308263165406023 3.0 NaN 2.2315521628498725 
#####################################################################
# End of data export. Simulation finished at: 2020-09-16T10:03+0000 #
#####################################################################
