#####################################################################
# Alchemist log file - simulation started at: 2020-09-16T18:56+0000 #
#####################################################################
# seed = 60.0, nodeCount = 200, grain = 9, deploymentType = Lobster
#
# The columns have the following meaning: 
# time leader-random[CountDistinct] HopCountClusterClosestNeighborDistance[leader-random] HopCountClusterIntraDistance[leader-random] leader-pageRank[CountDistinct] HopCountClusterClosestNeighborDistance[leader-pageRank] HopCountClusterIntraDistance[leader-pageRank] leader-harmonic[CountDistinct] HopCountClusterClosestNeighborDistance[leader-harmonic] HopCountClusterIntraDistance[leader-harmonic] leader-closeness[CountDistinct] HopCountClusterClosestNeighborDistance[leader-closeness] HopCountClusterIntraDistance[leader-closeness] leader-degree[CountDistinct] HopCountClusterClosestNeighborDistance[leader-degree] HopCountClusterIntraDistance[leader-degree] 
0.0 NaN NaN NaN NaN NaN NaN NaN NaN NaN NaN NaN NaN NaN NaN NaN 
1.0072773057316928 100.0 Infinity 0.16970307529162248 144.0 Infinity 0.06691411238825032 152.0 Infinity 0.049357229280096795 75.0 Infinity 0.39977499303815095 137.0 Infinity 0.07754387570647324 
2.0072773057316926 18.0 Infinity NaN 45.0 Infinity NaN 53.0 Infinity 0.5718631587171374 24.0 NaN 0.7808684371184372 50.0 Infinity NaN 
3.0072773057316926 8.0 Infinity NaN 23.0 Infinity NaN 22.0 Infinity NaN 9.0 NaN NaN 18.0 Infinity NaN 
4.007277305731693 8.0 NaN NaN 13.0 Infinity NaN 9.0 Infinity NaN 5.0 NaN NaN 7.0 Infinity NaN 
5.007277305731693 10.0 NaN NaN 6.0 Infinity NaN 7.0 Infinity NaN 5.0 NaN NaN 6.0 Infinity NaN 
6.007277305731693 16.0 NaN NaN 6.0 Infinity 1.5196493494068122 5.0 Infinity NaN 6.0 NaN NaN 5.0 Infinity NaN 
7.007277305731693 11.0 NaN 0.8015067805123053 5.0 Infinity NaN 7.0 Infinity NaN 12.0 NaN 0.4274193548387097 8.0 Infinity NaN 
8.007277305731693 7.0 NaN NaN 6.0 Infinity 1.3743719243719241 8.0 NaN 0.466796875 14.0 NaN 0.402073732718894 14.0 Infinity NaN 
9.007277305731693 4.0 NaN 1.8276730581735456 6.0 Infinity 1.3743719243719241 6.0 NaN 0.7890625 11.0 NaN 0.625366568914956 9.0 NaN 0.7222222222222222 
10.007277305731693 4.0 NaN 1.8276730581735456 6.0 Infinity 1.3743719243719241 6.0 NaN 0.7890625 10.0 NaN 0.7379032258064516 6.0 NaN 0.8703703703703703 
11.007277305731693 4.0 NaN 1.8276730581735456 6.0 Infinity 0.967989417989418 6.0 NaN 0.7890625 10.0 NaN 0.7379032258064516 6.0 NaN 0.8703703703703703 
12.007277305731693 4.0 NaN 1.8276730581735456 6.0 Infinity 1.0076315168671857 6.0 NaN 0.7890625 10.0 NaN 0.7379032258064516 6.0 NaN 0.8703703703703703 
13.007277305731693 4.0 NaN 1.8276730581735456 6.0 Infinity 1.0300602928509905 6.0 NaN 0.7890625 10.0 NaN 0.7379032258064516 6.0 NaN 0.8703703703703703 
14.007277305731693 4.0 NaN 1.8276730581735456 9.0 Infinity 0.6892720306513411 6.0 NaN 0.7890625 10.0 NaN 0.7379032258064516 6.0 NaN 0.8703703703703703 
15.007277305731693 4.0 NaN 1.8276730581735456 7.0 Infinity 0.9808033496558087 6.0 NaN 0.7890625 10.0 NaN 0.7379032258064516 6.0 NaN 0.8703703703703703 
16.00727730573169 4.0 NaN 1.8276730581735456 5.0 NaN 1.2730237154150197 6.0 NaN 0.7890625 10.0 NaN 0.7379032258064516 6.0 NaN 0.8703703703703703 
17.00727730573169 4.0 NaN 1.8276730581735456 5.0 NaN 1.2730237154150197 6.0 NaN 0.7890625 10.0 NaN 0.7379032258064516 6.0 NaN 0.8703703703703703 
18.00727730573169 4.0 NaN 1.8276730581735456 5.0 NaN 1.2730237154150197 6.0 NaN 0.7890625 10.0 NaN 0.7379032258064516 6.0 NaN 0.8703703703703703 
19.00727730573169 4.0 NaN 1.8276730581735456 5.0 NaN 1.2730237154150197 6.0 NaN 0.7890625 10.0 NaN 0.7379032258064516 6.0 NaN 0.8703703703703703 
20.00727730573169 4.0 NaN 1.8276730581735456 5.0 NaN 1.2730237154150197 6.0 NaN 0.7890625 10.0 NaN 0.7379032258064516 6.0 NaN 0.8703703703703703 
21.00727730573169 4.0 NaN 1.8276730581735456 5.0 NaN 1.2730237154150197 6.0 NaN 0.7890625 10.0 NaN 0.7379032258064516 6.0 NaN 0.8703703703703703 
22.00727730573169 4.0 NaN 1.8276730581735456 5.0 NaN 1.2730237154150197 6.0 NaN 0.7890625 10.0 NaN 0.7379032258064516 6.0 NaN 0.8703703703703703 
23.00727730573169 4.0 NaN 1.8276730581735456 5.0 NaN 1.2730237154150197 6.0 NaN 0.7890625 10.0 NaN 0.7379032258064516 6.0 NaN 0.8703703703703703 
24.00727730573169 4.0 NaN 1.8276730581735456 5.0 NaN 1.2730237154150197 6.0 NaN 0.7890625 10.0 NaN 0.7379032258064516 6.0 NaN 0.8703703703703703 
25.00727730573169 4.0 NaN 1.8276730581735456 5.0 NaN 1.2730237154150197 6.0 NaN 0.7890625 10.0 NaN 0.7379032258064516 6.0 NaN 0.8703703703703703 
26.00727730573169 4.0 NaN 1.8276730581735456 5.0 NaN 1.2730237154150197 6.0 NaN 0.7890625 10.0 NaN 0.7379032258064516 6.0 NaN 0.8703703703703703 
27.00727730573169 4.0 NaN 1.8276730581735456 5.0 NaN 1.2730237154150197 6.0 NaN 0.7890625 10.0 NaN 0.7379032258064516 6.0 NaN 0.8703703703703703 
28.00727730573169 4.0 NaN 1.8276730581735456 5.0 NaN 1.2730237154150197 6.0 NaN 0.7890625 10.0 NaN 0.7379032258064516 6.0 NaN 0.8703703703703703 
29.00727730573169 4.0 NaN 1.8276730581735456 5.0 NaN 1.2730237154150197 6.0 NaN 0.7890625 10.0 NaN 0.7379032258064516 6.0 NaN 0.8703703703703703 
30.00727730573169 4.0 NaN 1.8276730581735456 5.0 NaN 1.2730237154150197 6.0 NaN 0.7890625 10.0 NaN 0.7379032258064516 6.0 NaN 0.8703703703703703 
31.00727730573169 4.0 NaN 1.8276730581735456 5.0 NaN 1.2730237154150197 6.0 NaN 0.7890625 10.0 NaN 0.7379032258064516 6.0 NaN 0.8703703703703703 
32.00727730573169 4.0 NaN 1.8276730581735456 5.0 NaN 1.2730237154150197 6.0 NaN 0.7890625 10.0 NaN 0.7379032258064516 6.0 NaN 0.8703703703703703 
33.00727730573169 4.0 NaN 1.8276730581735456 5.0 NaN 1.2730237154150197 6.0 NaN 0.7890625 10.0 NaN 0.7379032258064516 6.0 NaN 0.8703703703703703 
34.00727730573169 4.0 NaN 1.8276730581735456 5.0 NaN 1.2730237154150197 6.0 NaN 0.7890625 10.0 NaN 0.7379032258064516 6.0 NaN 0.8703703703703703 
35.00727730573169 4.0 NaN 1.8276730581735456 5.0 NaN 1.2730237154150197 6.0 NaN 0.7890625 10.0 NaN 0.7379032258064516 6.0 NaN 0.8703703703703703 
36.00727730573169 4.0 NaN 1.8276730581735456 5.0 NaN 1.2730237154150197 6.0 NaN 0.7890625 10.0 NaN 0.7379032258064516 6.0 NaN 0.8703703703703703 
#####################################################################
# End of data export. Simulation finished at: 2020-09-16T18:59+0000 #
#####################################################################
