#####################################################################
# Alchemist log file - simulation started at: 2020-09-16T23:16+0000 #
#####################################################################
# seed = 74.0, nodeCount = 400, grain = 5, deploymentType = BarabasiAlbert
#
# The columns have the following meaning: 
# time leader-random[CountDistinct] HopCountClusterClosestNeighborDistance[leader-random] HopCountClusterIntraDistance[leader-random] leader-pageRank[CountDistinct] HopCountClusterClosestNeighborDistance[leader-pageRank] HopCountClusterIntraDistance[leader-pageRank] leader-harmonic[CountDistinct] HopCountClusterClosestNeighborDistance[leader-harmonic] HopCountClusterIntraDistance[leader-harmonic] leader-closeness[CountDistinct] HopCountClusterClosestNeighborDistance[leader-closeness] HopCountClusterIntraDistance[leader-closeness] leader-degree[CountDistinct] HopCountClusterClosestNeighborDistance[leader-degree] HopCountClusterIntraDistance[leader-degree] 
0.0 NaN NaN NaN NaN NaN NaN NaN NaN NaN NaN NaN NaN NaN NaN NaN 
1.0005888090260804 197.0 Infinity 0.21347121575547973 258.0 Infinity 0.09102062648574279 290.0 Infinity 0.07243245260486639 151.0 Infinity 0.31680911680911683 264.0 Infinity 0.08903730721912542 
2.0005888090260804 91.0 NaN NaN 52.0 Infinity 0.7374552920840022 72.0 Infinity 0.7568240878447546 72.0 NaN NaN 52.0 Infinity 0.711146830811465 
3.0005888090260804 106.0 NaN NaN 21.0 Infinity NaN 26.0 Infinity NaN 165.0 Infinity NaN 17.0 Infinity NaN 
4.00058880902608 104.0 NaN 0.15689102564102564 14.0 Infinity NaN 18.0 Infinity NaN 153.0 Infinity 0.23533198254560483 11.0 NaN 0.2385491746105557 
5.00058880902608 97.0 NaN NaN 11.0 NaN 0.2385491746105557 11.0 NaN 0.2385491746105557 135.0 Infinity NaN 11.0 NaN 0.2385491746105557 
6.00058880902608 96.0 NaN 0.19149305555555554 11.0 NaN 0.2385491746105557 11.0 NaN 0.2385491746105557 132.0 Infinity 0.33231522376259215 11.0 NaN 0.2385491746105557 
7.00058880902608 95.0 NaN 0.2092982456140351 11.0 NaN 0.2385491746105557 11.0 NaN 0.2385491746105557 128.0 Infinity 0.35311674117183983 11.0 NaN 0.2385491746105557 
8.00058880902608 93.0 NaN 0.20734767025089604 11.0 NaN 0.2385491746105557 11.0 NaN 0.2385491746105557 127.0 Infinity 0.3572095239107257 11.0 NaN 0.2385491746105557 
9.00058880902608 93.0 NaN 0.20734767025089604 11.0 NaN 0.2385491746105557 11.0 NaN 0.2385491746105557 127.0 Infinity 0.3572095239107257 11.0 NaN 0.2385491746105557 
10.00058880902608 93.0 NaN 0.20734767025089604 11.0 NaN 0.2385491746105557 11.0 NaN 0.2385491746105557 127.0 Infinity 0.3572095239107257 11.0 NaN 0.2385491746105557 
11.00058880902608 93.0 NaN 0.20734767025089604 11.0 NaN 0.2385491746105557 11.0 NaN 0.2385491746105557 127.0 Infinity 0.3572095239107257 11.0 NaN 0.2385491746105557 
12.00058880902608 93.0 NaN 0.20734767025089604 11.0 NaN 0.2385491746105557 11.0 NaN 0.2385491746105557 127.0 Infinity 0.3572095239107257 11.0 NaN 0.2385491746105557 
13.00058880902608 93.0 NaN 0.20734767025089604 11.0 NaN 0.2385491746105557 11.0 NaN 0.2385491746105557 127.0 Infinity 0.3572095239107257 11.0 NaN 0.2385491746105557 
14.00058880902608 93.0 NaN 0.20734767025089604 11.0 NaN 0.2385491746105557 11.0 NaN 0.2385491746105557 127.0 Infinity 0.3572095239107257 11.0 NaN 0.2385491746105557 
15.00058880902608 93.0 NaN 0.20734767025089604 11.0 NaN 0.2385491746105557 11.0 NaN 0.2385491746105557 127.0 Infinity 0.3572095239107257 11.0 NaN 0.2385491746105557 
16.00058880902608 93.0 NaN 0.20734767025089604 11.0 NaN 0.2385491746105557 11.0 NaN 0.2385491746105557 127.0 Infinity 0.3572095239107257 11.0 NaN 0.2385491746105557 
17.00058880902608 93.0 NaN 0.20734767025089604 11.0 NaN 0.2385491746105557 11.0 NaN 0.2385491746105557 127.0 Infinity 0.3572095239107257 11.0 NaN 0.2385491746105557 
18.00058880902608 93.0 NaN 0.20734767025089604 11.0 NaN 0.2385491746105557 11.0 NaN 0.2385491746105557 127.0 Infinity 0.3572095239107257 11.0 NaN 0.2385491746105557 
19.00058880902608 93.0 NaN 0.20734767025089604 11.0 NaN 0.2385491746105557 11.0 NaN 0.2385491746105557 127.0 Infinity 0.3572095239107257 11.0 NaN 0.2385491746105557 
20.00058880902608 93.0 NaN 0.20734767025089604 11.0 NaN 0.2385491746105557 11.0 NaN 0.2385491746105557 127.0 Infinity 0.3572095239107257 11.0 NaN 0.2385491746105557 
21.00058880902608 93.0 NaN 0.20734767025089604 11.0 NaN 0.2385491746105557 11.0 NaN 0.2385491746105557 127.0 Infinity 0.3572095239107257 11.0 NaN 0.2385491746105557 
22.00058880902608 93.0 NaN 0.20734767025089604 11.0 NaN 0.2385491746105557 11.0 NaN 0.2385491746105557 127.0 Infinity 0.3572095239107257 11.0 NaN 0.2385491746105557 
23.00058880902608 93.0 NaN 0.20734767025089604 11.0 NaN 0.2385491746105557 11.0 NaN 0.2385491746105557 127.0 Infinity 0.3572095239107257 11.0 NaN 0.2385491746105557 
24.00058880902608 93.0 NaN 0.20734767025089604 11.0 NaN 0.2385491746105557 11.0 NaN 0.2385491746105557 127.0 Infinity 0.3572095239107257 11.0 NaN 0.2385491746105557 
25.00058880902608 93.0 NaN 0.20734767025089604 11.0 NaN 0.2385491746105557 11.0 NaN 0.2385491746105557 127.0 Infinity 0.3572095239107257 11.0 NaN 0.2385491746105557 
26.00058880902608 93.0 NaN 0.20734767025089604 11.0 NaN 0.2385491746105557 11.0 NaN 0.2385491746105557 127.0 Infinity 0.3572095239107257 11.0 NaN 0.2385491746105557 
27.00058880902608 93.0 NaN 0.20734767025089604 11.0 NaN 0.2385491746105557 11.0 NaN 0.2385491746105557 127.0 Infinity 0.3572095239107257 11.0 NaN 0.2385491746105557 
28.00058880902608 93.0 NaN 0.20734767025089604 11.0 NaN 0.2385491746105557 11.0 NaN 0.2385491746105557 127.0 Infinity 0.3572095239107257 11.0 NaN 0.2385491746105557 
29.00058880902608 93.0 NaN 0.20734767025089604 11.0 NaN 0.2385491746105557 11.0 NaN 0.2385491746105557 127.0 Infinity 0.3572095239107257 11.0 NaN 0.2385491746105557 
30.00058880902608 93.0 NaN 0.20734767025089604 11.0 NaN 0.2385491746105557 11.0 NaN 0.2385491746105557 127.0 Infinity 0.3572095239107257 11.0 NaN 0.2385491746105557 
31.00058880902608 93.0 NaN 0.20734767025089604 11.0 NaN 0.2385491746105557 11.0 NaN 0.2385491746105557 127.0 Infinity 0.3572095239107257 11.0 NaN 0.2385491746105557 
32.000588809026084 93.0 NaN 0.20734767025089604 11.0 NaN 0.2385491746105557 11.0 NaN 0.2385491746105557 127.0 Infinity 0.3572095239107257 11.0 NaN 0.2385491746105557 
33.000588809026084 93.0 NaN 0.20734767025089604 11.0 NaN 0.2385491746105557 11.0 NaN 0.2385491746105557 127.0 Infinity 0.3572095239107257 11.0 NaN 0.2385491746105557 
34.000588809026084 93.0 NaN 0.20734767025089604 11.0 NaN 0.2385491746105557 11.0 NaN 0.2385491746105557 127.0 Infinity 0.3572095239107257 11.0 NaN 0.2385491746105557 
35.000588809026084 93.0 NaN 0.20734767025089604 11.0 NaN 0.2385491746105557 11.0 NaN 0.2385491746105557 127.0 Infinity 0.3572095239107257 11.0 NaN 0.2385491746105557 
36.000588809026084 93.0 NaN 0.20734767025089604 11.0 NaN 0.2385491746105557 11.0 NaN 0.2385491746105557 127.0 Infinity 0.3572095239107257 11.0 NaN 0.2385491746105557 
37.000588809026084 93.0 NaN 0.20734767025089604 11.0 NaN 0.2385491746105557 11.0 NaN 0.2385491746105557 127.0 Infinity 0.3572095239107257 11.0 NaN 0.2385491746105557 
#####################################################################
# End of data export. Simulation finished at: 2020-09-16T23:32+0000 #
#####################################################################
