#####################################################################
# Alchemist log file - simulation started at: 2020-09-16T15:31+0000 #
#####################################################################
# seed = 126.0, nodeCount = 200, grain = 7, deploymentType = Lobster
#
# The columns have the following meaning: 
# time leader-random[CountDistinct] HopCountClusterClosestNeighborDistance[leader-random] HopCountClusterIntraDistance[leader-random] leader-pageRank[CountDistinct] HopCountClusterClosestNeighborDistance[leader-pageRank] HopCountClusterIntraDistance[leader-pageRank] leader-harmonic[CountDistinct] HopCountClusterClosestNeighborDistance[leader-harmonic] HopCountClusterIntraDistance[leader-harmonic] leader-closeness[CountDistinct] HopCountClusterClosestNeighborDistance[leader-closeness] HopCountClusterIntraDistance[leader-closeness] leader-degree[CountDistinct] HopCountClusterClosestNeighborDistance[leader-degree] HopCountClusterIntraDistance[leader-degree] 
0.0 NaN NaN NaN NaN NaN NaN NaN NaN NaN NaN NaN NaN NaN NaN NaN 
1.0016692144943031 115.0 4.476190476190476 0.2189855072463768 157.0 3.8366013071895426 0.06604488929329695 179.0 3.986666666666667 0.044878957169459964 82.0 6.0 0.4291732657586317 160.0 3.695906432748538 0.06501488095238096 
2.001669214494303 26.0 4.0 NaN 32.0 3.8545454545454545 0.8778513620667259 42.0 3.358974358974359 0.8534842246308413 21.0 NaN 0.479838485101643 33.0 3.2 0.9182214703393988 
3.001669214494303 10.0 NaN NaN 16.0 4.476190476190476 NaN 16.0 2.7222222222222223 1.3522503048160943 8.0 NaN NaN 13.0 2.5714285714285716 NaN 
4.001669214494303 7.0 NaN NaN 6.0 3.0 NaN 9.0 2.3333333333333335 NaN 45.0 6.0 NaN 5.0 3.0 NaN 
5.001669214494303 35.0 4.0 NaN 13.0 3.0 NaN 7.0 2.6 NaN 61.0 4.0 NaN 19.0 3.0 NaN 
6.001669214494303 27.0 4.0 0.4268918040847865 14.0 3.0 NaN 10.0 2.6 NaN 45.0 4.0 0.25800531427524287 24.0 NaN NaN 
7.001669214494303 25.0 4.0 0.48390029126871226 14.0 3.0 0.5989229024943311 16.0 2.6666666666666665 NaN 36.0 4.0 0.3475066428440536 17.0 NaN 0.5011627906976744 
8.001669214494303 25.0 4.0 0.48390029126871226 11.0 3.0 0.8531746031746033 15.0 NaN 0.291304347826087 36.0 4.0 0.3475066428440536 15.0 NaN 0.6124289405684755 
9.001669214494303 25.0 4.0 0.48390029126871226 11.0 3.0 0.8531746031746033 14.0 NaN 0.3478260869565218 36.0 4.0 0.3475066428440536 13.0 NaN 0.7451103160405487 
10.001669214494303 25.0 4.0 0.48390029126871226 11.0 3.0 0.8531746031746033 14.0 NaN 0.3478260869565218 36.0 4.0 0.3475066428440536 13.0 NaN 0.7451103160405487 
11.001669214494303 25.0 4.0 0.48390029126871226 11.0 3.0 0.8531746031746033 14.0 NaN 0.3478260869565218 36.0 4.0 0.3475066428440536 13.0 NaN 0.7451103160405487 
12.001669214494303 25.0 4.0 0.48390029126871226 11.0 3.0 0.8468181818181819 14.0 NaN 0.3478260869565218 36.0 4.0 0.3475066428440536 13.0 NaN 0.7451103160405487 
13.001669214494303 25.0 4.0 0.48390029126871226 11.0 3.0 0.8497191011235955 14.0 NaN 0.3478260869565218 36.0 4.0 0.3475066428440536 13.0 NaN 0.7451103160405487 
14.001669214494303 25.0 4.0 0.48390029126871226 11.0 3.0 0.8541280148423006 14.0 NaN 0.3478260869565218 36.0 4.0 0.3475066428440536 13.0 NaN 0.7451103160405487 
15.001669214494303 25.0 4.0 0.48390029126871226 11.0 3.0 0.8541280148423006 14.0 NaN 0.3478260869565218 36.0 4.0 0.3475066428440536 13.0 NaN 0.7451103160405487 
16.001669214494303 25.0 4.0 0.48390029126871226 11.0 3.0 0.8541280148423006 14.0 NaN 0.3478260869565218 36.0 4.0 0.3475066428440536 13.0 NaN 0.7451103160405487 
17.001669214494303 25.0 4.0 0.48390029126871226 11.0 3.0 0.8541280148423006 14.0 NaN 0.3478260869565218 36.0 4.0 0.3475066428440536 13.0 NaN 0.7451103160405487 
18.001669214494303 25.0 4.0 0.48390029126871226 11.0 3.0 0.62174688057041 14.0 NaN 0.3478260869565218 36.0 4.0 0.3475066428440536 13.0 NaN 0.7451103160405487 
19.001669214494303 25.0 4.0 0.48390029126871226 12.0 3.0 0.6207459207459208 14.0 NaN 0.3478260869565218 36.0 4.0 0.3475066428440536 13.0 NaN 0.7451103160405487 
20.001669214494303 25.0 4.0 0.48390029126871226 22.0 NaN 0.30647382920110194 14.0 NaN 0.3478260869565218 36.0 4.0 0.3475066428440536 13.0 NaN 0.7451103160405487 
21.001669214494303 25.0 4.0 0.48390029126871226 29.0 NaN 0.2213159887122307 14.0 NaN 0.3478260869565218 36.0 4.0 0.3475066428440536 13.0 NaN 0.7451103160405487 
22.001669214494303 25.0 4.0 0.48390029126871226 20.0 NaN 0.3307566684812194 14.0 NaN 0.3478260869565218 36.0 4.0 0.3475066428440536 13.0 NaN 0.7451103160405487 
23.001669214494303 25.0 4.0 0.48390029126871226 20.0 NaN 0.3561645938891448 14.0 NaN 0.3478260869565218 36.0 4.0 0.3475066428440536 13.0 NaN 0.7451103160405487 
24.001669214494303 25.0 4.0 0.48390029126871226 19.0 NaN 0.32244721084147493 14.0 NaN 0.3478260869565218 36.0 4.0 0.3475066428440536 13.0 NaN 0.7451103160405487 
25.001669214494303 25.0 4.0 0.48390029126871226 19.0 NaN 0.32244721084147493 14.0 NaN 0.3478260869565218 36.0 4.0 0.3475066428440536 13.0 NaN 0.7451103160405487 
26.001669214494303 25.0 4.0 0.48390029126871226 19.0 NaN 0.32244721084147493 14.0 NaN 0.3478260869565218 36.0 4.0 0.3475066428440536 13.0 NaN 0.7451103160405487 
27.001669214494303 25.0 4.0 0.48390029126871226 19.0 NaN 0.32244721084147493 14.0 NaN 0.3478260869565218 36.0 4.0 0.3475066428440536 13.0 NaN 0.7451103160405487 
28.001669214494303 25.0 4.0 0.48390029126871226 19.0 NaN 0.32244721084147493 14.0 NaN 0.3478260869565218 36.0 4.0 0.3475066428440536 13.0 NaN 0.7451103160405487 
29.001669214494303 25.0 4.0 0.48390029126871226 19.0 NaN 0.32244721084147493 14.0 NaN 0.3478260869565218 36.0 4.0 0.3475066428440536 13.0 NaN 0.7451103160405487 
30.001669214494303 25.0 4.0 0.48390029126871226 19.0 NaN 0.32244721084147493 14.0 NaN 0.3478260869565218 36.0 4.0 0.3475066428440536 13.0 NaN 0.7451103160405487 
31.001669214494303 25.0 4.0 0.48390029126871226 19.0 NaN 0.32244721084147493 14.0 NaN 0.3478260869565218 36.0 4.0 0.3475066428440536 13.0 NaN 0.7451103160405487 
32.0016692144943 25.0 4.0 0.48390029126871226 19.0 NaN 0.32244721084147493 14.0 NaN 0.3478260869565218 36.0 4.0 0.3475066428440536 13.0 NaN 0.7451103160405487 
33.0016692144943 25.0 4.0 0.48390029126871226 19.0 NaN 0.32244721084147493 14.0 NaN 0.3478260869565218 36.0 4.0 0.3475066428440536 13.0 NaN 0.7451103160405487 
34.0016692144943 25.0 4.0 0.48390029126871226 19.0 NaN 0.32244721084147493 14.0 NaN 0.3478260869565218 36.0 4.0 0.3475066428440536 13.0 NaN 0.7451103160405487 
35.0016692144943 25.0 4.0 0.48390029126871226 19.0 NaN 0.32244721084147493 14.0 NaN 0.3478260869565218 36.0 4.0 0.3475066428440536 13.0 NaN 0.7451103160405487 
36.0016692144943 25.0 4.0 0.48390029126871226 19.0 NaN 0.32244721084147493 14.0 NaN 0.3478260869565218 36.0 4.0 0.3475066428440536 13.0 NaN 0.7451103160405487 
#####################################################################
# End of data export. Simulation finished at: 2020-09-16T15:37+0000 #
#####################################################################
