#####################################################################
# Alchemist log file - simulation started at: 2020-09-16T10:16+0000 #
#####################################################################
# seed = 35.0, nodeCount = 400, grain = 2, deploymentType = BarabasiAlbert
#
# The columns have the following meaning: 
# time leader-random[CountDistinct] HopCountClusterClosestNeighborDistance[leader-random] HopCountClusterIntraDistance[leader-random] leader-pageRank[CountDistinct] HopCountClusterClosestNeighborDistance[leader-pageRank] HopCountClusterIntraDistance[leader-pageRank] leader-harmonic[CountDistinct] HopCountClusterClosestNeighborDistance[leader-harmonic] HopCountClusterIntraDistance[leader-harmonic] leader-closeness[CountDistinct] HopCountClusterClosestNeighborDistance[leader-closeness] HopCountClusterIntraDistance[leader-closeness] leader-degree[CountDistinct] HopCountClusterClosestNeighborDistance[leader-degree] HopCountClusterIntraDistance[leader-degree] 
0.0 NaN NaN NaN NaN NaN NaN NaN NaN NaN NaN NaN NaN NaN NaN NaN 
1.0009288804918381 284.0 3.9047619047619047 0.14937961099932934 304.0 3.791208791208791 0.05058984460390327 300.0 3.764705882352941 0.06541724177593743 228.0 2.6666666666666665 0.2708524784182678 295.0 3.5 0.055749260156039815 
2.000928880491838 251.0 3.4 0.24202712957693034 192.0 3.6416666666666666 0.24362039869852373 208.0 3.5166666666666666 0.21914469313366375 228.0 2.6666666666666665 0.2708524784182678 196.0 3.5 0.22839528668610298 
3.000928880491838 254.0 3.4 0.20439163854518183 226.0 3.3484848484848486 0.15600919154232348 234.0 3.2666666666666666 0.15752887319000947 228.0 2.6666666666666665 0.2708524784182678 214.0 3.418181818181818 0.17325776160116257 
4.000928880491838 249.0 3.4 0.2198747370434117 197.0 3.3777777777777778 0.18163998623637104 263.0 3.497076023391813 0.12751303124112176 228.0 2.6666666666666665 0.2708524784182678 188.0 3.3777777777777778 0.20620431181860868 
5.000928880491838 248.0 3.4 0.2187451996927803 187.0 3.5 0.20543535091924298 214.0 3.6923076923076925 0.2554489997503447 228.0 2.6666666666666665 0.2708524784182678 186.0 3.5 0.19498070226827113 
6.000928880491838 248.0 3.4 0.2187451996927803 184.0 3.5 0.20425585482915815 222.0 3.5 0.16417791082425232 228.0 2.6666666666666665 0.2708524784182678 182.0 3.5 0.21410115726317822 
7.000928880491838 248.0 3.4 0.2187451996927803 179.0 3.5 0.21722389546684415 212.0 3.466666666666667 0.1727083154228806 228.0 2.6666666666666665 0.2708524784182678 180.0 3.5 0.21323931826980613 
8.000928880491838 248.0 3.4 0.2187451996927803 179.0 3.5 0.21722389546684415 202.0 3.466666666666667 0.1994100472094918 228.0 2.6666666666666665 0.2708524784182678 179.0 3.5 0.21722389546684415 
9.000928880491838 248.0 3.4 0.2187451996927803 179.0 3.5 0.21722389546684415 202.0 3.466666666666667 0.19445955215998684 228.0 2.6666666666666665 0.2708524784182678 179.0 3.5 0.21722389546684415 
10.000928880491838 248.0 3.4 0.2187451996927803 179.0 3.5 0.21722389546684415 202.0 3.466666666666667 0.19445955215998684 228.0 2.6666666666666665 0.2708524784182678 179.0 3.5 0.21722389546684415 
11.000928880491838 248.0 3.4 0.2187451996927803 179.0 3.5 0.21722389546684415 202.0 3.466666666666667 0.19445955215998684 228.0 2.6666666666666665 0.2708524784182678 179.0 3.5 0.21722389546684415 
12.000928880491838 248.0 3.4 0.2187451996927803 179.0 3.5 0.21722389546684415 202.0 3.466666666666667 0.19445955215998684 228.0 2.6666666666666665 0.2708524784182678 179.0 3.5 0.21722389546684415 
13.000928880491838 248.0 3.4 0.2187451996927803 179.0 3.5 0.21722389546684415 202.0 3.466666666666667 0.19445955215998684 228.0 2.6666666666666665 0.2708524784182678 179.0 3.5 0.21722389546684415 
14.000928880491838 248.0 3.4 0.2187451996927803 179.0 3.5 0.21722389546684415 202.0 3.466666666666667 0.19445955215998684 228.0 2.6666666666666665 0.2708524784182678 179.0 3.5 0.21722389546684415 
15.000928880491838 248.0 3.4 0.2187451996927803 179.0 3.5 0.21722389546684415 202.0 3.466666666666667 0.19445955215998684 228.0 2.6666666666666665 0.2708524784182678 179.0 3.5 0.21722389546684415 
16.000928880491838 248.0 3.4 0.2187451996927803 179.0 3.5 0.21722389546684415 202.0 3.466666666666667 0.19445955215998684 228.0 2.6666666666666665 0.2708524784182678 179.0 3.5 0.21722389546684415 
17.000928880491838 248.0 3.4 0.2187451996927803 179.0 3.5 0.21722389546684415 202.0 3.466666666666667 0.19445955215998684 228.0 2.6666666666666665 0.2708524784182678 179.0 3.5 0.21722389546684415 
18.000928880491838 248.0 3.4 0.2187451996927803 179.0 3.5 0.21722389546684415 202.0 3.466666666666667 0.19445955215998684 228.0 2.6666666666666665 0.2708524784182678 179.0 3.5 0.21722389546684415 
19.000928880491838 248.0 3.4 0.2187451996927803 179.0 3.5 0.21722389546684415 202.0 3.466666666666667 0.19445955215998684 228.0 2.6666666666666665 0.2708524784182678 179.0 3.5 0.21722389546684415 
20.000928880491838 248.0 3.4 0.2187451996927803 179.0 3.5 0.21722389546684415 202.0 3.466666666666667 0.19445955215998684 228.0 2.6666666666666665 0.2708524784182678 179.0 3.5 0.21722389546684415 
21.000928880491838 248.0 3.4 0.2187451996927803 179.0 3.5 0.21722389546684415 202.0 3.466666666666667 0.19445955215998684 228.0 2.6666666666666665 0.2708524784182678 179.0 3.5 0.21722389546684415 
22.000928880491838 248.0 3.4 0.2187451996927803 179.0 3.5 0.21722389546684415 202.0 3.466666666666667 0.19445955215998684 228.0 2.6666666666666665 0.2708524784182678 179.0 3.5 0.21722389546684415 
23.000928880491838 248.0 3.4 0.2187451996927803 179.0 3.5 0.21722389546684415 202.0 3.466666666666667 0.19445955215998684 228.0 2.6666666666666665 0.2708524784182678 179.0 3.5 0.21722389546684415 
24.000928880491838 248.0 3.4 0.2187451996927803 179.0 3.5 0.21722389546684415 202.0 3.466666666666667 0.19445955215998684 228.0 2.6666666666666665 0.2708524784182678 179.0 3.5 0.21722389546684415 
25.000928880491838 248.0 3.4 0.2187451996927803 179.0 3.5 0.21722389546684415 202.0 3.466666666666667 0.19445955215998684 228.0 2.6666666666666665 0.2708524784182678 179.0 3.5 0.21722389546684415 
26.000928880491838 248.0 3.4 0.2187451996927803 179.0 3.5 0.21722389546684415 202.0 3.466666666666667 0.19445955215998684 228.0 2.6666666666666665 0.2708524784182678 179.0 3.5 0.21722389546684415 
27.000928880491838 248.0 3.4 0.2187451996927803 179.0 3.5 0.21722389546684415 202.0 3.466666666666667 0.19445955215998684 228.0 2.6666666666666665 0.2708524784182678 179.0 3.5 0.21722389546684415 
28.000928880491838 248.0 3.4 0.2187451996927803 179.0 3.5 0.21722389546684415 202.0 3.466666666666667 0.19445955215998684 228.0 2.6666666666666665 0.2708524784182678 179.0 3.5 0.21722389546684415 
29.000928880491838 248.0 3.4 0.2187451996927803 179.0 3.5 0.21722389546684415 202.0 3.466666666666667 0.19445955215998684 228.0 2.6666666666666665 0.2708524784182678 179.0 3.5 0.21722389546684415 
30.000928880491838 248.0 3.4 0.2187451996927803 179.0 3.5 0.21722389546684415 202.0 3.466666666666667 0.19445955215998684 228.0 2.6666666666666665 0.2708524784182678 179.0 3.5 0.21722389546684415 
31.000928880491838 248.0 3.4 0.2187451996927803 179.0 3.5 0.21722389546684415 202.0 3.466666666666667 0.19445955215998684 228.0 2.6666666666666665 0.2708524784182678 179.0 3.5 0.21722389546684415 
32.00092888049184 248.0 3.4 0.2187451996927803 179.0 3.5 0.21722389546684415 202.0 3.466666666666667 0.19445955215998684 228.0 2.6666666666666665 0.2708524784182678 179.0 3.5 0.21722389546684415 
33.00092888049184 248.0 3.4 0.2187451996927803 179.0 3.5 0.21722389546684415 202.0 3.466666666666667 0.19445955215998684 228.0 2.6666666666666665 0.2708524784182678 179.0 3.5 0.21722389546684415 
34.00092888049184 248.0 3.4 0.2187451996927803 179.0 3.5 0.21722389546684415 202.0 3.466666666666667 0.19445955215998684 228.0 2.6666666666666665 0.2708524784182678 179.0 3.5 0.21722389546684415 
35.00092888049184 248.0 3.4 0.2187451996927803 179.0 3.5 0.21722389546684415 202.0 3.466666666666667 0.19445955215998684 228.0 2.6666666666666665 0.2708524784182678 179.0 3.5 0.21722389546684415 
36.00092888049184 248.0 3.4 0.2187451996927803 179.0 3.5 0.21722389546684415 202.0 3.466666666666667 0.19445955215998684 228.0 2.6666666666666665 0.2708524784182678 179.0 3.5 0.21722389546684415 
37.00092888049184 248.0 3.4 0.2187451996927803 179.0 3.5 0.21722389546684415 202.0 3.466666666666667 0.19445955215998684 228.0 2.6666666666666665 0.2708524784182678 179.0 3.5 0.21722389546684415 
38.00092888049184 248.0 3.4 0.2187451996927803 179.0 3.5 0.21722389546684415 202.0 3.466666666666667 0.19445955215998684 228.0 2.6666666666666665 0.2708524784182678 179.0 3.5 0.21722389546684415 
#####################################################################
# End of data export. Simulation finished at: 2020-09-16T10:28+0000 #
#####################################################################
