#####################################################################
# Alchemist log file - simulation started at: 2020-09-16T07:20+0000 #
#####################################################################
# seed = 113.0, nodeCount = 25, grain = 10, deploymentType = BarabasiAlbert
#
# The columns have the following meaning: 
# time leader-random[CountDistinct] HopCountClusterClosestNeighborDistance[leader-random] HopCountClusterIntraDistance[leader-random] leader-pageRank[CountDistinct] HopCountClusterClosestNeighborDistance[leader-pageRank] HopCountClusterIntraDistance[leader-pageRank] leader-harmonic[CountDistinct] HopCountClusterClosestNeighborDistance[leader-harmonic] HopCountClusterIntraDistance[leader-harmonic] leader-closeness[CountDistinct] HopCountClusterClosestNeighborDistance[leader-closeness] HopCountClusterIntraDistance[leader-closeness] leader-degree[CountDistinct] HopCountClusterClosestNeighborDistance[leader-degree] HopCountClusterIntraDistance[leader-degree] 
0.0 NaN NaN NaN NaN NaN NaN NaN NaN NaN NaN NaN NaN NaN NaN NaN 
1.0138456643660851 13.0 4.5 0.3333333333333333 18.0 4.220588235294118 0.0617283950617284 20.0 4.046783625730995 0.05714285714285714 9.0 4.178571428571429 0.5222222222222223 18.0 4.220588235294118 0.0617283950617284 
2.013845664366085 3.0 3.0 NaN 4.0 2.6666666666666665 0.8125 6.0 2.8 0.8589743589743589 2.0 NaN 1.5 4.0 2.6666666666666665 0.8125 
3.013845664366085 1.0 NaN 2.730769230769231 2.0 2.0 1.24 2.0 3.0 NaN 1.0 NaN 3.0384615384615383 2.0 2.0 1.24 
4.013845664366086 1.0 NaN 2.730769230769231 1.0 NaN 1.5 1.0 NaN 1.5 1.0 NaN 3.0384615384615383 1.0 NaN 1.5 
5.013845664366086 1.0 NaN 2.730769230769231 1.0 NaN 1.5 1.0 NaN 1.5 1.0 NaN 3.0384615384615383 1.0 NaN 1.5 
6.013845664366086 1.0 NaN 2.730769230769231 1.0 NaN 1.5 1.0 NaN 1.5 1.0 NaN 3.0384615384615383 1.0 NaN 1.5 
7.013845664366086 1.0 NaN 2.730769230769231 1.0 NaN 1.5 1.0 NaN 1.5 1.0 NaN 3.0384615384615383 1.0 NaN 1.5 
8.013845664366086 1.0 NaN 2.730769230769231 1.0 NaN 1.5 1.0 NaN 1.5 1.0 NaN 3.0384615384615383 1.0 NaN 1.5 
9.013845664366086 1.0 NaN 2.730769230769231 1.0 NaN 1.5 1.0 NaN 1.5 1.0 NaN 3.0384615384615383 1.0 NaN 1.5 
10.013845664366086 1.0 NaN 2.730769230769231 1.0 NaN 1.5 1.0 NaN 1.5 1.0 NaN 3.0384615384615383 1.0 NaN 1.5 
11.013845664366086 1.0 NaN 2.730769230769231 1.0 NaN 1.5 1.0 NaN 1.5 1.0 NaN 3.0384615384615383 1.0 NaN 1.5 
12.013845664366086 1.0 NaN 2.730769230769231 1.0 NaN 1.5 1.0 NaN 1.5 1.0 NaN 3.0384615384615383 1.0 NaN 1.5 
13.013845664366086 1.0 NaN 2.730769230769231 1.0 NaN 1.5 1.0 NaN 1.5 1.0 NaN 3.0384615384615383 1.0 NaN 1.5 
14.013845664366086 1.0 NaN 2.730769230769231 1.0 NaN 1.5 1.0 NaN 1.5 1.0 NaN 3.0384615384615383 1.0 NaN 1.5 
15.013845664366086 1.0 NaN 2.730769230769231 1.0 NaN 1.5 1.0 NaN 1.5 1.0 NaN 3.0384615384615383 1.0 NaN 1.5 
16.013845664366087 1.0 NaN 2.730769230769231 1.0 NaN 1.5 1.0 NaN 1.5 1.0 NaN 3.0384615384615383 1.0 NaN 1.5 
17.013845664366087 1.0 NaN 2.730769230769231 1.0 NaN 1.5 1.0 NaN 1.5 1.0 NaN 3.0384615384615383 1.0 NaN 1.5 
18.013845664366087 1.0 NaN 2.730769230769231 1.0 NaN 1.5 1.0 NaN 1.5 1.0 NaN 3.0384615384615383 1.0 NaN 1.5 
19.013845664366087 1.0 NaN 2.730769230769231 1.0 NaN 1.5 1.0 NaN 1.5 1.0 NaN 3.0384615384615383 1.0 NaN 1.5 
20.013845664366087 1.0 NaN 2.730769230769231 1.0 NaN 1.5 1.0 NaN 1.5 1.0 NaN 3.0384615384615383 1.0 NaN 1.5 
21.013845664366087 1.0 NaN 2.730769230769231 1.0 NaN 1.5 1.0 NaN 1.5 1.0 NaN 3.0384615384615383 1.0 NaN 1.5 
22.013845664366087 1.0 NaN 2.730769230769231 1.0 NaN 1.5 1.0 NaN 1.5 1.0 NaN 3.0384615384615383 1.0 NaN 1.5 
23.013845664366087 1.0 NaN 2.730769230769231 1.0 NaN 1.5 1.0 NaN 1.5 1.0 NaN 3.0384615384615383 1.0 NaN 1.5 
24.013845664366087 1.0 NaN 2.730769230769231 1.0 NaN 1.5 1.0 NaN 1.5 1.0 NaN 3.0384615384615383 1.0 NaN 1.5 
25.013845664366087 1.0 NaN 2.730769230769231 1.0 NaN 1.5 1.0 NaN 1.5 1.0 NaN 3.0384615384615383 1.0 NaN 1.5 
26.013845664366087 1.0 NaN 2.730769230769231 1.0 NaN 1.5 1.0 NaN 1.5 1.0 NaN 3.0384615384615383 1.0 NaN 1.5 
27.013845664366087 1.0 NaN 2.730769230769231 1.0 NaN 1.5 1.0 NaN 1.5 1.0 NaN 3.0384615384615383 1.0 NaN 1.5 
28.013845664366087 1.0 NaN 2.730769230769231 1.0 NaN 1.5 1.0 NaN 1.5 1.0 NaN 3.0384615384615383 1.0 NaN 1.5 
29.013845664366087 1.0 NaN 2.730769230769231 1.0 NaN 1.5 1.0 NaN 1.5 1.0 NaN 3.0384615384615383 1.0 NaN 1.5 
30.013845664366087 1.0 NaN 2.730769230769231 1.0 NaN 1.5 1.0 NaN 1.5 1.0 NaN 3.0384615384615383 1.0 NaN 1.5 
31.013845664366087 1.0 NaN 2.730769230769231 1.0 NaN 1.5 1.0 NaN 1.5 1.0 NaN 3.0384615384615383 1.0 NaN 1.5 
32.01384566436609 1.0 NaN 2.730769230769231 1.0 NaN 1.5 1.0 NaN 1.5 1.0 NaN 3.0384615384615383 1.0 NaN 1.5 
33.01384566436609 1.0 NaN 2.730769230769231 1.0 NaN 1.5 1.0 NaN 1.5 1.0 NaN 3.0384615384615383 1.0 NaN 1.5 
#####################################################################
# End of data export. Simulation finished at: 2020-09-16T07:21+0000 #
#####################################################################
