#####################################################################
# Alchemist log file - simulation started at: 2020-09-16T10:24+0000 #
#####################################################################
# seed = 36.0, nodeCount = 800, grain = 5, deploymentType = BarabasiAlbert
#
# The columns have the following meaning: 
# time leader-random[CountDistinct] HopCountClusterClosestNeighborDistance[leader-random] HopCountClusterIntraDistance[leader-random] leader-pageRank[CountDistinct] HopCountClusterClosestNeighborDistance[leader-pageRank] HopCountClusterIntraDistance[leader-pageRank] leader-harmonic[CountDistinct] HopCountClusterClosestNeighborDistance[leader-harmonic] HopCountClusterIntraDistance[leader-harmonic] leader-closeness[CountDistinct] HopCountClusterClosestNeighborDistance[leader-closeness] HopCountClusterIntraDistance[leader-closeness] leader-degree[CountDistinct] HopCountClusterClosestNeighborDistance[leader-degree] HopCountClusterIntraDistance[leader-degree] 
0.0 NaN NaN NaN NaN NaN NaN NaN NaN NaN NaN NaN NaN NaN NaN NaN 
1.000074644692362 382.0 3.066666666666667 0.20640954136931905 512.0 3.625 0.08093918592265598 590.0 3.461988304093567 0.06493865473177537 280.0 NaN 0.3676296444891743 510.0 3.625 0.08321129556724982 
2.0000746446923623 139.0 3.6666666666666665 NaN 102.0 3.5384615384615383 NaN 176.0 3.461988304093567 0.6109344227622029 202.0 NaN NaN 99.0 3.5384615384615383 NaN 
3.0000746446923623 227.0 1.0 NaN 37.0 2.4761904761904763 NaN 74.0 2.727272727272727 NaN 388.0 3.1666666666666665 NaN 34.0 2.4761904761904763 NaN 
4.000074644692362 290.0 NaN NaN 27.0 1.3333333333333333 NaN 35.0 2.466666666666667 NaN 330.0 NaN NaN 29.0 1.3333333333333333 NaN 
5.000074644692362 237.0 NaN NaN 33.0 NaN 0.09998421717171717 29.0 1.3333333333333333 NaN 269.0 4.0 NaN 33.0 NaN 0.09998421717171717 
6.000074644692362 199.0 NaN NaN 29.0 NaN 0.171246408045977 33.0 NaN 0.09998421717171717 273.0 NaN 0.3396877352880541 29.0 NaN 0.171246408045977 
7.000074644692362 196.0 NaN NaN 29.0 NaN 0.171246408045977 29.0 NaN 0.171246408045977 261.0 NaN 0.3708783674258273 29.0 NaN 0.171246408045977 
8.000074644692361 211.0 NaN 0.20471527874130493 29.0 NaN 0.171246408045977 29.0 NaN 0.171246408045977 251.0 NaN 0.3967886157084845 29.0 NaN 0.171246408045977 
9.000074644692361 205.0 NaN 0.22208905925731057 29.0 NaN 0.171246408045977 29.0 NaN 0.171246408045977 254.0 NaN 0.38855882890877796 29.0 NaN 0.171246408045977 
10.000074644692361 192.0 NaN NaN 29.0 NaN 0.171246408045977 29.0 NaN 0.171246408045977 252.0 NaN 0.3956108831064667 29.0 NaN 0.171246408045977 
11.000074644692361 191.0 NaN 0.23975218939956855 29.0 NaN 0.171246408045977 29.0 NaN 0.171246408045977 252.0 NaN 0.3956108831064667 29.0 NaN 0.171246408045977 
12.000074644692361 191.0 NaN 0.23975218939956855 29.0 NaN 0.171246408045977 29.0 NaN 0.171246408045977 252.0 NaN 0.3956108831064667 29.0 NaN 0.171246408045977 
13.000074644692361 191.0 NaN 0.23975218939956855 29.0 NaN 0.171246408045977 29.0 NaN 0.171246408045977 252.0 NaN 0.3956108831064667 29.0 NaN 0.171246408045977 
14.000074644692361 191.0 NaN 0.23975218939956855 29.0 NaN 0.171246408045977 29.0 NaN 0.171246408045977 252.0 NaN 0.3956108831064667 29.0 NaN 0.171246408045977 
15.000074644692361 191.0 NaN 0.23975218939956855 29.0 NaN 0.171246408045977 29.0 NaN 0.171246408045977 252.0 NaN 0.3956108831064667 29.0 NaN 0.171246408045977 
16.00007464469236 191.0 NaN 0.23975218939956855 29.0 NaN 0.171246408045977 29.0 NaN 0.171246408045977 252.0 NaN 0.3956108831064667 29.0 NaN 0.171246408045977 
17.00007464469236 191.0 NaN 0.23975218939956855 29.0 NaN 0.171246408045977 29.0 NaN 0.171246408045977 252.0 NaN 0.3956108831064667 29.0 NaN 0.171246408045977 
18.00007464469236 191.0 NaN 0.23975218939956855 29.0 NaN 0.171246408045977 29.0 NaN 0.171246408045977 252.0 NaN 0.3956108831064667 29.0 NaN 0.171246408045977 
19.00007464469236 191.0 NaN 0.23975218939956855 29.0 NaN 0.171246408045977 29.0 NaN 0.171246408045977 252.0 NaN 0.3956108831064667 29.0 NaN 0.171246408045977 
20.00007464469236 191.0 NaN 0.23975218939956855 29.0 NaN 0.171246408045977 29.0 NaN 0.171246408045977 252.0 NaN 0.3956108831064667 29.0 NaN 0.171246408045977 
21.00007464469236 191.0 NaN 0.23975218939956855 29.0 NaN 0.171246408045977 29.0 NaN 0.171246408045977 252.0 NaN 0.3956108831064667 29.0 NaN 0.171246408045977 
22.00007464469236 191.0 NaN 0.23975218939956855 29.0 NaN 0.171246408045977 29.0 NaN 0.171246408045977 252.0 NaN 0.3956108831064667 29.0 NaN 0.171246408045977 
23.00007464469236 191.0 NaN 0.23975218939956855 29.0 NaN 0.171246408045977 29.0 NaN 0.171246408045977 252.0 NaN 0.3956108831064667 29.0 NaN 0.171246408045977 
24.00007464469236 191.0 NaN 0.23975218939956855 29.0 NaN 0.171246408045977 29.0 NaN 0.171246408045977 252.0 NaN 0.3956108831064667 29.0 NaN 0.171246408045977 
25.00007464469236 191.0 NaN 0.23975218939956855 29.0 NaN 0.171246408045977 29.0 NaN 0.171246408045977 252.0 NaN 0.3956108831064667 29.0 NaN 0.171246408045977 
26.00007464469236 191.0 NaN 0.23975218939956855 29.0 NaN 0.171246408045977 29.0 NaN 0.171246408045977 252.0 NaN 0.3956108831064667 29.0 NaN 0.171246408045977 
27.00007464469236 191.0 NaN 0.23975218939956855 29.0 NaN 0.171246408045977 29.0 NaN 0.171246408045977 252.0 NaN 0.3956108831064667 29.0 NaN 0.171246408045977 
28.00007464469236 191.0 NaN 0.23975218939956855 29.0 NaN 0.171246408045977 29.0 NaN 0.171246408045977 252.0 NaN 0.3956108831064667 29.0 NaN 0.171246408045977 
29.00007464469236 191.0 NaN 0.23975218939956855 29.0 NaN 0.171246408045977 29.0 NaN 0.171246408045977 252.0 NaN 0.3956108831064667 29.0 NaN 0.171246408045977 
30.00007464469236 191.0 NaN 0.23975218939956855 29.0 NaN 0.171246408045977 29.0 NaN 0.171246408045977 252.0 NaN 0.3956108831064667 29.0 NaN 0.171246408045977 
31.00007464469236 191.0 NaN 0.23975218939956855 29.0 NaN 0.171246408045977 29.0 NaN 0.171246408045977 252.0 NaN 0.3956108831064667 29.0 NaN 0.171246408045977 
32.00007464469236 191.0 NaN 0.23975218939956855 29.0 NaN 0.171246408045977 29.0 NaN 0.171246408045977 252.0 NaN 0.3956108831064667 29.0 NaN 0.171246408045977 
33.00007464469236 191.0 NaN 0.23975218939956855 29.0 NaN 0.171246408045977 29.0 NaN 0.171246408045977 252.0 NaN 0.3956108831064667 29.0 NaN 0.171246408045977 
34.00007464469236 191.0 NaN 0.23975218939956855 29.0 NaN 0.171246408045977 29.0 NaN 0.171246408045977 252.0 NaN 0.3956108831064667 29.0 NaN 0.171246408045977 
35.00007464469236 191.0 NaN 0.23975218939956855 29.0 NaN 0.171246408045977 29.0 NaN 0.171246408045977 252.0 NaN 0.3956108831064667 29.0 NaN 0.171246408045977 
36.00007464469236 191.0 NaN 0.23975218939956855 29.0 NaN 0.171246408045977 29.0 NaN 0.171246408045977 252.0 NaN 0.3956108831064667 29.0 NaN 0.171246408045977 
37.00007464469236 191.0 NaN 0.23975218939956855 29.0 NaN 0.171246408045977 29.0 NaN 0.171246408045977 252.0 NaN 0.3956108831064667 29.0 NaN 0.171246408045977 
38.00007464469236 191.0 NaN 0.23975218939956855 29.0 NaN 0.171246408045977 29.0 NaN 0.171246408045977 252.0 NaN 0.3956108831064667 29.0 NaN 0.171246408045977 
39.00007464469236 191.0 NaN 0.23975218939956855 29.0 NaN 0.171246408045977 29.0 NaN 0.171246408045977 252.0 NaN 0.3956108831064667 29.0 NaN 0.171246408045977 
40.00007464469236 191.0 NaN 0.23975218939956855 29.0 NaN 0.171246408045977 29.0 NaN 0.171246408045977 252.0 NaN 0.3956108831064667 29.0 NaN 0.171246408045977 
#####################################################################
# End of data export. Simulation finished at: 2020-09-16T10:45+0000 #
#####################################################################
