#####################################################################
# Alchemist log file - simulation started at: 2020-09-15T18:46+0000 #
#####################################################################
# seed = 5.0, nodeCount = 100, grain = 6, deploymentType = Lobster
#
# The columns have the following meaning: 
# time leader-random[CountDistinct] HopCountClusterClosestNeighborDistance[leader-random] HopCountClusterIntraDistance[leader-random] leader-pageRank[CountDistinct] HopCountClusterClosestNeighborDistance[leader-pageRank] HopCountClusterIntraDistance[leader-pageRank] leader-harmonic[CountDistinct] HopCountClusterClosestNeighborDistance[leader-harmonic] HopCountClusterIntraDistance[leader-harmonic] leader-closeness[CountDistinct] HopCountClusterClosestNeighborDistance[leader-closeness] HopCountClusterIntraDistance[leader-closeness] leader-degree[CountDistinct] HopCountClusterClosestNeighborDistance[leader-degree] HopCountClusterIntraDistance[leader-degree] 
0.0 NaN NaN NaN NaN NaN NaN NaN NaN NaN NaN NaN NaN NaN NaN NaN 
1.0052461206074068 52.0 3.709090909090909 0.3261752136752137 78.0 3.3676470588235294 0.07182539682539683 89.0 3.707509881422925 0.05337078651685393 37.0 4.0 0.6303732303732305 78.0 3.5294117647058822 0.09081196581196581 
2.005246120607407 23.0 3.238095238095238 0.8196457326892109 24.0 3.0555555555555554 NaN 34.0 3.7666666666666666 0.6552521008403361 21.0 4.0 0.6555402193083352 27.0 3.3454545454545452 0.7421997755331089 
3.005246120607407 23.0 2.1666666666666665 NaN 11.0 2.2 NaN 16.0 3.1666666666666665 1.246963453213453 24.0 2.0 NaN 10.0 2.2 NaN 
4.005246120607406 34.0 2.0 NaN 5.0 2.0 NaN 10.0 3.2142857142857144 NaN 28.0 2.0 0.457024057024057 7.0 2.0 NaN 
5.005246120607406 33.0 2.0 0.34898989898989896 4.0 2.0 1.3736956521739132 7.0 2.2 NaN 20.0 NaN 0.8669948519948522 15.0 3.066666666666667 0.3656757326586549 
6.005246120607406 28.0 2.0 0.4738095238095238 6.0 2.0 0.9157971014492755 6.0 2.2 NaN 19.0 NaN 0.9389419494682654 16.0 3.4642857142857144 0.4261543327008223 
7.005246120607406 28.0 2.0 0.4738095238095238 6.0 2.0 0.9141893316466372 15.0 2.8 NaN 19.0 NaN 0.9389419494682654 11.0 3.4 0.7410729687769536 
8.005246120607406 28.0 2.0 0.4738095238095238 7.0 2.0 0.7835908556971176 28.0 3.3333333333333335 NaN 19.0 NaN 0.9389419494682654 11.0 3.4 0.7410729687769536 
9.005246120607406 28.0 2.0 0.4738095238095238 15.0 3.066666666666667 0.3656757326586549 19.0 5.0 0.39762076423936554 19.0 NaN 0.9389419494682654 11.0 3.4 0.7410729687769536 
10.005246120607406 28.0 2.0 0.4738095238095238 16.0 3.4642857142857144 0.4261543327008223 16.0 5.0 0.4982163242009133 19.0 NaN 0.9389419494682654 11.0 3.4 0.7410729687769536 
11.005246120607406 28.0 2.0 0.4738095238095238 11.0 3.4 0.7410729687769536 15.0 5.0 0.47587519025875197 19.0 NaN 0.9389419494682654 11.0 3.4 0.7410729687769536 
12.005246120607406 28.0 2.0 0.4738095238095238 11.0 3.4 0.7410729687769536 15.0 5.0 0.47587519025875197 19.0 NaN 0.9389419494682654 11.0 3.4 0.7410729687769536 
13.005246120607406 28.0 2.0 0.4738095238095238 11.0 3.4 0.7410729687769536 15.0 5.0 0.47587519025875197 19.0 NaN 0.9389419494682654 11.0 3.4 0.7410729687769536 
14.005246120607406 28.0 2.0 0.4738095238095238 11.0 3.4 0.7410729687769536 15.0 5.0 0.47587519025875197 19.0 NaN 0.9389419494682654 11.0 3.4 0.7410729687769536 
15.005246120607406 28.0 2.0 0.4738095238095238 11.0 3.4 0.7410729687769536 15.0 5.0 0.47587519025875197 19.0 NaN 0.9389419494682654 11.0 3.4 0.7410729687769536 
16.005246120607406 28.0 2.0 0.4738095238095238 11.0 3.4 0.7410729687769536 15.0 5.0 0.47587519025875197 19.0 NaN 0.9389419494682654 11.0 3.4 0.7410729687769536 
17.005246120607406 28.0 2.0 0.4738095238095238 11.0 3.4 0.7410729687769536 15.0 5.0 0.47587519025875197 19.0 NaN 0.9389419494682654 11.0 3.4 0.7410729687769536 
18.005246120607406 28.0 2.0 0.4738095238095238 11.0 3.4 0.7410729687769536 15.0 5.0 0.47587519025875197 19.0 NaN 0.9389419494682654 11.0 3.4 0.7410729687769536 
19.005246120607406 28.0 2.0 0.4738095238095238 11.0 3.4 0.7410729687769536 15.0 5.0 0.47587519025875197 19.0 NaN 0.9389419494682654 11.0 3.4 0.7410729687769536 
20.005246120607406 28.0 2.0 0.4738095238095238 11.0 3.4 0.7410729687769536 15.0 5.0 0.47587519025875197 19.0 NaN 0.9389419494682654 11.0 3.4 0.7410729687769536 
21.005246120607406 28.0 2.0 0.4738095238095238 11.0 3.4 0.7410729687769536 15.0 5.0 0.47587519025875197 19.0 NaN 0.9389419494682654 11.0 3.4 0.7410729687769536 
22.005246120607406 28.0 2.0 0.4738095238095238 11.0 3.4 0.7410729687769536 15.0 5.0 0.47587519025875197 19.0 NaN 0.9389419494682654 11.0 3.4 0.7410729687769536 
23.005246120607406 28.0 2.0 0.4738095238095238 11.0 3.4 0.7410729687769536 15.0 5.0 0.47587519025875197 19.0 NaN 0.9389419494682654 11.0 3.4 0.7410729687769536 
24.005246120607406 28.0 2.0 0.4738095238095238 11.0 3.4 0.7410729687769536 15.0 5.0 0.47587519025875197 19.0 NaN 0.9389419494682654 11.0 3.4 0.7410729687769536 
25.005246120607406 28.0 2.0 0.4738095238095238 11.0 3.4 0.7410729687769536 15.0 5.0 0.47587519025875197 19.0 NaN 0.9389419494682654 11.0 3.4 0.7410729687769536 
26.005246120607406 28.0 2.0 0.4738095238095238 11.0 3.4 0.7410729687769536 15.0 5.0 0.47587519025875197 19.0 NaN 0.9389419494682654 11.0 3.4 0.7410729687769536 
27.005246120607406 28.0 2.0 0.4738095238095238 11.0 3.4 0.7410729687769536 15.0 5.0 0.47587519025875197 19.0 NaN 0.9389419494682654 11.0 3.4 0.7410729687769536 
28.005246120607406 28.0 2.0 0.4738095238095238 11.0 3.4 0.7410729687769536 15.0 5.0 0.47587519025875197 19.0 NaN 0.9389419494682654 11.0 3.4 0.7410729687769536 
29.005246120607406 28.0 2.0 0.4738095238095238 11.0 3.4 0.7410729687769536 15.0 5.0 0.47587519025875197 19.0 NaN 0.9389419494682654 11.0 3.4 0.7410729687769536 
30.005246120607406 28.0 2.0 0.4738095238095238 11.0 3.4 0.7410729687769536 15.0 5.0 0.47587519025875197 19.0 NaN 0.9389419494682654 11.0 3.4 0.7410729687769536 
31.005246120607406 28.0 2.0 0.4738095238095238 11.0 3.4 0.7410729687769536 15.0 5.0 0.47587519025875197 19.0 NaN 0.9389419494682654 11.0 3.4 0.7410729687769536 
32.00524612060741 28.0 2.0 0.4738095238095238 11.0 3.4 0.7410729687769536 15.0 5.0 0.47587519025875197 19.0 NaN 0.9389419494682654 11.0 3.4 0.7410729687769536 
33.00524612060741 28.0 2.0 0.4738095238095238 11.0 3.4 0.7410729687769536 15.0 5.0 0.47587519025875197 19.0 NaN 0.9389419494682654 11.0 3.4 0.7410729687769536 
34.00524612060741 28.0 2.0 0.4738095238095238 11.0 3.4 0.7410729687769536 15.0 5.0 0.47587519025875197 19.0 NaN 0.9389419494682654 11.0 3.4 0.7410729687769536 
35.00524612060741 28.0 2.0 0.4738095238095238 11.0 3.4 0.7410729687769536 15.0 5.0 0.47587519025875197 19.0 NaN 0.9389419494682654 11.0 3.4 0.7410729687769536 
36.00524612060741 28.0 2.0 0.4738095238095238 11.0 3.4 0.7410729687769536 15.0 5.0 0.47587519025875197 19.0 NaN 0.9389419494682654 11.0 3.4 0.7410729687769536 
37.00524612060741 28.0 2.0 0.4738095238095238 11.0 3.4 0.7410729687769536 15.0 5.0 0.47587519025875197 19.0 NaN 0.9389419494682654 11.0 3.4 0.7410729687769536 
#####################################################################
# End of data export. Simulation finished at: 2020-09-15T18:48+0000 #
#####################################################################
