#####################################################################
# Alchemist log file - simulation started at: 2020-09-16T17:51+0000 #
#####################################################################
# seed = 127.0, nodeCount = 50, grain = 2, deploymentType = RandomEuclidean
#
# The columns have the following meaning: 
# time leader-random[CountDistinct] HopCountClusterClosestNeighborDistance[leader-random] HopCountClusterIntraDistance[leader-random] leader-pageRank[CountDistinct] HopCountClusterClosestNeighborDistance[leader-pageRank] HopCountClusterIntraDistance[leader-pageRank] leader-harmonic[CountDistinct] HopCountClusterClosestNeighborDistance[leader-harmonic] HopCountClusterIntraDistance[leader-harmonic] leader-closeness[CountDistinct] HopCountClusterClosestNeighborDistance[leader-closeness] HopCountClusterIntraDistance[leader-closeness] leader-degree[CountDistinct] HopCountClusterClosestNeighborDistance[leader-degree] HopCountClusterIntraDistance[leader-degree] 
0.0 NaN NaN NaN NaN NaN NaN NaN NaN NaN NaN NaN NaN NaN NaN NaN 
1.0073788309753948 37.0 4.1 0.11396396396396397 48.0 3.8949275362318843 0.020833333333333332 48.0 3.986666666666667 0.020833333333333332 28.0 3.961904761904762 0.27261904761904765 47.0 3.8949275362318843 0.031914893617021274 
2.007378830975395 28.0 4.2967032967032965 0.29642857142857143 39.0 3.9894736842105263 0.12735042735042734 29.0 4.1454545454545455 0.34195402298850575 28.0 3.961904761904762 0.27261904761904765 28.0 4.109090909090909 0.3244047619047619 
3.007378830975395 28.0 4.230769230769231 0.26071428571428573 35.0 4.220588235294118 0.15 28.0 4.472727272727273 0.21904761904761902 28.0 3.961904761904762 0.27261904761904765 27.0 4.181818181818182 0.245679012345679 
4.007378830975394 28.0 4.230769230769231 0.26071428571428573 35.0 4.058333333333334 0.17142857142857143 28.0 4.472727272727273 0.21904761904761902 28.0 3.961904761904762 0.27261904761904765 27.0 4.181818181818182 0.245679012345679 
5.007378830975394 28.0 4.230769230769231 0.26071428571428573 35.0 4.176470588235294 0.14285714285714285 27.0 4.377777777777778 0.245679012345679 28.0 3.961904761904762 0.27261904761904765 27.0 4.181818181818182 0.245679012345679 
6.007378830975394 28.0 4.230769230769231 0.26071428571428573 35.0 4.176470588235294 0.1595238095238095 27.0 4.377777777777778 0.245679012345679 28.0 3.961904761904762 0.27261904761904765 27.0 4.181818181818182 0.245679012345679 
7.007378830975394 28.0 4.230769230769231 0.26071428571428573 35.0 4.176470588235294 0.13095238095238093 27.0 4.377777777777778 0.245679012345679 28.0 3.961904761904762 0.27261904761904765 27.0 4.181818181818182 0.245679012345679 
8.007378830975394 28.0 4.230769230769231 0.26071428571428573 35.0 4.176470588235294 0.13095238095238093 27.0 4.377777777777778 0.245679012345679 28.0 3.961904761904762 0.27261904761904765 27.0 4.181818181818182 0.245679012345679 
9.007378830975394 28.0 4.230769230769231 0.26071428571428573 35.0 4.176470588235294 0.13095238095238093 27.0 4.377777777777778 0.245679012345679 28.0 3.961904761904762 0.27261904761904765 27.0 4.181818181818182 0.245679012345679 
10.007378830975394 28.0 4.230769230769231 0.26071428571428573 35.0 4.176470588235294 0.13095238095238093 27.0 4.377777777777778 0.245679012345679 28.0 3.961904761904762 0.27261904761904765 27.0 4.181818181818182 0.245679012345679 
11.007378830975394 28.0 4.230769230769231 0.26071428571428573 35.0 4.176470588235294 0.13095238095238093 27.0 4.377777777777778 0.245679012345679 28.0 3.961904761904762 0.27261904761904765 27.0 4.181818181818182 0.245679012345679 
12.007378830975394 28.0 4.230769230769231 0.26071428571428573 35.0 4.176470588235294 0.13095238095238093 27.0 4.377777777777778 0.245679012345679 28.0 3.961904761904762 0.27261904761904765 27.0 4.181818181818182 0.245679012345679 
13.007378830975394 28.0 4.230769230769231 0.26071428571428573 35.0 4.176470588235294 0.13095238095238093 27.0 4.377777777777778 0.245679012345679 28.0 3.961904761904762 0.27261904761904765 27.0 4.181818181818182 0.245679012345679 
14.007378830975394 28.0 4.230769230769231 0.26071428571428573 35.0 4.176470588235294 0.13095238095238093 27.0 4.377777777777778 0.245679012345679 28.0 3.961904761904762 0.27261904761904765 27.0 4.181818181818182 0.245679012345679 
15.007378830975394 28.0 4.230769230769231 0.26071428571428573 35.0 4.176470588235294 0.13095238095238093 27.0 4.377777777777778 0.245679012345679 28.0 3.961904761904762 0.27261904761904765 27.0 4.181818181818182 0.245679012345679 
16.007378830975394 28.0 4.230769230769231 0.26071428571428573 35.0 4.176470588235294 0.13095238095238093 27.0 4.377777777777778 0.245679012345679 28.0 3.961904761904762 0.27261904761904765 27.0 4.181818181818182 0.245679012345679 
17.007378830975394 28.0 4.230769230769231 0.26071428571428573 35.0 4.176470588235294 0.13095238095238093 27.0 4.377777777777778 0.245679012345679 28.0 3.961904761904762 0.27261904761904765 27.0 4.181818181818182 0.245679012345679 
18.007378830975394 28.0 4.230769230769231 0.26071428571428573 35.0 4.176470588235294 0.13095238095238093 27.0 4.377777777777778 0.245679012345679 28.0 3.961904761904762 0.27261904761904765 27.0 4.181818181818182 0.245679012345679 
19.007378830975394 28.0 4.230769230769231 0.26071428571428573 35.0 4.176470588235294 0.13095238095238093 27.0 4.377777777777778 0.245679012345679 28.0 3.961904761904762 0.27261904761904765 27.0 4.181818181818182 0.245679012345679 
20.007378830975394 28.0 4.230769230769231 0.26071428571428573 34.0 4.1 0.14950980392156862 27.0 4.377777777777778 0.245679012345679 28.0 3.961904761904762 0.27261904761904765 27.0 4.181818181818182 0.245679012345679 
21.007378830975394 28.0 4.230769230769231 0.26071428571428573 33.0 4.308333333333334 0.14292929292929293 27.0 4.377777777777778 0.245679012345679 28.0 3.961904761904762 0.27261904761904765 27.0 4.181818181818182 0.245679012345679 
22.007378830975394 28.0 4.230769230769231 0.26071428571428573 30.0 4.228571428571429 0.19333333333333333 27.0 4.377777777777778 0.245679012345679 28.0 3.961904761904762 0.27261904761904765 27.0 4.181818181818182 0.245679012345679 
23.007378830975394 28.0 4.230769230769231 0.26071428571428573 30.0 4.433333333333334 0.18222222222222223 27.0 4.377777777777778 0.245679012345679 28.0 3.961904761904762 0.27261904761904765 27.0 4.181818181818182 0.245679012345679 
24.007378830975394 28.0 4.230769230769231 0.26071428571428573 29.0 4.274725274725275 0.2057471264367816 27.0 4.377777777777778 0.245679012345679 28.0 3.961904761904762 0.27261904761904765 27.0 4.181818181818182 0.245679012345679 
25.007378830975394 28.0 4.230769230769231 0.26071428571428573 27.0 4.212121212121212 0.2580246913580247 27.0 4.377777777777778 0.245679012345679 28.0 3.961904761904762 0.27261904761904765 27.0 4.181818181818182 0.245679012345679 
26.007378830975394 28.0 4.230769230769231 0.26071428571428573 27.0 4.564102564102564 0.245679012345679 27.0 4.377777777777778 0.245679012345679 28.0 3.961904761904762 0.27261904761904765 27.0 4.181818181818182 0.245679012345679 
27.007378830975394 28.0 4.230769230769231 0.26071428571428573 26.0 4.5 0.27435897435897433 27.0 4.377777777777778 0.245679012345679 28.0 3.961904761904762 0.27261904761904765 27.0 4.181818181818182 0.245679012345679 
28.007378830975394 28.0 4.230769230769231 0.26071428571428573 26.0 4.5 0.27435897435897433 27.0 4.377777777777778 0.245679012345679 28.0 3.961904761904762 0.27261904761904765 27.0 4.181818181818182 0.245679012345679 
29.007378830975394 28.0 4.230769230769231 0.26071428571428573 26.0 4.5 0.27435897435897433 27.0 4.377777777777778 0.245679012345679 28.0 3.961904761904762 0.27261904761904765 27.0 4.181818181818182 0.245679012345679 
30.007378830975394 28.0 4.230769230769231 0.26071428571428573 26.0 4.5 0.27435897435897433 27.0 4.377777777777778 0.245679012345679 28.0 3.961904761904762 0.27261904761904765 27.0 4.181818181818182 0.245679012345679 
31.007378830975394 28.0 4.230769230769231 0.26071428571428573 26.0 4.5 0.27435897435897433 27.0 4.377777777777778 0.245679012345679 28.0 3.961904761904762 0.27261904761904765 27.0 4.181818181818182 0.245679012345679 
#####################################################################
# End of data export. Simulation finished at: 2020-09-16T17:52+0000 #
#####################################################################
