#####################################################################
# Alchemist log file - simulation started at: 2020-09-16T07:49+0000 #
#####################################################################
# seed = 22.0, nodeCount = 50, grain = 4, deploymentType = BarabasiAlbert
#
# The columns have the following meaning: 
# time leader-random[CountDistinct] HopCountClusterClosestNeighborDistance[leader-random] HopCountClusterIntraDistance[leader-random] leader-pageRank[CountDistinct] HopCountClusterClosestNeighborDistance[leader-pageRank] HopCountClusterIntraDistance[leader-pageRank] leader-harmonic[CountDistinct] HopCountClusterClosestNeighborDistance[leader-harmonic] HopCountClusterIntraDistance[leader-harmonic] leader-closeness[CountDistinct] HopCountClusterClosestNeighborDistance[leader-closeness] HopCountClusterIntraDistance[leader-closeness] leader-degree[CountDistinct] HopCountClusterClosestNeighborDistance[leader-degree] HopCountClusterIntraDistance[leader-degree] 
0.0 NaN NaN NaN NaN NaN NaN NaN NaN NaN NaN NaN NaN NaN NaN NaN 
1.0240146595038315 23.0 3.7142857142857144 0.18052930056710775 43.0 3.5904761904761906 0.06589147286821705 48.0 3.675889328063241 0.03125 21.0 3.7142857142857144 0.4894557823129252 45.0 3.6147186147186146 0.059259259259259255 
2.0240146595038313 3.0 NaN 0.7278911564625851 10.0 3.2777777777777777 0.9866666666666667 18.0 3.475 0.674074074074074 12.0 3.0 0.39294871794871794 10.0 3.2222222222222223 1.0786796536796537 
3.0240146595038313 2.0 NaN 1.1 3.0 3.0 1.2474012474012472 8.0 3.238095238095238 NaN 16.0 3.1666666666666665 0.29791666666666666 5.0 2.6666666666666665 NaN 
4.024014659503831 2.0 NaN 1.1 5.0 2.6666666666666665 NaN 3.0 3.0 1.2474012474012472 15.0 4.166666666666667 0.3844444444444444 4.0 3.0 0.6569148936170213 
5.024014659503831 2.0 NaN 1.1 5.0 3.0 0.425531914893617 5.0 2.6666666666666665 NaN 13.0 4.0 0.4897435897435898 4.0 3.0 0.6569148936170213 
6.024014659503831 2.0 NaN 1.1 5.0 3.0 0.425531914893617 5.0 3.0 0.425531914893617 13.0 4.0 0.4897435897435898 4.0 3.0 0.6569148936170213 
7.024014659503831 2.0 NaN 1.1 5.0 3.0 0.425531914893617 4.0 3.0 0.6569148936170213 13.0 4.0 0.4897435897435898 4.0 3.0 0.6569148936170213 
8.02401465950383 2.0 NaN 1.1 5.0 3.0 0.425531914893617 4.0 3.0 0.6569148936170213 13.0 4.0 0.4897435897435898 4.0 3.0 0.6569148936170213 
9.02401465950383 2.0 NaN 1.1 4.0 3.0 0.6569148936170213 4.0 3.0 0.6569148936170213 13.0 4.0 0.4897435897435898 4.0 3.0 0.6569148936170213 
10.02401465950383 2.0 NaN 1.1 4.0 3.0 0.6569148936170213 4.0 3.0 0.6569148936170213 13.0 4.0 0.4897435897435898 4.0 3.0 0.6569148936170213 
11.02401465950383 2.0 NaN 1.1 4.0 3.0 0.6569148936170213 4.0 3.0 0.6569148936170213 13.0 4.0 0.4897435897435898 4.0 3.0 0.6569148936170213 
12.02401465950383 2.0 NaN 1.1 4.0 3.0 0.6569148936170213 4.0 3.0 0.6569148936170213 13.0 4.0 0.4897435897435898 4.0 3.0 0.6569148936170213 
13.02401465950383 2.0 NaN 1.1 4.0 3.0 0.6569148936170213 4.0 3.0 0.6569148936170213 13.0 4.0 0.4897435897435898 4.0 3.0 0.6569148936170213 
14.02401465950383 2.0 NaN 1.1 4.0 3.0 0.6569148936170213 4.0 3.0 0.6569148936170213 13.0 4.0 0.4897435897435898 4.0 3.0 0.6569148936170213 
15.02401465950383 2.0 NaN 1.1 4.0 3.0 0.6569148936170213 4.0 3.0 0.6569148936170213 13.0 4.0 0.4897435897435898 4.0 3.0 0.6569148936170213 
16.02401465950383 2.0 NaN 1.1 4.0 3.0 0.6569148936170213 4.0 3.0 0.6569148936170213 13.0 4.0 0.4897435897435898 4.0 3.0 0.6569148936170213 
17.02401465950383 2.0 NaN 1.1 4.0 3.0 0.6569148936170213 4.0 3.0 0.6569148936170213 13.0 4.0 0.4897435897435898 4.0 3.0 0.6569148936170213 
18.02401465950383 2.0 NaN 1.1 4.0 3.0 0.6569148936170213 4.0 3.0 0.6569148936170213 13.0 4.0 0.4897435897435898 4.0 3.0 0.6569148936170213 
19.02401465950383 2.0 NaN 1.1 4.0 3.0 0.6569148936170213 4.0 3.0 0.6569148936170213 13.0 4.0 0.4897435897435898 4.0 3.0 0.6569148936170213 
20.02401465950383 2.0 NaN 1.1 4.0 3.0 0.6569148936170213 4.0 3.0 0.6569148936170213 13.0 4.0 0.4897435897435898 4.0 3.0 0.6569148936170213 
21.02401465950383 2.0 NaN 1.1 4.0 3.0 0.6569148936170213 4.0 3.0 0.6569148936170213 13.0 4.0 0.4897435897435898 4.0 3.0 0.6569148936170213 
22.02401465950383 2.0 NaN 1.1 4.0 3.0 0.6569148936170213 4.0 3.0 0.6569148936170213 13.0 4.0 0.4897435897435898 4.0 3.0 0.6569148936170213 
23.02401465950383 2.0 NaN 1.1 4.0 3.0 0.6569148936170213 4.0 3.0 0.6569148936170213 13.0 4.0 0.4897435897435898 4.0 3.0 0.6569148936170213 
24.02401465950383 2.0 NaN 1.1 4.0 3.0 0.6569148936170213 4.0 3.0 0.6569148936170213 13.0 4.0 0.4897435897435898 4.0 3.0 0.6569148936170213 
25.02401465950383 2.0 NaN 1.1 4.0 3.0 0.6569148936170213 4.0 3.0 0.6569148936170213 13.0 4.0 0.4897435897435898 4.0 3.0 0.6569148936170213 
26.02401465950383 2.0 NaN 1.1 4.0 3.0 0.6569148936170213 4.0 3.0 0.6569148936170213 13.0 4.0 0.4897435897435898 4.0 3.0 0.6569148936170213 
27.02401465950383 2.0 NaN 1.1 4.0 3.0 0.6569148936170213 4.0 3.0 0.6569148936170213 13.0 4.0 0.4897435897435898 4.0 3.0 0.6569148936170213 
28.02401465950383 2.0 NaN 1.1 4.0 3.0 0.6569148936170213 4.0 3.0 0.6569148936170213 13.0 4.0 0.4897435897435898 4.0 3.0 0.6569148936170213 
29.02401465950383 2.0 NaN 1.1 4.0 3.0 0.6569148936170213 4.0 3.0 0.6569148936170213 13.0 4.0 0.4897435897435898 4.0 3.0 0.6569148936170213 
30.02401465950383 2.0 NaN 1.1 4.0 3.0 0.6569148936170213 4.0 3.0 0.6569148936170213 13.0 4.0 0.4897435897435898 4.0 3.0 0.6569148936170213 
31.02401465950383 2.0 NaN 1.1 4.0 3.0 0.6569148936170213 4.0 3.0 0.6569148936170213 13.0 4.0 0.4897435897435898 4.0 3.0 0.6569148936170213 
32.024014659503834 2.0 NaN 1.1 4.0 3.0 0.6569148936170213 4.0 3.0 0.6569148936170213 13.0 4.0 0.4897435897435898 4.0 3.0 0.6569148936170213 
33.024014659503834 2.0 NaN 1.1 4.0 3.0 0.6569148936170213 4.0 3.0 0.6569148936170213 13.0 4.0 0.4897435897435898 4.0 3.0 0.6569148936170213 
34.024014659503834 2.0 NaN 1.1 4.0 3.0 0.6569148936170213 4.0 3.0 0.6569148936170213 13.0 4.0 0.4897435897435898 4.0 3.0 0.6569148936170213 
35.024014659503834 2.0 NaN 1.1 4.0 3.0 0.6569148936170213 4.0 3.0 0.6569148936170213 13.0 4.0 0.4897435897435898 4.0 3.0 0.6569148936170213 
36.024014659503834 2.0 NaN 1.1 4.0 3.0 0.6569148936170213 4.0 3.0 0.6569148936170213 13.0 4.0 0.4897435897435898 4.0 3.0 0.6569148936170213 
#####################################################################
# End of data export. Simulation finished at: 2020-09-16T07:50+0000 #
#####################################################################
