#####################################################################
# Alchemist log file - simulation started at: 2020-09-17T01:50+0000 #
#####################################################################
# seed = 76.0, nodeCount = 400, grain = 5, deploymentType = RandomEuclidean
#
# The columns have the following meaning: 
# time leader-random[CountDistinct] HopCountClusterClosestNeighborDistance[leader-random] HopCountClusterIntraDistance[leader-random] leader-pageRank[CountDistinct] HopCountClusterClosestNeighborDistance[leader-pageRank] HopCountClusterIntraDistance[leader-pageRank] leader-harmonic[CountDistinct] HopCountClusterClosestNeighborDistance[leader-harmonic] HopCountClusterIntraDistance[leader-harmonic] leader-closeness[CountDistinct] HopCountClusterClosestNeighborDistance[leader-closeness] HopCountClusterIntraDistance[leader-closeness] leader-degree[CountDistinct] HopCountClusterClosestNeighborDistance[leader-degree] HopCountClusterIntraDistance[leader-degree] 
0.0 NaN NaN NaN NaN NaN NaN NaN NaN NaN NaN NaN NaN NaN NaN NaN 
1.0039670151038471 83.0 Infinity 0.5671674794415758 243.0 Infinity 0.23651936769220716 324.0 Infinity 0.10704732510288065 37.0 NaN 0.959223600337604 240.0 Infinity 0.2624404761904761 
2.0039670151038473 18.0 Infinity NaN 51.0 Infinity NaN 148.0 Infinity NaN 17.0 NaN NaN 53.0 Infinity NaN 
3.0039670151038473 15.0 Infinity NaN 20.0 NaN NaN 80.0 Infinity NaN 36.0 Infinity NaN 23.0 NaN NaN 
4.003967015103847 21.0 Infinity NaN 25.0 NaN NaN 56.0 Infinity NaN 57.0 Infinity NaN 27.0 NaN NaN 
5.003967015103847 22.0 Infinity 1.0007665015396976 55.0 Infinity 0.3157482229516426 45.0 NaN NaN 27.0 Infinity 0.7129853546356814 37.0 NaN 0.4677041897729497 
6.003967015103847 46.0 Infinity 0.48796270463932917 43.0 Infinity NaN 85.0 Infinity NaN 17.0 Infinity 1.0331340072260788 53.0 NaN 0.3771687711881372 
7.003967015103847 25.0 NaN NaN 23.0 Infinity NaN 115.0 Infinity NaN 16.0 Infinity 1.102913216011042 24.0 NaN 0.8484682141028376 
8.003967015103846 18.0 NaN 1.1465535440565322 14.0 NaN 1.1467975282998573 37.0 Infinity NaN 16.0 Infinity 1.102913216011042 15.0 NaN 1.293532817189668 
9.003967015103846 13.0 NaN 1.577920291770583 14.0 NaN 1.1467975282998573 17.0 NaN NaN 16.0 Infinity 1.102913216011042 18.0 NaN 1.0648805301178634 
10.003967015103846 13.0 NaN 1.577920291770583 13.0 NaN 1.2734742612460002 35.0 Infinity NaN 16.0 Infinity 1.102913216011042 18.0 NaN 1.0463620115993448 
11.003967015103846 13.0 NaN 1.577920291770583 13.0 NaN 1.2734742612460002 36.0 Infinity NaN 16.0 Infinity 1.102913216011042 15.0 NaN 1.2667455250303248 
12.003967015103846 13.0 NaN 1.577920291770583 13.0 NaN 1.2734742612460002 20.0 Infinity 1.0912837082958242 16.0 Infinity 1.102913216011042 15.0 NaN 1.2667455250303248 
13.003967015103846 13.0 NaN 1.577920291770583 13.0 NaN 1.2734742612460002 16.0 Infinity 1.5693473093624541 16.0 Infinity 1.102913216011042 15.0 NaN 1.2667455250303248 
14.003967015103846 13.0 NaN 1.577920291770583 13.0 NaN 1.2734742612460002 15.0 Infinity NaN 16.0 Infinity 1.102913216011042 15.0 NaN 1.2667455250303248 
15.003967015103846 13.0 NaN 1.577920291770583 13.0 NaN 1.2734742612460002 19.0 Infinity 1.124440244321419 16.0 Infinity 1.102913216011042 15.0 NaN 1.2667455250303248 
16.003967015103846 13.0 NaN 1.577920291770583 13.0 NaN 1.2734742612460002 16.0 Infinity 1.382147790131685 16.0 Infinity 1.102913216011042 15.0 NaN 1.2667455250303248 
17.003967015103846 13.0 NaN 1.577920291770583 13.0 NaN 1.2734742612460002 15.0 Infinity 1.4776243094737973 16.0 Infinity 1.102913216011042 15.0 NaN 1.2667455250303248 
18.003967015103846 13.0 NaN 1.577920291770583 13.0 NaN 1.2734742612460002 15.0 Infinity 1.4776243094737973 16.0 Infinity 1.102913216011042 15.0 NaN 1.2667455250303248 
19.003967015103846 13.0 NaN 1.577920291770583 13.0 NaN 1.2734742612460002 15.0 Infinity 1.4776243094737973 16.0 Infinity 1.102913216011042 15.0 NaN 1.2667455250303248 
20.003967015103846 13.0 NaN 1.577920291770583 13.0 NaN 1.2734742612460002 15.0 Infinity 1.4776243094737973 16.0 Infinity 1.102913216011042 15.0 NaN 1.2667455250303248 
21.003967015103846 13.0 NaN 1.577920291770583 13.0 NaN 1.2734742612460002 15.0 Infinity 1.4776243094737973 16.0 Infinity 1.102913216011042 15.0 NaN 1.2667455250303248 
22.003967015103846 13.0 NaN 1.577920291770583 13.0 NaN 1.2734742612460002 15.0 Infinity 1.4776243094737973 16.0 Infinity 1.102913216011042 15.0 NaN 1.2667455250303248 
23.003967015103846 13.0 NaN 1.577920291770583 13.0 NaN 1.2734742612460002 15.0 Infinity 1.4776243094737973 16.0 Infinity 1.102913216011042 15.0 NaN 1.2667455250303248 
24.003967015103846 13.0 NaN 1.577920291770583 13.0 NaN 1.2734742612460002 15.0 Infinity 1.4776243094737973 16.0 Infinity 1.102913216011042 15.0 NaN 1.2667455250303248 
25.003967015103846 13.0 NaN 1.577920291770583 12.0 NaN 1.4212637830165002 15.0 Infinity 1.4776243094737973 16.0 Infinity 1.102913216011042 15.0 NaN 1.2667455250303248 
26.003967015103846 13.0 NaN 1.577920291770583 12.0 NaN 1.4212637830165002 15.0 Infinity 1.4776243094737973 16.0 Infinity 1.102913216011042 15.0 NaN 1.2667455250303248 
27.003967015103846 13.0 NaN 1.577920291770583 12.0 NaN 1.4212637830165002 15.0 Infinity 1.4776243094737973 16.0 Infinity 1.102913216011042 15.0 NaN 1.2667455250303248 
28.003967015103846 13.0 NaN 1.577920291770583 12.0 NaN 1.4212637830165002 15.0 Infinity 1.4776243094737973 16.0 Infinity 1.102913216011042 15.0 NaN 1.2667455250303248 
29.003967015103846 13.0 NaN 1.577920291770583 12.0 NaN 1.4212637830165002 15.0 Infinity 1.4776243094737973 16.0 Infinity 1.102913216011042 15.0 NaN 1.2667455250303248 
30.003967015103846 13.0 NaN 1.577920291770583 12.0 NaN 1.4212637830165002 15.0 Infinity 1.4776243094737973 16.0 Infinity 1.102913216011042 15.0 NaN 1.2667455250303248 
31.003967015103846 13.0 NaN 1.577920291770583 12.0 NaN 1.4212637830165002 15.0 Infinity 1.4776243094737973 16.0 Infinity 1.102913216011042 15.0 NaN 1.2667455250303248 
32.00396701510385 13.0 NaN 1.577920291770583 12.0 NaN 1.4212637830165002 15.0 Infinity 1.4776243094737973 16.0 Infinity 1.102913216011042 15.0 NaN 1.2667455250303248 
33.00396701510385 13.0 NaN 1.577920291770583 12.0 NaN 1.4212637830165002 15.0 Infinity 1.4776243094737973 16.0 Infinity 1.102913216011042 15.0 NaN 1.2667455250303248 
34.00396701510385 13.0 NaN 1.577920291770583 12.0 NaN 1.4212637830165002 15.0 Infinity 1.4776243094737973 16.0 Infinity 1.102913216011042 15.0 NaN 1.2667455250303248 
35.00396701510385 13.0 NaN 1.577920291770583 12.0 NaN 1.4212637830165002 15.0 Infinity 1.4776243094737973 16.0 Infinity 1.102913216011042 15.0 NaN 1.2667455250303248 
36.00396701510385 13.0 NaN 1.577920291770583 12.0 NaN 1.4212637830165002 15.0 Infinity 1.4776243094737973 16.0 Infinity 1.102913216011042 15.0 NaN 1.2667455250303248 
37.00396701510385 13.0 NaN 1.577920291770583 12.0 NaN 1.4212637830165002 15.0 Infinity 1.4776243094737973 16.0 Infinity 1.102913216011042 15.0 NaN 1.2667455250303248 
38.00396701510385 13.0 NaN 1.577920291770583 12.0 NaN 1.4212637830165002 15.0 Infinity 1.4776243094737973 16.0 Infinity 1.102913216011042 15.0 NaN 1.2667455250303248 
39.00396701510385 13.0 NaN 1.577920291770583 12.0 NaN 1.4212637830165002 15.0 Infinity 1.4776243094737973 16.0 Infinity 1.102913216011042 15.0 NaN 1.2667455250303248 
40.00396701510385 13.0 NaN 1.577920291770583 12.0 NaN 1.4212637830165002 15.0 Infinity 1.4776243094737973 16.0 Infinity 1.102913216011042 15.0 NaN 1.2667455250303248 
41.00396701510385 13.0 NaN 1.577920291770583 12.0 NaN 1.4212637830165002 15.0 Infinity 1.4776243094737973 16.0 Infinity 1.102913216011042 15.0 NaN 1.2667455250303248 
42.00396701510385 13.0 NaN 1.577920291770583 12.0 NaN 1.4212637830165002 15.0 Infinity 1.4776243094737973 16.0 Infinity 1.102913216011042 15.0 NaN 1.2667455250303248 
43.00396701510385 13.0 NaN 1.577920291770583 12.0 NaN 1.4212637830165002 15.0 Infinity 1.4776243094737973 16.0 Infinity 1.102913216011042 15.0 NaN 1.2667455250303248 
44.00396701510385 13.0 NaN 1.577920291770583 12.0 NaN 1.4212637830165002 15.0 Infinity 1.4776243094737973 16.0 Infinity 1.102913216011042 15.0 NaN 1.2667455250303248 
45.00396701510385 13.0 NaN 1.577920291770583 12.0 NaN 1.4212637830165002 15.0 Infinity 1.4776243094737973 16.0 Infinity 1.102913216011042 15.0 NaN 1.2667455250303248 
#####################################################################
# End of data export. Simulation finished at: 2020-09-17T06:51+0000 #
#####################################################################
