#####################################################################
# Alchemist log file - simulation started at: 2020-09-16T00:44+0000 #
#####################################################################
# seed = 26.0, nodeCount = 100, grain = 3, deploymentType = RandomEuclidean
#
# The columns have the following meaning: 
# time leader-random[CountDistinct] HopCountClusterClosestNeighborDistance[leader-random] HopCountClusterIntraDistance[leader-random] leader-pageRank[CountDistinct] HopCountClusterClosestNeighborDistance[leader-pageRank] HopCountClusterIntraDistance[leader-pageRank] leader-harmonic[CountDistinct] HopCountClusterClosestNeighborDistance[leader-harmonic] HopCountClusterIntraDistance[leader-harmonic] leader-closeness[CountDistinct] HopCountClusterClosestNeighborDistance[leader-closeness] HopCountClusterIntraDistance[leader-closeness] leader-degree[CountDistinct] HopCountClusterClosestNeighborDistance[leader-degree] HopCountClusterIntraDistance[leader-degree] 
0.0 NaN NaN NaN NaN NaN NaN NaN NaN NaN NaN NaN NaN NaN NaN NaN 
1.0068039253412677 54.0 3.3142857142857145 0.2839506172839506 94.0 3.6284584980237153 0.031914893617021274 95.0 3.541501976284585 0.02631578947368421 37.0 3.2 0.4976190476190477 90.0 3.4857142857142858 0.05555555555555555 
2.0068039253412677 37.0 4.0 NaN 55.0 3.566666666666667 0.25757575757575757 51.0 3.2777777777777777 0.4127450980392157 34.0 3.8095238095238093 NaN 43.0 3.311111111111111 0.5213178294573645 
3.0068039253412677 36.0 3.8333333333333335 0.4759940676607343 42.0 3.7818181818181817 NaN 41.0 3.3333333333333335 NaN 34.0 3.8095238095238093 0.5214094728800612 34.0 4.2 NaN 
4.006803925341268 33.0 3.9642857142857144 0.5798723162359526 41.0 3.8636363636363638 0.30524759793052475 39.0 3.4444444444444446 NaN 32.0 3.6666666666666665 0.585247564935065 33.0 4.2 0.47107000743364374 
5.006803925341268 32.0 3.9642857142857144 0.5729933261183261 40.0 3.8636363636363638 0.3170454545454545 36.0 3.577777777777778 0.3884081196581197 32.0 3.6666666666666665 0.585247564935065 32.0 4.2 0.5014159451659451 
6.006803925341268 32.0 3.9642857142857144 0.5729933261183261 41.0 4.1454545454545455 0.287012987012987 32.0 3.619047619047619 0.5775841346153847 32.0 3.6666666666666665 0.585247564935065 32.0 4.2 0.5326659451659451 
7.006803925341268 32.0 3.9642857142857144 0.5729933261183261 40.0 4.1454545454545455 0.3066883116883117 31.0 3.607142857142857 NaN 32.0 3.6666666666666665 0.585247564935065 32.0 4.2 0.5014159451659451 
8.006803925341268 32.0 3.9642857142857144 0.5729933261183261 39.0 4.1454545454545455 0.3166888666888667 31.0 3.607142857142857 0.5058933002481389 32.0 3.6666666666666665 0.585247564935065 32.0 4.2 0.5014159451659451 
9.006803925341268 32.0 3.9642857142857144 0.5729933261183261 39.0 4.1454545454545455 0.3166888666888667 31.0 3.607142857142857 0.5058933002481389 32.0 3.6666666666666665 0.585247564935065 32.0 4.2 0.5014159451659451 
10.006803925341268 32.0 3.9642857142857144 0.5729933261183261 39.0 4.1454545454545455 0.3166888666888667 31.0 3.607142857142857 0.5058933002481389 32.0 3.6666666666666665 0.585247564935065 32.0 4.2 0.5014159451659451 
11.006803925341268 32.0 3.9642857142857144 0.5729933261183261 39.0 4.1454545454545455 0.3166888666888667 31.0 3.607142857142857 0.5058933002481389 32.0 3.6666666666666665 0.585247564935065 32.0 4.2 0.5014159451659451 
12.006803925341268 32.0 3.9642857142857144 0.5729933261183261 39.0 4.1454545454545455 0.3166888666888667 31.0 3.607142857142857 0.5058933002481389 32.0 3.6666666666666665 0.585247564935065 32.0 4.2 0.5014159451659451 
13.006803925341268 32.0 3.9642857142857144 0.5729933261183261 39.0 4.1454545454545455 0.3166888666888667 31.0 3.607142857142857 0.5058933002481389 32.0 3.6666666666666665 0.585247564935065 32.0 4.2 0.5014159451659451 
14.006803925341268 32.0 3.9642857142857144 0.5729933261183261 39.0 4.1454545454545455 0.3166888666888667 31.0 3.607142857142857 0.5058933002481389 32.0 3.6666666666666665 0.585247564935065 32.0 4.2 0.5014159451659451 
15.006803925341268 32.0 3.9642857142857144 0.5729933261183261 39.0 4.1454545454545455 0.3166888666888667 31.0 3.607142857142857 0.5058933002481389 32.0 3.6666666666666665 0.585247564935065 32.0 4.2 0.5014159451659451 
16.006803925341266 32.0 3.9642857142857144 0.5729933261183261 39.0 4.1454545454545455 0.3166888666888667 31.0 3.607142857142857 0.5058933002481389 32.0 3.6666666666666665 0.585247564935065 32.0 4.2 0.5014159451659451 
17.006803925341266 32.0 3.9642857142857144 0.5729933261183261 38.0 4.4 0.33818067897015264 31.0 3.607142857142857 0.5058933002481389 32.0 3.6666666666666665 0.585247564935065 32.0 4.2 0.5014159451659451 
18.006803925341266 32.0 3.9642857142857144 0.5729933261183261 38.0 4.4 0.33818067897015264 31.0 3.607142857142857 0.5058933002481389 32.0 3.6666666666666665 0.585247564935065 32.0 4.2 0.5014159451659451 
19.006803925341266 32.0 3.9642857142857144 0.5729933261183261 38.0 4.4 0.33818067897015264 31.0 3.607142857142857 0.5058933002481389 32.0 3.6666666666666665 0.585247564935065 32.0 4.2 0.5014159451659451 
20.006803925341266 32.0 3.9642857142857144 0.5729933261183261 38.0 4.4 0.33818067897015264 31.0 3.607142857142857 0.5058933002481389 32.0 3.6666666666666665 0.585247564935065 32.0 4.2 0.5014159451659451 
21.006803925341266 32.0 3.9642857142857144 0.5729933261183261 38.0 4.4 0.33818067897015264 31.0 3.607142857142857 0.5058933002481389 32.0 3.6666666666666665 0.585247564935065 32.0 4.2 0.5014159451659451 
22.006803925341266 32.0 3.9642857142857144 0.5729933261183261 38.0 4.4 0.33818067897015264 31.0 3.607142857142857 0.5058933002481389 32.0 3.6666666666666665 0.585247564935065 32.0 4.2 0.5014159451659451 
23.006803925341266 32.0 3.9642857142857144 0.5729933261183261 38.0 4.4 0.33818067897015264 31.0 3.607142857142857 0.5058933002481389 32.0 3.6666666666666665 0.585247564935065 32.0 4.2 0.5014159451659451 
24.006803925341266 32.0 3.9642857142857144 0.5729933261183261 38.0 4.4 0.35572453861927544 31.0 3.607142857142857 0.5058933002481389 32.0 3.6666666666666665 0.585247564935065 32.0 4.2 0.5014159451659451 
25.006803925341266 32.0 3.9642857142857144 0.5729933261183261 35.0 4.035714285714286 0.39573902288188 31.0 3.607142857142857 0.5058933002481389 32.0 3.6666666666666665 0.585247564935065 32.0 4.2 0.5014159451659451 
26.006803925341266 32.0 3.9642857142857144 0.5729933261183261 32.0 3.9047619047619047 0.4953395562770563 31.0 3.607142857142857 0.5058933002481389 32.0 3.6666666666666665 0.585247564935065 32.0 4.2 0.5014159451659451 
27.006803925341266 32.0 3.9642857142857144 0.5729933261183261 31.0 3.9047619047619047 0.5489526602429828 31.0 3.607142857142857 0.5058933002481389 32.0 3.6666666666666665 0.585247564935065 32.0 4.2 0.5014159451659451 
28.006803925341266 32.0 3.9642857142857144 0.5729933261183261 30.0 4.066666666666666 0.5450288600288601 31.0 3.607142857142857 0.5058933002481389 32.0 3.6666666666666665 0.585247564935065 32.0 4.2 0.5014159451659451 
29.006803925341266 32.0 3.9642857142857144 0.5729933261183261 30.0 4.066666666666666 0.5450288600288601 31.0 3.607142857142857 0.5058933002481389 32.0 3.6666666666666665 0.585247564935065 32.0 4.2 0.5014159451659451 
30.006803925341266 32.0 3.9642857142857144 0.5729933261183261 30.0 4.066666666666666 0.5450288600288601 31.0 3.607142857142857 0.5058933002481389 32.0 3.6666666666666665 0.585247564935065 32.0 4.2 0.5014159451659451 
31.006803925341266 32.0 3.9642857142857144 0.5729933261183261 30.0 4.066666666666666 0.5450288600288601 31.0 3.607142857142857 0.5058933002481389 32.0 3.6666666666666665 0.585247564935065 32.0 4.2 0.5014159451659451 
32.006803925341266 32.0 3.9642857142857144 0.5729933261183261 30.0 4.066666666666666 0.5450288600288601 31.0 3.607142857142857 0.5058933002481389 32.0 3.6666666666666665 0.585247564935065 32.0 4.2 0.5014159451659451 
33.006803925341266 32.0 3.9642857142857144 0.5729933261183261 30.0 4.066666666666666 0.5450288600288601 31.0 3.607142857142857 0.5058933002481389 32.0 3.6666666666666665 0.585247564935065 32.0 4.2 0.5014159451659451 
#####################################################################
# End of data export. Simulation finished at: 2020-09-16T01:07+0000 #
#####################################################################
