#####################################################################
# Alchemist log file - simulation started at: 2020-09-16T21:41+0000 #
#####################################################################
# seed = 70.0, nodeCount = 100, grain = 8, deploymentType = Lobster
#
# The columns have the following meaning: 
# time leader-random[CountDistinct] HopCountClusterClosestNeighborDistance[leader-random] HopCountClusterIntraDistance[leader-random] leader-pageRank[CountDistinct] HopCountClusterClosestNeighborDistance[leader-pageRank] HopCountClusterIntraDistance[leader-pageRank] leader-harmonic[CountDistinct] HopCountClusterClosestNeighborDistance[leader-harmonic] HopCountClusterIntraDistance[leader-harmonic] leader-closeness[CountDistinct] HopCountClusterClosestNeighborDistance[leader-closeness] HopCountClusterIntraDistance[leader-closeness] leader-degree[CountDistinct] HopCountClusterClosestNeighborDistance[leader-degree] HopCountClusterIntraDistance[leader-degree] 
0.0 NaN NaN NaN NaN NaN NaN NaN NaN NaN NaN NaN NaN NaN NaN NaN 
1.0030802528686837 57.0 Infinity 0.2398635477582846 78.0 Infinity 0.07916666666666666 86.0 Infinity 0.05968992248062015 48.0 Infinity 0.47100694444444446 79.0 Infinity 0.0779385171790235 
2.003080252868684 19.0 Infinity NaN 22.0 Infinity 0.8993335611756663 30.0 Infinity 0.935993265993266 20.0 NaN 0.561399482870071 21.0 Infinity 1.009340180516651 
3.003080252868684 8.0 NaN NaN 8.0 Infinity 1.3435126642363484 10.0 Infinity NaN 12.0 Infinity NaN 4.0 Infinity NaN 
4.003080252868684 11.0 NaN NaN 5.0 Infinity 1.5462556465273856 6.0 Infinity NaN 17.0 Infinity 0.5113577506474288 2.0 Infinity 3.0983451536643027 
5.003080252868684 6.0 NaN NaN 5.0 Infinity NaN 4.0 Infinity NaN 18.0 Infinity 0.4829489867225717 2.0 Infinity 2.7346153846153847 
6.003080252868684 6.0 NaN NaN 4.0 Infinity NaN 2.0 Infinity NaN 19.0 Infinity 0.45753061900033104 2.0 Infinity 2.625 
7.003080252868684 13.0 NaN 0.41865605658709104 2.0 Infinity 3.2747474747474747 2.0 Infinity NaN 18.0 Infinity 0.5107267645003495 5.0 Infinity 1.0037239868565169 
8.003080252868685 12.0 NaN 0.4952107279693487 2.0 Infinity 3.2747474747474747 1.0 NaN 3.46 18.0 Infinity 0.5107267645003495 5.0 Infinity 1.0037239868565169 
9.003080252868685 12.0 NaN 0.4952107279693487 2.0 Infinity 3.2747474747474747 1.0 NaN 3.46 18.0 Infinity 0.5107267645003495 6.0 Infinity 0.8364366557137641 
10.003080252868685 12.0 NaN 0.4952107279693487 2.0 Infinity 2.7346153846153847 1.0 NaN 3.46 18.0 Infinity 0.5107267645003495 8.0 Infinity 0.6273274917853231 
11.003080252868685 12.0 NaN 0.4952107279693487 2.0 Infinity 2.9002079002079 1.0 NaN 3.46 18.0 Infinity 0.5107267645003495 6.0 Infinity 0.9475477668248753 
12.003080252868685 12.0 NaN 0.4952107279693487 2.0 Infinity 2.828910220214568 1.0 NaN 3.46 18.0 Infinity 0.5107267645003495 6.0 Infinity 0.9475477668248753 
13.003080252868685 12.0 NaN 0.4952107279693487 2.0 Infinity 2.625 1.0 NaN 3.46 18.0 Infinity 0.5107267645003495 6.0 Infinity 0.9475477668248753 
14.003080252868685 12.0 NaN 0.4952107279693487 5.0 Infinity 1.0037239868565169 1.0 NaN 3.46 18.0 Infinity 0.5107267645003495 6.0 Infinity 0.9475477668248753 
15.003080252868685 12.0 NaN 0.4952107279693487 5.0 Infinity 1.0037239868565169 1.0 NaN 3.46 18.0 Infinity 0.5107267645003495 6.0 Infinity 0.9475477668248753 
16.003080252868685 12.0 NaN 0.4952107279693487 6.0 Infinity 0.8364366557137641 1.0 NaN 3.46 18.0 Infinity 0.5107267645003495 6.0 Infinity 0.9475477668248753 
17.003080252868685 12.0 NaN 0.4952107279693487 8.0 Infinity 0.6273274917853231 1.0 NaN 3.46 18.0 Infinity 0.5107267645003495 6.0 Infinity 0.9475477668248753 
18.003080252868685 12.0 NaN 0.4952107279693487 6.0 Infinity 0.9475477668248753 1.0 NaN 3.46 18.0 Infinity 0.5107267645003495 6.0 Infinity 0.9475477668248753 
19.003080252868685 12.0 NaN 0.4952107279693487 6.0 Infinity 0.9475477668248753 1.0 NaN 3.46 18.0 Infinity 0.5107267645003495 6.0 Infinity 0.9475477668248753 
20.003080252868685 12.0 NaN 0.4952107279693487 6.0 Infinity 0.9475477668248753 1.0 NaN 3.46 18.0 Infinity 0.5107267645003495 6.0 Infinity 0.9475477668248753 
21.003080252868685 12.0 NaN 0.4952107279693487 6.0 Infinity 0.9475477668248753 1.0 NaN 3.46 18.0 Infinity 0.5107267645003495 6.0 Infinity 0.9475477668248753 
22.003080252868685 12.0 NaN 0.4952107279693487 6.0 Infinity 0.9475477668248753 1.0 NaN 3.46 18.0 Infinity 0.5107267645003495 6.0 Infinity 0.9475477668248753 
23.003080252868685 12.0 NaN 0.4952107279693487 6.0 Infinity 0.9475477668248753 1.0 NaN 3.46 18.0 Infinity 0.5107267645003495 6.0 Infinity 0.9475477668248753 
24.003080252868685 12.0 NaN 0.4952107279693487 6.0 Infinity 0.9475477668248753 1.0 NaN 3.46 18.0 Infinity 0.5107267645003495 6.0 Infinity 0.9475477668248753 
25.003080252868685 12.0 NaN 0.4952107279693487 6.0 Infinity 0.9475477668248753 1.0 NaN 3.46 18.0 Infinity 0.5107267645003495 6.0 Infinity 0.9475477668248753 
26.003080252868685 12.0 NaN 0.4952107279693487 6.0 Infinity 0.9475477668248753 1.0 NaN 3.46 18.0 Infinity 0.5107267645003495 6.0 Infinity 0.9475477668248753 
27.003080252868685 12.0 NaN 0.4952107279693487 6.0 Infinity 0.9475477668248753 1.0 NaN 3.46 18.0 Infinity 0.5107267645003495 6.0 Infinity 0.9475477668248753 
28.003080252868685 12.0 NaN 0.4952107279693487 6.0 Infinity 0.9475477668248753 1.0 NaN 3.46 18.0 Infinity 0.5107267645003495 6.0 Infinity 0.9475477668248753 
29.003080252868685 12.0 NaN 0.4952107279693487 6.0 Infinity 0.9475477668248753 1.0 NaN 3.46 18.0 Infinity 0.5107267645003495 6.0 Infinity 0.9475477668248753 
30.003080252868685 12.0 NaN 0.4952107279693487 6.0 Infinity 0.9475477668248753 1.0 NaN 3.46 18.0 Infinity 0.5107267645003495 6.0 Infinity 0.9475477668248753 
31.003080252868685 12.0 NaN 0.4952107279693487 6.0 Infinity 0.9475477668248753 1.0 NaN 3.46 18.0 Infinity 0.5107267645003495 6.0 Infinity 0.9475477668248753 
32.003080252868685 12.0 NaN 0.4952107279693487 6.0 Infinity 0.9475477668248753 1.0 NaN 3.46 18.0 Infinity 0.5107267645003495 6.0 Infinity 0.9475477668248753 
33.003080252868685 12.0 NaN 0.4952107279693487 6.0 Infinity 0.9475477668248753 1.0 NaN 3.46 18.0 Infinity 0.5107267645003495 6.0 Infinity 0.9475477668248753 
34.003080252868685 12.0 NaN 0.4952107279693487 6.0 Infinity 0.9475477668248753 1.0 NaN 3.46 18.0 Infinity 0.5107267645003495 6.0 Infinity 0.9475477668248753 
#####################################################################
# End of data export. Simulation finished at: 2020-09-16T21:48+0000 #
#####################################################################
