#####################################################################
# Alchemist log file - simulation started at: 2020-09-16T08:05+0000 #
#####################################################################
# seed = 24.0, nodeCount = 800, grain = 1, deploymentType = BarabasiAlbert
#
# The columns have the following meaning: 
# time leader-random[CountDistinct] HopCountClusterClosestNeighborDistance[leader-random] HopCountClusterIntraDistance[leader-random] leader-pageRank[CountDistinct] HopCountClusterClosestNeighborDistance[leader-pageRank] HopCountClusterIntraDistance[leader-pageRank] leader-harmonic[CountDistinct] HopCountClusterClosestNeighborDistance[leader-harmonic] HopCountClusterIntraDistance[leader-harmonic] leader-closeness[CountDistinct] HopCountClusterClosestNeighborDistance[leader-closeness] HopCountClusterIntraDistance[leader-closeness] leader-degree[CountDistinct] HopCountClusterClosestNeighborDistance[leader-degree] HopCountClusterIntraDistance[leader-degree] 
0.0 NaN NaN NaN NaN NaN NaN NaN NaN NaN NaN NaN NaN NaN NaN NaN 
1.0006032789996715 801.0 3.56 0.0 801.0 3.56 0.0 801.0 3.56 0.0 801.0 3.56 0.0 801.0 3.56 0.0 
2.0006032789996713 801.0 3.56 0.0 801.0 3.56 0.0 801.0 3.56 0.0 801.0 3.56 0.0 801.0 3.56 0.0 
3.0006032789996713 801.0 3.56 0.0 801.0 3.56 0.0 801.0 3.56 0.0 801.0 3.56 0.0 801.0 3.56 0.0 
4.000603278999671 801.0 3.56 0.0 801.0 3.56 0.0 801.0 3.56 0.0 801.0 3.56 0.0 801.0 3.56 0.0 
5.000603278999671 801.0 3.56 0.0 801.0 3.56 0.0 801.0 3.56 0.0 801.0 3.56 0.0 801.0 3.56 0.0 
6.000603278999671 801.0 3.56 0.0 801.0 3.56 0.0 801.0 3.56 0.0 801.0 3.56 0.0 801.0 3.56 0.0 
7.000603278999671 801.0 3.56 0.0 801.0 3.56 0.0 801.0 3.56 0.0 801.0 3.56 0.0 801.0 3.56 0.0 
8.000603278999671 801.0 3.56 0.0 801.0 3.56 0.0 801.0 3.56 0.0 801.0 3.56 0.0 801.0 3.56 0.0 
9.000603278999671 801.0 3.56 0.0 801.0 3.56 0.0 801.0 3.56 0.0 801.0 3.56 0.0 801.0 3.56 0.0 
10.000603278999671 801.0 3.56 0.0 801.0 3.56 0.0 801.0 3.56 0.0 801.0 3.56 0.0 801.0 3.56 0.0 
11.000603278999671 801.0 3.56 0.0 801.0 3.56 0.0 801.0 3.56 0.0 801.0 3.56 0.0 801.0 3.56 0.0 
12.000603278999671 801.0 3.56 0.0 801.0 3.56 0.0 801.0 3.56 0.0 801.0 3.56 0.0 801.0 3.56 0.0 
13.000603278999671 801.0 3.56 0.0 801.0 3.56 0.0 801.0 3.56 0.0 801.0 3.56 0.0 801.0 3.56 0.0 
14.000603278999671 801.0 3.56 0.0 801.0 3.56 0.0 801.0 3.56 0.0 801.0 3.56 0.0 801.0 3.56 0.0 
15.000603278999671 801.0 3.56 0.0 801.0 3.56 0.0 801.0 3.56 0.0 801.0 3.56 0.0 801.0 3.56 0.0 
16.00060327899967 801.0 3.56 0.0 801.0 3.56 0.0 801.0 3.56 0.0 801.0 3.56 0.0 801.0 3.56 0.0 
17.00060327899967 801.0 3.56 0.0 801.0 3.56 0.0 801.0 3.56 0.0 801.0 3.56 0.0 801.0 3.56 0.0 
18.00060327899967 801.0 3.56 0.0 801.0 3.56 0.0 801.0 3.56 0.0 801.0 3.56 0.0 801.0 3.56 0.0 
19.00060327899967 801.0 3.56 0.0 801.0 3.56 0.0 801.0 3.56 0.0 801.0 3.56 0.0 801.0 3.56 0.0 
20.00060327899967 801.0 3.56 0.0 801.0 3.56 0.0 801.0 3.56 0.0 801.0 3.56 0.0 801.0 3.56 0.0 
21.00060327899967 801.0 3.56 0.0 801.0 3.56 0.0 801.0 3.56 0.0 801.0 3.56 0.0 801.0 3.56 0.0 
22.00060327899967 801.0 3.56 0.0 801.0 3.56 0.0 801.0 3.56 0.0 801.0 3.56 0.0 801.0 3.56 0.0 
23.00060327899967 801.0 3.56 0.0 801.0 3.56 0.0 801.0 3.56 0.0 801.0 3.56 0.0 801.0 3.56 0.0 
24.00060327899967 801.0 3.56 0.0 801.0 3.56 0.0 801.0 3.56 0.0 801.0 3.56 0.0 801.0 3.56 0.0 
25.00060327899967 801.0 3.56 0.0 801.0 3.56 0.0 801.0 3.56 0.0 801.0 3.56 0.0 801.0 3.56 0.0 
26.00060327899967 801.0 3.56 0.0 801.0 3.56 0.0 801.0 3.56 0.0 801.0 3.56 0.0 801.0 3.56 0.0 
27.00060327899967 801.0 3.56 0.0 801.0 3.56 0.0 801.0 3.56 0.0 801.0 3.56 0.0 801.0 3.56 0.0 
28.00060327899967 801.0 3.56 0.0 801.0 3.56 0.0 801.0 3.56 0.0 801.0 3.56 0.0 801.0 3.56 0.0 
29.00060327899967 801.0 3.56 0.0 801.0 3.56 0.0 801.0 3.56 0.0 801.0 3.56 0.0 801.0 3.56 0.0 
30.00060327899967 801.0 3.56 0.0 801.0 3.56 0.0 801.0 3.56 0.0 801.0 3.56 0.0 801.0 3.56 0.0 
31.00060327899967 801.0 3.56 0.0 801.0 3.56 0.0 801.0 3.56 0.0 801.0 3.56 0.0 801.0 3.56 0.0 
32.00060327899967 801.0 3.56 0.0 801.0 3.56 0.0 801.0 3.56 0.0 801.0 3.56 0.0 801.0 3.56 0.0 
33.00060327899967 801.0 3.56 0.0 801.0 3.56 0.0 801.0 3.56 0.0 801.0 3.56 0.0 801.0 3.56 0.0 
34.00060327899967 801.0 3.56 0.0 801.0 3.56 0.0 801.0 3.56 0.0 801.0 3.56 0.0 801.0 3.56 0.0 
35.00060327899967 801.0 3.56 0.0 801.0 3.56 0.0 801.0 3.56 0.0 801.0 3.56 0.0 801.0 3.56 0.0 
36.00060327899967 801.0 3.56 0.0 801.0 3.56 0.0 801.0 3.56 0.0 801.0 3.56 0.0 801.0 3.56 0.0 
37.00060327899967 801.0 3.56 0.0 801.0 3.56 0.0 801.0 3.56 0.0 801.0 3.56 0.0 801.0 3.56 0.0 
38.00060327899967 801.0 3.56 0.0 801.0 3.56 0.0 801.0 3.56 0.0 801.0 3.56 0.0 801.0 3.56 0.0 
39.00060327899967 801.0 3.56 0.0 801.0 3.56 0.0 801.0 3.56 0.0 801.0 3.56 0.0 801.0 3.56 0.0 
40.00060327899967 801.0 3.56 0.0 801.0 3.56 0.0 801.0 3.56 0.0 801.0 3.56 0.0 801.0 3.56 0.0 
#####################################################################
# End of data export. Simulation finished at: 2020-09-16T08:35+0000 #
#####################################################################
