#####################################################################
# Alchemist log file - simulation started at: 2020-09-16T17:29+0000 #
#####################################################################
# seed = 54.0, nodeCount = 200, grain = 9, deploymentType = RandomEuclidean
#
# The columns have the following meaning: 
# time leader-random[CountDistinct] HopCountClusterClosestNeighborDistance[leader-random] HopCountClusterIntraDistance[leader-random] leader-pageRank[CountDistinct] HopCountClusterClosestNeighborDistance[leader-pageRank] HopCountClusterIntraDistance[leader-pageRank] leader-harmonic[CountDistinct] HopCountClusterClosestNeighborDistance[leader-harmonic] HopCountClusterIntraDistance[leader-harmonic] leader-closeness[CountDistinct] HopCountClusterClosestNeighborDistance[leader-closeness] HopCountClusterIntraDistance[leader-closeness] leader-degree[CountDistinct] HopCountClusterClosestNeighborDistance[leader-degree] HopCountClusterIntraDistance[leader-degree] 
0.0 NaN NaN NaN NaN NaN NaN NaN NaN NaN NaN NaN NaN NaN NaN NaN 
1.0007292955707288 62.0 Infinity 0.5191871972113907 162.0 Infinity 0.0948559670781893 181.0 Infinity 0.05064456721915285 33.0 Infinity 0.8289444562171835 157.0 Infinity 0.11486199575371549 
2.0007292955707285 20.0 Infinity NaN 44.0 Infinity NaN 81.0 Infinity 0.5124496902274681 16.0 NaN NaN 40.0 Infinity NaN 
3.0007292955707285 11.0 NaN NaN 17.0 NaN NaN 52.0 Infinity NaN 11.0 NaN NaN 13.0 NaN NaN 
4.0007292955707285 8.0 NaN NaN 9.0 NaN NaN 40.0 Infinity NaN 11.0 NaN NaN 9.0 NaN NaN 
5.0007292955707285 9.0 Infinity NaN 7.0 NaN NaN 25.0 Infinity NaN 10.0 NaN NaN 7.0 NaN NaN 
6.0007292955707285 14.0 NaN NaN 20.0 Infinity NaN 18.0 Infinity NaN 15.0 Infinity NaN 7.0 NaN NaN 
7.0007292955707285 12.0 Infinity NaN 24.0 Infinity NaN 15.0 Infinity NaN 20.0 Infinity 0.7582107107107107 11.0 Infinity NaN 
8.000729295570729 9.0 Infinity NaN 18.0 Infinity 0.7028447742733457 11.0 Infinity NaN 9.0 NaN 1.8548624937513827 14.0 Infinity NaN 
9.000729295570729 11.0 Infinity NaN 11.0 Infinity 1.3112666554224996 10.0 Infinity NaN 9.0 NaN 1.8548624937513827 9.0 NaN 1.3316801311321862 
10.000729295570729 28.0 Infinity NaN 9.0 Infinity 1.6791383219954648 15.0 Infinity NaN 9.0 NaN 1.8548624937513827 7.0 NaN 1.7407315971699535 
11.000729295570729 37.0 Infinity NaN 8.0 Infinity 1.7802643784786643 29.0 Infinity NaN 9.0 NaN 1.8548624937513827 7.0 NaN 1.7407315971699535 
12.000729295570729 20.0 Infinity 0.8175987841945289 8.0 Infinity 1.7802643784786643 17.0 Infinity NaN 9.0 NaN 1.8548624937513827 7.0 NaN 1.7407315971699535 
13.000729295570729 10.0 Infinity NaN 8.0 Infinity 1.7802643784786643 8.0 NaN NaN 9.0 NaN 1.8548624937513827 7.0 NaN 1.7407315971699535 
14.000729295570729 7.0 NaN 1.918680508954065 8.0 Infinity 1.7802643784786643 8.0 NaN NaN 9.0 NaN 1.8548624937513827 7.0 NaN 1.7407315971699535 
15.000729295570729 7.0 NaN 1.918680508954065 8.0 Infinity 1.7802643784786643 14.0 NaN NaN 9.0 NaN 1.8548624937513827 7.0 NaN 1.7407315971699535 
16.00072929557073 7.0 NaN 1.918680508954065 8.0 Infinity 1.7802643784786643 56.0 Infinity NaN 9.0 NaN 1.8548624937513827 7.0 NaN 1.7407315971699535 
17.00072929557073 7.0 NaN 1.918680508954065 8.0 Infinity 1.7802643784786643 44.0 NaN NaN 9.0 NaN 1.8548624937513827 7.0 NaN 1.7407315971699535 
18.00072929557073 7.0 NaN 1.918680508954065 8.0 Infinity 1.7802643784786643 19.0 NaN NaN 9.0 NaN 1.8548624937513827 7.0 NaN 1.7407315971699535 
19.00072929557073 7.0 NaN 1.918680508954065 8.0 Infinity 1.7802643784786643 10.0 NaN NaN 9.0 NaN 1.8548624937513827 7.0 NaN 1.7407315971699535 
20.00072929557073 7.0 NaN 1.918680508954065 8.0 Infinity 1.7802643784786643 8.0 NaN NaN 9.0 NaN 1.8548624937513827 7.0 NaN 1.7407315971699535 
21.00072929557073 7.0 NaN 1.918680508954065 8.0 Infinity 1.7802643784786643 6.0 NaN NaN 9.0 NaN 1.8548624937513827 7.0 NaN 1.7407315971699535 
22.00072929557073 7.0 NaN 1.918680508954065 8.0 Infinity 1.7802643784786643 6.0 NaN NaN 9.0 NaN 1.8548624937513827 7.0 NaN 1.7407315971699535 
23.00072929557073 7.0 NaN 1.918680508954065 8.0 Infinity 1.7802643784786643 10.0 NaN NaN 9.0 NaN 1.8548624937513827 7.0 NaN 1.7407315971699535 
24.00072929557073 7.0 NaN 1.918680508954065 8.0 Infinity 1.7802643784786643 9.0 Infinity NaN 9.0 NaN 1.8548624937513827 7.0 NaN 1.7407315971699535 
25.00072929557073 7.0 NaN 1.918680508954065 8.0 Infinity 1.7802643784786643 23.0 Infinity NaN 9.0 NaN 1.8548624937513827 7.0 NaN 1.7407315971699535 
26.00072929557073 7.0 NaN 1.918680508954065 8.0 Infinity 1.7802643784786643 31.0 Infinity 0.42990379173740795 9.0 NaN 1.8548624937513827 7.0 NaN 1.7407315971699535 
27.00072929557073 7.0 NaN 1.918680508954065 8.0 Infinity 1.7802643784786643 11.0 NaN NaN 9.0 NaN 1.8548624937513827 7.0 NaN 1.7407315971699535 
28.00072929557073 7.0 NaN 1.918680508954065 8.0 Infinity 1.7802643784786643 7.0 NaN NaN 9.0 NaN 1.8548624937513827 7.0 NaN 1.7407315971699535 
29.00072929557073 7.0 NaN 1.918680508954065 8.0 Infinity 1.7802643784786643 6.0 NaN 2.1782402977139816 9.0 NaN 1.8548624937513827 7.0 NaN 1.7407315971699535 
30.00072929557073 7.0 NaN 1.918680508954065 8.0 Infinity 1.7802643784786643 6.0 NaN 2.1782402977139816 9.0 NaN 1.8548624937513827 7.0 NaN 1.7407315971699535 
31.00072929557073 7.0 NaN 1.918680508954065 8.0 Infinity 1.7802643784786643 6.0 NaN 2.1782402977139816 9.0 NaN 1.8548624937513827 7.0 NaN 1.7407315971699535 
32.00072929557073 7.0 NaN 1.918680508954065 8.0 Infinity 1.7802643784786643 6.0 NaN 2.1782402977139816 9.0 NaN 1.8548624937513827 7.0 NaN 1.7407315971699535 
33.00072929557073 7.0 NaN 1.918680508954065 8.0 Infinity 1.7802643784786643 6.0 NaN 2.1782402977139816 9.0 NaN 1.8548624937513827 7.0 NaN 1.7407315971699535 
34.00072929557073 7.0 NaN 1.918680508954065 8.0 Infinity 1.7802643784786643 6.0 NaN 2.1782402977139816 9.0 NaN 1.8548624937513827 7.0 NaN 1.7407315971699535 
35.00072929557073 7.0 NaN 1.918680508954065 8.0 Infinity 1.7802643784786643 6.0 NaN 2.1782402977139816 9.0 NaN 1.8548624937513827 7.0 NaN 1.7407315971699535 
36.00072929557073 7.0 NaN 1.918680508954065 8.0 Infinity 1.7802643784786643 6.0 NaN 2.1782402977139816 9.0 NaN 1.8548624937513827 7.0 NaN 1.7407315971699535 
37.00072929557073 7.0 NaN 1.918680508954065 8.0 Infinity 1.7802643784786643 6.0 NaN 2.1782402977139816 9.0 NaN 1.8548624937513827 7.0 NaN 1.7407315971699535 
#####################################################################
# End of data export. Simulation finished at: 2020-09-16T17:36+0000 #
#####################################################################
