#####################################################################
# Alchemist log file - simulation started at: 2020-09-15T19:08+0000 #
#####################################################################
# seed = 104.0, nodeCount = 400, grain = 3, deploymentType = Lobster
#
# The columns have the following meaning: 
# time leader-random[CountDistinct] HopCountClusterClosestNeighborDistance[leader-random] HopCountClusterIntraDistance[leader-random] leader-pageRank[CountDistinct] HopCountClusterClosestNeighborDistance[leader-pageRank] HopCountClusterIntraDistance[leader-pageRank] leader-harmonic[CountDistinct] HopCountClusterClosestNeighborDistance[leader-harmonic] HopCountClusterIntraDistance[leader-harmonic] leader-closeness[CountDistinct] HopCountClusterClosestNeighborDistance[leader-closeness] HopCountClusterIntraDistance[leader-closeness] leader-degree[CountDistinct] HopCountClusterClosestNeighborDistance[leader-degree] HopCountClusterIntraDistance[leader-degree] 
0.0 NaN NaN NaN NaN NaN NaN NaN NaN NaN NaN NaN NaN NaN NaN NaN 
1.0043484296522998 233.0 4.3076923076923075 0.21765106614892019 300.0 4.12987012987013 0.08275 330.0 4.036231884057971 0.0623953823953824 176.0 4.0 0.42335633116883115 298.0 4.371428571428571 0.08537072547139662 
2.0043484296522998 121.0 5.619047619047619 NaN 91.0 4.032967032967033 0.5995881712914679 75.0 3.975 0.8521965070708704 101.0 6.0 0.8003418198962754 92.0 4.515151515151516 0.5640341267219043 
3.0043484296522998 139.0 5.333333333333333 NaN 145.0 4.895238095238096 NaN 59.0 3.58974358974359 NaN 96.0 3.3333333333333335 0.87265625 183.0 4.846153846153846 NaN 
4.0043484296523 117.0 5.333333333333333 0.628871128871129 190.0 4.857142857142857 NaN 95.0 3.8333333333333335 NaN 96.0 3.3333333333333335 0.87265625 254.0 4.642857142857143 NaN 
5.0043484296523 95.0 5.333333333333333 0.8569605832763727 203.0 4.857142857142857 NaN 114.0 3.381818181818182 NaN 96.0 3.3333333333333335 0.87265625 191.0 4.0 0.17385763711197716 
6.0043484296523 94.0 5.333333333333333 0.857034632034632 176.0 4.678571428571429 NaN 147.0 3.6263736263736264 NaN 96.0 3.3333333333333335 0.87265625 161.0 4.0 NaN 
7.0043484296523 94.0 5.333333333333333 0.857034632034632 170.0 4.678571428571429 0.18778838676853613 145.0 3.5 0.14327286473471773 96.0 3.3333333333333335 0.87265625 156.0 4.0 0.22448243389538933 
8.0043484296523 94.0 5.333333333333333 0.857034632034632 163.0 3.9285714285714284 0.1949326733168782 164.0 3.8333333333333335 NaN 96.0 3.3333333333333335 0.87265625 153.0 4.0 0.23378601103059304 
9.0043484296523 94.0 5.333333333333333 0.857034632034632 163.0 3.9285714285714284 0.19618365352814254 188.0 3.888888888888889 NaN 96.0 3.3333333333333335 0.87265625 153.0 4.0 0.23378601103059304 
10.0043484296523 94.0 5.333333333333333 0.857034632034632 163.0 3.7777777777777777 0.1898930428997477 173.0 3.238095238095238 0.12702428677978744 96.0 3.3333333333333335 0.87265625 153.0 4.0 0.23378601103059304 
11.0043484296523 94.0 5.333333333333333 0.857034632034632 161.0 3.7777777777777777 0.19642928579047653 162.0 3.238095238095238 0.15122846380686886 96.0 3.3333333333333335 0.87265625 153.0 4.0 0.23378601103059304 
12.0043484296523 94.0 5.333333333333333 0.857034632034632 154.0 3.3333333333333335 0.20687304120519517 159.0 3.238095238095238 0.1476577519829194 96.0 3.3333333333333335 0.87265625 153.0 4.0 0.23378601103059304 
13.0043484296523 94.0 5.333333333333333 0.857034632034632 154.0 3.3333333333333335 0.20687304120519517 159.0 3.238095238095238 0.1476577519829194 96.0 3.3333333333333335 0.87265625 153.0 4.0 0.23378601103059304 
14.0043484296523 94.0 5.333333333333333 0.857034632034632 155.0 3.3333333333333335 0.20413734062690425 159.0 3.238095238095238 0.1476577519829194 96.0 3.3333333333333335 0.87265625 153.0 4.0 0.23378601103059304 
15.0043484296523 94.0 5.333333333333333 0.857034632034632 156.0 4.178571428571429 0.20350750096225215 159.0 3.238095238095238 0.1476577519829194 96.0 3.3333333333333335 0.87265625 153.0 4.0 0.23378601103059304 
16.0043484296523 94.0 5.333333333333333 0.857034632034632 155.0 4.178571428571429 0.2119633097242206 159.0 3.238095238095238 0.1476577519829194 96.0 3.3333333333333335 0.87265625 153.0 4.0 0.23378601103059304 
17.0043484296523 94.0 5.333333333333333 0.857034632034632 145.0 4.190476190476191 0.24691534969425438 159.0 3.238095238095238 0.1476577519829194 96.0 3.3333333333333335 0.87265625 153.0 4.0 0.23378601103059304 
18.0043484296523 94.0 5.333333333333333 0.857034632034632 124.0 4.190476190476191 0.30818890418036526 159.0 3.238095238095238 0.1476577519829194 96.0 3.3333333333333335 0.87265625 153.0 4.0 0.23378601103059304 
19.0043484296523 94.0 5.333333333333333 0.857034632034632 124.0 4.190476190476191 0.30818890418036526 159.0 3.238095238095238 0.1476577519829194 96.0 3.3333333333333335 0.87265625 153.0 4.0 0.23378601103059304 
20.0043484296523 94.0 5.333333333333333 0.857034632034632 124.0 4.190476190476191 0.30818890418036526 159.0 3.238095238095238 0.1476577519829194 96.0 3.3333333333333335 0.87265625 153.0 4.0 0.23378601103059304 
21.0043484296523 94.0 5.333333333333333 0.857034632034632 124.0 4.190476190476191 0.30818890418036526 159.0 3.238095238095238 0.1476577519829194 96.0 3.3333333333333335 0.87265625 153.0 4.0 0.23378601103059304 
22.0043484296523 94.0 5.333333333333333 0.857034632034632 124.0 4.190476190476191 0.3065760009545588 159.0 3.238095238095238 0.1476577519829194 96.0 3.3333333333333335 0.87265625 153.0 4.0 0.23378601103059304 
23.0043484296523 94.0 5.333333333333333 0.857034632034632 124.0 4.190476190476191 0.30818890418036526 159.0 3.238095238095238 0.1476577519829194 96.0 3.3333333333333335 0.87265625 153.0 4.0 0.23378601103059304 
24.0043484296523 94.0 5.333333333333333 0.857034632034632 124.0 4.190476190476191 0.30818890418036526 159.0 3.238095238095238 0.1476577519829194 96.0 3.3333333333333335 0.87265625 153.0 4.0 0.23378601103059304 
25.0043484296523 94.0 5.333333333333333 0.857034632034632 126.0 4.190476190476191 0.3044874930028991 159.0 3.238095238095238 0.1476577519829194 96.0 3.3333333333333335 0.87265625 153.0 4.0 0.23378601103059304 
26.0043484296523 94.0 5.333333333333333 0.857034632034632 144.0 4.678571428571429 0.2614497045256849 159.0 3.238095238095238 0.1476577519829194 96.0 3.3333333333333335 0.87265625 153.0 4.0 0.23378601103059304 
27.0043484296523 94.0 5.333333333333333 0.857034632034632 148.0 4.857142857142857 0.24086998278174748 159.0 3.238095238095238 0.1476577519829194 96.0 3.3333333333333335 0.87265625 153.0 4.0 0.23378601103059304 
28.0043484296523 94.0 5.333333333333333 0.857034632034632 148.0 4.857142857142857 0.24086998278174748 159.0 3.238095238095238 0.1476577519829194 96.0 3.3333333333333335 0.87265625 153.0 4.0 0.23378601103059304 
29.0043484296523 94.0 5.333333333333333 0.857034632034632 148.0 4.857142857142857 0.24086998278174748 159.0 3.238095238095238 0.1476577519829194 96.0 3.3333333333333335 0.87265625 153.0 4.0 0.23378601103059304 
30.0043484296523 94.0 5.333333333333333 0.857034632034632 148.0 4.857142857142857 0.24086998278174748 159.0 3.238095238095238 0.1476577519829194 96.0 3.3333333333333335 0.87265625 153.0 4.0 0.23378601103059304 
31.0043484296523 94.0 5.333333333333333 0.857034632034632 148.0 4.857142857142857 0.24086998278174748 159.0 3.238095238095238 0.1476577519829194 96.0 3.3333333333333335 0.87265625 153.0 4.0 0.23378601103059304 
32.004348429652296 94.0 5.333333333333333 0.857034632034632 148.0 4.857142857142857 0.24086998278174748 159.0 3.238095238095238 0.1476577519829194 96.0 3.3333333333333335 0.87265625 153.0 4.0 0.23378601103059304 
33.004348429652296 94.0 5.333333333333333 0.857034632034632 148.0 4.857142857142857 0.24086998278174748 159.0 3.238095238095238 0.1476577519829194 96.0 3.3333333333333335 0.87265625 153.0 4.0 0.23378601103059304 
34.004348429652296 94.0 5.333333333333333 0.857034632034632 148.0 4.857142857142857 0.24086998278174748 159.0 3.238095238095238 0.1476577519829194 96.0 3.3333333333333335 0.87265625 153.0 4.0 0.23378601103059304 
#####################################################################
# End of data export. Simulation finished at: 2020-09-15T19:15+0000 #
#####################################################################
