#####################################################################
# Alchemist log file - simulation started at: 2020-09-18T20:46+0000 #
#####################################################################
# seed = 139.0, nodeCount = 400, grain = 4, deploymentType = BarabasiAlbert
#
# The columns have the following meaning: 
# time leader-random[CountDistinct] HopCountClusterClosestNeighborDistance[leader-random] HopCountClusterIntraDistance[leader-random] leader-pageRank[CountDistinct] HopCountClusterClosestNeighborDistance[leader-pageRank] HopCountClusterIntraDistance[leader-pageRank] leader-harmonic[CountDistinct] HopCountClusterClosestNeighborDistance[leader-harmonic] HopCountClusterIntraDistance[leader-harmonic] leader-closeness[CountDistinct] HopCountClusterClosestNeighborDistance[leader-closeness] HopCountClusterIntraDistance[leader-closeness] leader-degree[CountDistinct] HopCountClusterClosestNeighborDistance[leader-degree] HopCountClusterIntraDistance[leader-degree] 
0.0 NaN NaN NaN NaN NaN NaN NaN NaN NaN NaN NaN NaN NaN NaN NaN 
1.0028347526134507 210.0 Infinity 0.20419757296858135 278.0 Infinity 0.06938799787403259 308.0 Infinity 0.0446689732404018 148.0 Infinity 0.4940269576298988 271.0 Infinity 0.0763366261521243 
2.0028347526134507 105.0 Infinity NaN 57.0 Infinity NaN 79.0 Infinity 0.5794973779042529 131.0 Infinity NaN 60.0 Infinity 0.7006831687985534 
3.0028347526134507 172.0 Infinity NaN 49.0 Infinity NaN 61.0 Infinity NaN 190.0 Infinity NaN 46.0 Infinity NaN 
4.002834752613451 167.0 Infinity NaN 62.0 Infinity NaN 51.0 Infinity NaN 152.0 Infinity 0.35930258885850996 59.0 Infinity NaN 
5.002834752613451 129.0 Infinity NaN 57.0 NaN 0.11630733460156416 57.0 Infinity NaN 144.0 Infinity 0.3935946518759019 56.0 NaN 0.12136044176706828 
6.002834752613451 118.0 Infinity NaN 49.0 NaN 0.196520776985493 57.0 NaN 0.14466990770097934 144.0 Infinity 0.39706687409812413 49.0 NaN 0.196520776985493 
7.002834752613451 114.0 Infinity 0.36642221310021433 48.0 NaN 0.20235107095046856 50.0 NaN 0.20659036144578313 144.0 Infinity 0.39706687409812413 48.0 NaN 0.20235107095046856 
8.00283475261345 113.0 Infinity 0.37408966631349055 48.0 NaN 0.20235107095046856 48.0 NaN 0.22735107095046855 144.0 Infinity 0.39706687409812413 48.0 NaN 0.20235107095046856 
9.00283475261345 113.0 Infinity 0.37408966631349055 48.0 NaN 0.20235107095046856 48.0 NaN 0.22735107095046855 144.0 Infinity 0.39706687409812413 48.0 NaN 0.20235107095046856 
10.00283475261345 113.0 Infinity 0.37408966631349055 48.0 NaN 0.20235107095046856 48.0 NaN 0.22735107095046855 144.0 Infinity 0.39706687409812413 48.0 NaN 0.20235107095046856 
11.00283475261345 113.0 Infinity 0.37408966631349055 48.0 NaN 0.20235107095046856 48.0 NaN 0.22735107095046855 144.0 Infinity 0.39706687409812413 48.0 NaN 0.20235107095046856 
12.00283475261345 113.0 Infinity 0.37408966631349055 48.0 NaN 0.20235107095046856 48.0 NaN 0.22735107095046855 144.0 Infinity 0.39706687409812413 48.0 NaN 0.20235107095046856 
13.00283475261345 113.0 Infinity 0.37408966631349055 48.0 NaN 0.20235107095046856 48.0 NaN 0.22735107095046855 144.0 Infinity 0.39706687409812413 48.0 NaN 0.20235107095046856 
14.00283475261345 113.0 Infinity 0.37408966631349055 48.0 NaN 0.20235107095046856 48.0 NaN 0.22735107095046855 144.0 Infinity 0.39706687409812413 48.0 NaN 0.20235107095046856 
15.00283475261345 113.0 Infinity 0.37408966631349055 48.0 NaN 0.20235107095046856 48.0 NaN 0.22735107095046855 144.0 Infinity 0.39706687409812413 48.0 NaN 0.20235107095046856 
16.002834752613452 113.0 Infinity 0.37408966631349055 48.0 NaN 0.20235107095046856 48.0 NaN 0.22735107095046855 144.0 Infinity 0.39706687409812413 48.0 NaN 0.20235107095046856 
17.002834752613452 113.0 Infinity 0.37408966631349055 48.0 NaN 0.20235107095046856 48.0 NaN 0.22735107095046855 144.0 Infinity 0.39706687409812413 48.0 NaN 0.20235107095046856 
18.002834752613452 113.0 Infinity 0.37408966631349055 48.0 NaN 0.20235107095046856 48.0 NaN 0.22735107095046855 144.0 Infinity 0.39706687409812413 48.0 NaN 0.20235107095046856 
19.002834752613452 113.0 Infinity 0.37408966631349055 48.0 NaN 0.20235107095046856 48.0 NaN 0.22735107095046855 144.0 Infinity 0.39706687409812413 48.0 NaN 0.20235107095046856 
20.002834752613452 113.0 Infinity 0.37408966631349055 48.0 NaN 0.20235107095046856 48.0 NaN 0.22735107095046855 144.0 Infinity 0.39706687409812413 48.0 NaN 0.20235107095046856 
21.002834752613452 113.0 Infinity 0.37408966631349055 48.0 NaN 0.20235107095046856 48.0 NaN 0.22735107095046855 144.0 Infinity 0.39706687409812413 48.0 NaN 0.20235107095046856 
22.002834752613452 113.0 Infinity 0.37408966631349055 48.0 NaN 0.20235107095046856 48.0 NaN 0.22735107095046855 144.0 Infinity 0.39706687409812413 48.0 NaN 0.20235107095046856 
23.002834752613452 113.0 Infinity 0.37408966631349055 48.0 NaN 0.20235107095046856 48.0 NaN 0.22735107095046855 144.0 Infinity 0.39706687409812413 48.0 NaN 0.20235107095046856 
24.002834752613452 113.0 Infinity 0.37408966631349055 48.0 NaN 0.20235107095046856 48.0 NaN 0.22735107095046855 144.0 Infinity 0.39706687409812413 48.0 NaN 0.20235107095046856 
25.002834752613452 113.0 Infinity 0.37408966631349055 48.0 NaN 0.20235107095046856 48.0 NaN 0.22735107095046855 144.0 Infinity 0.39706687409812413 48.0 NaN 0.20235107095046856 
26.002834752613452 113.0 Infinity 0.37408966631349055 48.0 NaN 0.20235107095046856 48.0 NaN 0.22735107095046855 144.0 Infinity 0.39706687409812413 48.0 NaN 0.20235107095046856 
27.002834752613452 113.0 Infinity 0.37408966631349055 48.0 NaN 0.20235107095046856 48.0 NaN 0.22735107095046855 144.0 Infinity 0.39706687409812413 48.0 NaN 0.20235107095046856 
28.002834752613452 113.0 Infinity 0.37408966631349055 48.0 NaN 0.20235107095046856 48.0 NaN 0.22735107095046855 144.0 Infinity 0.39706687409812413 48.0 NaN 0.20235107095046856 
29.002834752613452 113.0 Infinity 0.37408966631349055 48.0 NaN 0.20235107095046856 48.0 NaN 0.22735107095046855 144.0 Infinity 0.39706687409812413 48.0 NaN 0.20235107095046856 
30.002834752613452 113.0 Infinity 0.37408966631349055 48.0 NaN 0.20235107095046856 48.0 NaN 0.22735107095046855 144.0 Infinity 0.39706687409812413 48.0 NaN 0.20235107095046856 
31.002834752613452 113.0 Infinity 0.37408966631349055 48.0 NaN 0.20235107095046856 48.0 NaN 0.22735107095046855 144.0 Infinity 0.39706687409812413 48.0 NaN 0.20235107095046856 
32.00283475261345 113.0 Infinity 0.37408966631349055 48.0 NaN 0.20235107095046856 48.0 NaN 0.22735107095046855 144.0 Infinity 0.39706687409812413 48.0 NaN 0.20235107095046856 
33.00283475261345 113.0 Infinity 0.37408966631349055 48.0 NaN 0.20235107095046856 48.0 NaN 0.22735107095046855 144.0 Infinity 0.39706687409812413 48.0 NaN 0.20235107095046856 
34.00283475261345 113.0 Infinity 0.37408966631349055 48.0 NaN 0.20235107095046856 48.0 NaN 0.22735107095046855 144.0 Infinity 0.39706687409812413 48.0 NaN 0.20235107095046856 
35.00283475261345 113.0 Infinity 0.37408966631349055 48.0 NaN 0.20235107095046856 48.0 NaN 0.22735107095046855 144.0 Infinity 0.39706687409812413 48.0 NaN 0.20235107095046856 
36.00283475261345 113.0 Infinity 0.37408966631349055 48.0 NaN 0.20235107095046856 48.0 NaN 0.22735107095046855 144.0 Infinity 0.39706687409812413 48.0 NaN 0.20235107095046856 
37.00283475261345 113.0 Infinity 0.37408966631349055 48.0 NaN 0.20235107095046856 48.0 NaN 0.22735107095046855 144.0 Infinity 0.39706687409812413 48.0 NaN 0.20235107095046856 
#####################################################################
# End of data export. Simulation finished at: 2020-09-18T20:52+0000 #
#####################################################################
