#####################################################################
# Alchemist log file - simulation started at: 2020-09-16T11:07+0000 #
#####################################################################
# seed = 40.0, nodeCount = 25, grain = 8, deploymentType = RandomEuclidean
#
# The columns have the following meaning: 
# time leader-random[CountDistinct] HopCountClusterClosestNeighborDistance[leader-random] HopCountClusterIntraDistance[leader-random] leader-pageRank[CountDistinct] HopCountClusterClosestNeighborDistance[leader-pageRank] HopCountClusterIntraDistance[leader-pageRank] leader-harmonic[CountDistinct] HopCountClusterClosestNeighborDistance[leader-harmonic] HopCountClusterIntraDistance[leader-harmonic] leader-closeness[CountDistinct] HopCountClusterClosestNeighborDistance[leader-closeness] HopCountClusterIntraDistance[leader-closeness] leader-degree[CountDistinct] HopCountClusterClosestNeighborDistance[leader-degree] HopCountClusterIntraDistance[leader-degree] 
0.0 NaN NaN NaN NaN NaN NaN NaN NaN NaN NaN NaN NaN NaN NaN NaN 
1.0855972066153028 22.0 3.4155844155844157 0.06818181818181818 25.0 3.56 0.0 25.0 3.56 0.0 18.0 3.4640522875816995 0.17592592592592593 25.0 3.56 0.0 
2.0855972066153026 18.0 3.4313725490196076 0.17592592592592593 25.0 3.56 0.0 18.0 3.5620915032679736 0.17592592592592593 18.0 3.4640522875816995 0.17592592592592593 18.0 3.5620915032679736 0.17592592592592593 
3.0855972066153026 18.0 3.4313725490196076 0.17592592592592593 25.0 3.56 0.0 18.0 3.5620915032679736 0.17592592592592593 18.0 3.4640522875816995 0.17592592592592593 18.0 3.5620915032679736 0.17592592592592593 
4.085597206615303 18.0 3.4313725490196076 0.17592592592592593 25.0 3.56 0.0 18.0 3.5620915032679736 0.17592592592592593 18.0 3.4640522875816995 0.17592592592592593 18.0 3.5620915032679736 0.17592592592592593 
5.085597206615303 18.0 3.4313725490196076 0.17592592592592593 25.0 3.56 0.0 18.0 3.5620915032679736 0.17592592592592593 18.0 3.4640522875816995 0.17592592592592593 18.0 3.5620915032679736 0.17592592592592593 
6.085597206615303 18.0 3.4313725490196076 0.17592592592592593 25.0 3.56 0.0 18.0 3.5620915032679736 0.17592592592592593 18.0 3.4640522875816995 0.17592592592592593 18.0 3.5620915032679736 0.17592592592592593 
7.085597206615303 18.0 3.4313725490196076 0.17592592592592593 25.0 3.56 0.0 18.0 3.5620915032679736 0.17592592592592593 18.0 3.4640522875816995 0.17592592592592593 18.0 3.5620915032679736 0.17592592592592593 
8.085597206615303 18.0 3.4313725490196076 0.17592592592592593 25.0 3.56 0.0 18.0 3.5620915032679736 0.17592592592592593 18.0 3.4640522875816995 0.17592592592592593 18.0 3.5620915032679736 0.17592592592592593 
9.085597206615303 18.0 3.4313725490196076 0.17592592592592593 25.0 3.56 0.0 18.0 3.5620915032679736 0.17592592592592593 18.0 3.4640522875816995 0.17592592592592593 18.0 3.5620915032679736 0.17592592592592593 
10.085597206615303 18.0 3.4313725490196076 0.17592592592592593 25.0 3.56 0.0 18.0 3.5620915032679736 0.17592592592592593 18.0 3.4640522875816995 0.17592592592592593 18.0 3.5620915032679736 0.17592592592592593 
11.085597206615303 18.0 3.4313725490196076 0.17592592592592593 25.0 3.56 0.0 18.0 3.5620915032679736 0.17592592592592593 18.0 3.4640522875816995 0.17592592592592593 18.0 3.5620915032679736 0.17592592592592593 
12.085597206615303 18.0 3.4313725490196076 0.17592592592592593 25.0 3.56 0.0 18.0 3.5620915032679736 0.17592592592592593 18.0 3.4640522875816995 0.17592592592592593 18.0 3.5620915032679736 0.17592592592592593 
13.085597206615303 18.0 3.4313725490196076 0.17592592592592593 25.0 3.56 0.0 18.0 3.5620915032679736 0.17592592592592593 18.0 3.4640522875816995 0.17592592592592593 18.0 3.5620915032679736 0.17592592592592593 
14.085597206615303 18.0 3.4313725490196076 0.17592592592592593 25.0 3.56 0.0 18.0 3.5620915032679736 0.17592592592592593 18.0 3.4640522875816995 0.17592592592592593 18.0 3.5620915032679736 0.17592592592592593 
15.085597206615303 18.0 3.4313725490196076 0.17592592592592593 25.0 3.56 0.0 18.0 3.5620915032679736 0.17592592592592593 18.0 3.4640522875816995 0.17592592592592593 18.0 3.5620915032679736 0.17592592592592593 
16.085597206615304 18.0 3.4313725490196076 0.17592592592592593 25.0 3.56 0.0 18.0 3.5620915032679736 0.17592592592592593 18.0 3.4640522875816995 0.17592592592592593 18.0 3.5620915032679736 0.17592592592592593 
17.085597206615304 18.0 3.4313725490196076 0.17592592592592593 25.0 3.56 0.0 18.0 3.5620915032679736 0.17592592592592593 18.0 3.4640522875816995 0.17592592592592593 18.0 3.5620915032679736 0.17592592592592593 
18.085597206615304 18.0 3.4313725490196076 0.17592592592592593 25.0 3.56 0.0 18.0 3.5620915032679736 0.17592592592592593 18.0 3.4640522875816995 0.17592592592592593 18.0 3.5620915032679736 0.17592592592592593 
19.085597206615304 18.0 3.4313725490196076 0.17592592592592593 25.0 3.56 0.0 18.0 3.5620915032679736 0.17592592592592593 18.0 3.4640522875816995 0.17592592592592593 18.0 3.5620915032679736 0.17592592592592593 
20.085597206615304 18.0 3.4313725490196076 0.17592592592592593 25.0 3.56 0.0 18.0 3.5620915032679736 0.17592592592592593 18.0 3.4640522875816995 0.17592592592592593 18.0 3.5620915032679736 0.17592592592592593 
21.085597206615304 18.0 3.4313725490196076 0.17592592592592593 25.0 3.56 0.0 18.0 3.5620915032679736 0.17592592592592593 18.0 3.4640522875816995 0.17592592592592593 18.0 3.5620915032679736 0.17592592592592593 
22.085597206615304 18.0 3.4313725490196076 0.17592592592592593 25.0 3.56 0.0 18.0 3.5620915032679736 0.17592592592592593 18.0 3.4640522875816995 0.17592592592592593 18.0 3.5620915032679736 0.17592592592592593 
23.085597206615304 18.0 3.4313725490196076 0.17592592592592593 24.0 3.6847826086956523 0.020833333333333332 18.0 3.5620915032679736 0.17592592592592593 18.0 3.4640522875816995 0.17592592592592593 18.0 3.5620915032679736 0.17592592592592593 
24.085597206615304 18.0 3.4313725490196076 0.17592592592592593 23.0 3.707509881422925 0.02898550724637681 18.0 3.5620915032679736 0.17592592592592593 18.0 3.4640522875816995 0.17592592592592593 18.0 3.5620915032679736 0.17592592592592593 
25.085597206615304 18.0 3.4313725490196076 0.17592592592592593 19.0 3.590643274853801 0.14035087719298245 18.0 3.5620915032679736 0.17592592592592593 18.0 3.4640522875816995 0.17592592592592593 18.0 3.5620915032679736 0.17592592592592593 
26.085597206615304 18.0 3.4313725490196076 0.17592592592592593 18.0 3.5620915032679736 0.17592592592592593 18.0 3.5620915032679736 0.17592592592592593 18.0 3.4640522875816995 0.17592592592592593 18.0 3.5620915032679736 0.17592592592592593 
27.085597206615304 18.0 3.4313725490196076 0.17592592592592593 18.0 3.5620915032679736 0.17592592592592593 18.0 3.5620915032679736 0.17592592592592593 18.0 3.4640522875816995 0.17592592592592593 18.0 3.5620915032679736 0.17592592592592593 
28.085597206615304 18.0 3.4313725490196076 0.17592592592592593 18.0 3.5620915032679736 0.17592592592592593 18.0 3.5620915032679736 0.17592592592592593 18.0 3.4640522875816995 0.17592592592592593 18.0 3.5620915032679736 0.17592592592592593 
29.085597206615304 18.0 3.4313725490196076 0.17592592592592593 18.0 3.5620915032679736 0.17592592592592593 18.0 3.5620915032679736 0.17592592592592593 18.0 3.4640522875816995 0.17592592592592593 18.0 3.5620915032679736 0.17592592592592593 
30.085597206615304 18.0 3.4313725490196076 0.17592592592592593 18.0 3.5620915032679736 0.17592592592592593 18.0 3.5620915032679736 0.17592592592592593 18.0 3.4640522875816995 0.17592592592592593 18.0 3.5620915032679736 0.17592592592592593 
#####################################################################
# End of data export. Simulation finished at: 2020-09-16T11:07+0000 #
#####################################################################
