#####################################################################
# Alchemist log file - simulation started at: 2020-09-16T08:36+0000 #
#####################################################################
# seed = 118.0, nodeCount = 200, grain = 6, deploymentType = RandomEuclidean
#
# The columns have the following meaning: 
# time leader-random[CountDistinct] HopCountClusterClosestNeighborDistance[leader-random] HopCountClusterIntraDistance[leader-random] leader-pageRank[CountDistinct] HopCountClusterClosestNeighborDistance[leader-pageRank] HopCountClusterIntraDistance[leader-pageRank] leader-harmonic[CountDistinct] HopCountClusterClosestNeighborDistance[leader-harmonic] HopCountClusterIntraDistance[leader-harmonic] leader-closeness[CountDistinct] HopCountClusterClosestNeighborDistance[leader-closeness] HopCountClusterIntraDistance[leader-closeness] leader-degree[CountDistinct] HopCountClusterClosestNeighborDistance[leader-degree] HopCountClusterIntraDistance[leader-degree] 
0.0 NaN NaN NaN NaN NaN NaN NaN NaN NaN NaN NaN NaN NaN NaN NaN 
1.0045193581219034 73.0 4.472727272727273 0.4642145525707169 155.0 4.367647058823529 0.12161290322580647 182.0 3.857142857142857 0.04945054945054945 36.0 6.0 0.8268547810214476 148.0 4.181818181818182 0.14943693693693694 
2.0045193581219034 26.0 5.333333333333333 NaN 59.0 4.333333333333333 NaN 88.0 4.611111111111111 0.49217657342657334 21.0 NaN NaN 53.0 4.333333333333333 0.8731950069907896 
3.0045193581219034 17.0 6.0 NaN 25.0 5.0 NaN 54.0 4.214285714285714 NaN 16.0 NaN NaN 21.0 5.0 NaN 
4.004519358121904 17.0 4.833333333333333 NaN 20.0 1.0 NaN 28.0 5.333333333333333 NaN 25.0 4.666666666666667 NaN 18.0 1.0 NaN 
5.004519358121904 24.0 4.8 NaN 36.0 4.6 NaN 27.0 5.2 NaN 23.0 3.0 NaN 38.0 4.6 NaN 
6.004519358121904 22.0 4.4 NaN 30.0 4.666666666666667 NaN 32.0 5.2 NaN 21.0 5.333333333333333 0.9278546546823859 43.0 4.666666666666667 NaN 
7.004519358121904 23.0 5.166666666666667 0.7988098437830076 29.0 5.0 0.6150793650793651 27.0 3.6666666666666665 NaN 15.0 3.0 1.4263744164332401 32.0 4.6 NaN 
8.004519358121904 13.0 8.0 NaN 29.0 4.2 NaN 36.0 4.2 NaN 15.0 3.0 1.4263744164332401 20.0 4.666666666666667 NaN 
9.004519358121904 11.0 8.0 1.4904407844755816 21.0 4.166666666666667 NaN 31.0 5.0 0.5214736619483474 15.0 3.0 1.4263744164332401 15.0 4.666666666666667 1.1206314304144493 
10.004519358121904 11.0 8.0 1.4904407844755816 21.0 4.166666666666667 0.8280328798185941 21.0 5.0 NaN 15.0 3.0 1.4263744164332401 15.0 4.666666666666667 1.1206314304144493 
11.004519358121904 11.0 8.0 1.4904407844755816 18.0 4.166666666666667 0.9752976190476191 14.0 5.333333333333333 NaN 15.0 3.0 1.4263744164332401 15.0 4.666666666666667 1.1206314304144493 
12.004519358121904 11.0 8.0 1.4904407844755816 17.0 4.166666666666667 1.0375700280112046 13.0 5.333333333333333 NaN 15.0 3.0 1.4263744164332401 15.0 4.666666666666667 1.1206314304144493 
13.004519358121904 11.0 8.0 1.4904407844755816 17.0 4.166666666666667 1.0375700280112046 12.0 5.333333333333333 1.4188130650393358 15.0 3.0 1.4263744164332401 15.0 4.666666666666667 1.1206314304144493 
14.004519358121904 11.0 8.0 1.4904407844755816 17.0 4.166666666666667 1.0375700280112046 12.0 5.333333333333333 1.4188130650393358 15.0 3.0 1.4263744164332401 15.0 4.666666666666667 1.1206314304144493 
15.004519358121904 11.0 8.0 1.4904407844755816 17.0 4.166666666666667 1.0375700280112046 12.0 5.333333333333333 1.4188130650393358 15.0 3.0 1.4263744164332401 15.0 4.666666666666667 1.1206314304144493 
16.004519358121904 11.0 8.0 1.4904407844755816 17.0 4.166666666666667 1.0375700280112046 12.0 5.333333333333333 1.4188130650393358 15.0 3.0 1.4263744164332401 15.0 4.666666666666667 1.1206314304144493 
17.004519358121904 11.0 8.0 1.4904407844755816 17.0 4.166666666666667 1.0375700280112046 12.0 5.333333333333333 1.4188130650393358 15.0 3.0 1.4263744164332401 15.0 4.666666666666667 1.1206314304144493 
18.004519358121904 11.0 8.0 1.4904407844755816 17.0 4.166666666666667 1.0375700280112046 12.0 5.333333333333333 1.4188130650393358 15.0 3.0 1.4263744164332401 15.0 4.666666666666667 1.1206314304144493 
19.004519358121904 11.0 8.0 1.4904407844755816 17.0 4.166666666666667 1.0375700280112046 12.0 5.333333333333333 1.4188130650393358 15.0 3.0 1.4263744164332401 15.0 4.666666666666667 1.1206314304144493 
20.004519358121904 11.0 8.0 1.4904407844755816 17.0 4.166666666666667 1.0375700280112046 12.0 5.333333333333333 1.4188130650393358 15.0 3.0 1.4263744164332401 15.0 4.666666666666667 1.1206314304144493 
21.004519358121904 11.0 8.0 1.4904407844755816 17.0 4.166666666666667 1.0375700280112046 12.0 5.333333333333333 1.4188130650393358 15.0 3.0 1.4263744164332401 15.0 4.666666666666667 1.1206314304144493 
22.004519358121904 11.0 8.0 1.4904407844755816 17.0 4.166666666666667 1.0375700280112046 12.0 5.333333333333333 1.4188130650393358 15.0 3.0 1.4263744164332401 15.0 4.666666666666667 1.1206314304144493 
23.004519358121904 11.0 8.0 1.4904407844755816 17.0 4.166666666666667 1.0375700280112046 12.0 5.333333333333333 1.4188130650393358 15.0 3.0 1.4263744164332401 15.0 4.666666666666667 1.1206314304144493 
24.004519358121904 11.0 8.0 1.4904407844755816 17.0 4.166666666666667 1.0375700280112046 12.0 5.333333333333333 1.4188130650393358 15.0 3.0 1.4263744164332401 15.0 4.666666666666667 1.1206314304144493 
25.004519358121904 11.0 8.0 1.4904407844755816 17.0 4.166666666666667 1.0375700280112046 12.0 5.333333333333333 1.4188130650393358 15.0 3.0 1.4263744164332401 15.0 4.666666666666667 1.1206314304144493 
26.004519358121904 11.0 8.0 1.4904407844755816 16.0 4.166666666666667 1.1336681547619047 12.0 5.333333333333333 1.4188130650393358 15.0 3.0 1.4263744164332401 15.0 4.666666666666667 1.1206314304144493 
27.004519358121904 11.0 8.0 1.4904407844755816 16.0 4.166666666666667 1.1336681547619047 12.0 5.333333333333333 1.4188130650393358 15.0 3.0 1.4263744164332401 15.0 4.666666666666667 1.1206314304144493 
28.004519358121904 11.0 8.0 1.4904407844755816 16.0 4.166666666666667 1.1336681547619047 12.0 5.333333333333333 1.4188130650393358 15.0 3.0 1.4263744164332401 15.0 4.666666666666667 1.1206314304144493 
29.004519358121904 11.0 8.0 1.4904407844755816 16.0 4.166666666666667 1.1336681547619047 12.0 5.333333333333333 1.4188130650393358 15.0 3.0 1.4263744164332401 15.0 4.666666666666667 1.1206314304144493 
30.004519358121904 11.0 8.0 1.4904407844755816 16.0 4.166666666666667 1.1336681547619047 12.0 5.333333333333333 1.4188130650393358 15.0 3.0 1.4263744164332401 15.0 4.666666666666667 1.1206314304144493 
31.004519358121904 11.0 8.0 1.4904407844755816 16.0 4.166666666666667 1.1336681547619047 12.0 5.333333333333333 1.4188130650393358 15.0 3.0 1.4263744164332401 15.0 4.666666666666667 1.1206314304144493 
32.004519358121904 11.0 8.0 1.4904407844755816 16.0 4.166666666666667 1.1336681547619047 12.0 5.333333333333333 1.4188130650393358 15.0 3.0 1.4263744164332401 15.0 4.666666666666667 1.1206314304144493 
33.004519358121904 11.0 8.0 1.4904407844755816 16.0 4.166666666666667 1.1336681547619047 12.0 5.333333333333333 1.4188130650393358 15.0 3.0 1.4263744164332401 15.0 4.666666666666667 1.1206314304144493 
34.004519358121904 11.0 8.0 1.4904407844755816 16.0 4.166666666666667 1.1336681547619047 12.0 5.333333333333333 1.4188130650393358 15.0 3.0 1.4263744164332401 15.0 4.666666666666667 1.1206314304144493 
#####################################################################
# End of data export. Simulation finished at: 2020-09-16T08:38+0000 #
#####################################################################
