#####################################################################
# Alchemist log file - simulation started at: 2020-09-16T08:34+0000 #
#####################################################################
# seed = 27.0, nodeCount = 400, grain = 7, deploymentType = Lobster
#
# The columns have the following meaning: 
# time leader-random[CountDistinct] HopCountClusterClosestNeighborDistance[leader-random] HopCountClusterIntraDistance[leader-random] leader-pageRank[CountDistinct] HopCountClusterClosestNeighborDistance[leader-pageRank] HopCountClusterIntraDistance[leader-pageRank] leader-harmonic[CountDistinct] HopCountClusterClosestNeighborDistance[leader-harmonic] HopCountClusterIntraDistance[leader-harmonic] leader-closeness[CountDistinct] HopCountClusterClosestNeighborDistance[leader-closeness] HopCountClusterIntraDistance[leader-closeness] leader-degree[CountDistinct] HopCountClusterClosestNeighborDistance[leader-degree] HopCountClusterIntraDistance[leader-degree] 
0.0 NaN NaN NaN NaN NaN NaN NaN NaN NaN NaN NaN NaN NaN NaN NaN 
1.0007905823598768 203.0 3.8214285714285716 0.24603555539516125 283.0 3.3801169590643276 0.0911981128412224 315.0 3.473684210526316 0.0658954008954009 154.0 3.8214285714285716 0.46973562152133574 285.0 3.473684210526316 0.09595623674571044 
2.000790582359877 48.0 3.0 NaN 78.0 2.9904761904761905 NaN 72.0 3.1758241758241756 0.8587057618307616 53.0 NaN 0.3356825749167591 66.0 3.230769230769231 NaN 
3.000790582359877 17.0 NaN NaN 30.0 3.142857142857143 NaN 27.0 2.761904761904762 1.3083074506173924 16.0 NaN NaN 22.0 3.066666666666667 NaN 
4.000790582359877 36.0 NaN NaN 11.0 NaN NaN 14.0 2.2666666666666666 NaN 72.0 NaN NaN 15.0 NaN NaN 
5.000790582359877 101.0 NaN NaN 11.0 NaN NaN 21.0 2.1666666666666665 NaN 76.0 NaN NaN 52.0 NaN NaN 
6.000790582359877 96.0 NaN 0.16921605763517525 12.0 NaN NaN 40.0 2.1666666666666665 NaN 64.0 NaN 0.2540123074664109 79.0 NaN 0.11863218017735694 
7.000790582359877 88.0 NaN 0.20757011482278864 21.0 4.4 0.5582045156294762 37.0 2.0 NaN 62.0 NaN 0.2783352851266177 84.0 NaN 0.16514216945251428 
8.000790582359876 88.0 NaN 0.20757011482278864 21.0 4.5 0.6554267378516984 52.0 2.0 NaN 62.0 NaN 0.2783352851266177 76.0 NaN NaN 
9.000790582359876 88.0 NaN 0.20757011482278864 11.0 4.0 1.2899055904441514 63.0 NaN NaN 62.0 NaN 0.2783352851266177 56.0 NaN NaN 
10.000790582359876 88.0 NaN 0.20757011482278864 11.0 4.0 1.2899055904441514 19.0 NaN NaN 62.0 NaN 0.2783352851266177 54.0 NaN NaN 
11.000790582359876 88.0 NaN 0.20757011482278864 11.0 4.0 1.2899055904441514 15.0 NaN 0.6228354978354977 62.0 NaN 0.2783352851266177 54.0 NaN 0.3079019284957983 
12.000790582359876 88.0 NaN 0.20757011482278864 9.0 4.0 1.5956484335990158 15.0 NaN 0.6228354978354977 62.0 NaN 0.2783352851266177 54.0 NaN 0.3079019284957983 
13.000790582359876 88.0 NaN 0.20757011482278864 8.0 4.0 1.830402809927448 15.0 NaN 0.6228354978354977 62.0 NaN 0.2783352851266177 54.0 NaN 0.3079019284957983 
14.000790582359876 88.0 NaN 0.20757011482278864 16.0 3.7333333333333334 0.848796080032049 15.0 NaN 0.6228354978354977 62.0 NaN 0.2783352851266177 54.0 NaN 0.3079019284957983 
15.000790582359876 88.0 NaN 0.20757011482278864 10.0 4.0 1.4572603309220917 15.0 NaN 0.6228354978354977 62.0 NaN 0.2783352851266177 54.0 NaN 0.3079019284957983 
16.000790582359876 88.0 NaN 0.20757011482278864 16.0 4.0 0.8802819792317121 15.0 NaN 0.6228354978354977 62.0 NaN 0.2783352851266177 54.0 NaN 0.3079019284957983 
17.000790582359876 88.0 NaN 0.20757011482278864 37.0 NaN 0.3553073792424705 15.0 NaN 0.6228354978354977 62.0 NaN 0.2783352851266177 54.0 NaN 0.3079019284957983 
18.000790582359876 88.0 NaN 0.20757011482278864 37.0 NaN 0.3913434152785065 15.0 NaN 0.6228354978354977 62.0 NaN 0.2783352851266177 54.0 NaN 0.3079019284957983 
19.000790582359876 88.0 NaN 0.20757011482278864 21.0 NaN 0.7528257137459806 15.0 NaN 0.6228354978354977 62.0 NaN 0.2783352851266177 54.0 NaN 0.3079019284957983 
20.000790582359876 88.0 NaN 0.20757011482278864 36.0 NaN 0.44039742492723977 15.0 NaN 0.6228354978354977 62.0 NaN 0.2783352851266177 54.0 NaN 0.3079019284957983 
21.000790582359876 88.0 NaN 0.20757011482278864 65.0 NaN 0.2318170335411715 15.0 NaN 0.6228354978354977 62.0 NaN 0.2783352851266177 54.0 NaN 0.3079019284957983 
22.000790582359876 88.0 NaN 0.20757011482278864 70.0 NaN 0.23668724543108785 15.0 NaN 0.6228354978354977 62.0 NaN 0.2783352851266177 54.0 NaN 0.3079019284957983 
23.000790582359876 88.0 NaN 0.20757011482278864 60.0 NaN 0.3037541672886501 15.0 NaN 0.6228354978354977 62.0 NaN 0.2783352851266177 54.0 NaN 0.3079019284957983 
24.000790582359876 88.0 NaN 0.20757011482278864 60.0 NaN 0.3037541672886501 15.0 NaN 0.6228354978354977 62.0 NaN 0.2783352851266177 54.0 NaN 0.3079019284957983 
25.000790582359876 88.0 NaN 0.20757011482278864 60.0 NaN 0.3053188286808977 15.0 NaN 0.6228354978354977 62.0 NaN 0.2783352851266177 54.0 NaN 0.3079019284957983 
26.000790582359876 88.0 NaN 0.20757011482278864 59.0 NaN 0.2932826587520041 15.0 NaN 0.6228354978354977 62.0 NaN 0.2783352851266177 54.0 NaN 0.3079019284957983 
27.000790582359876 88.0 NaN 0.20757011482278864 59.0 NaN 0.2932826587520041 15.0 NaN 0.6228354978354977 62.0 NaN 0.2783352851266177 54.0 NaN 0.3079019284957983 
28.000790582359876 88.0 NaN 0.20757011482278864 59.0 NaN 0.2932826587520041 15.0 NaN 0.6228354978354977 62.0 NaN 0.2783352851266177 54.0 NaN 0.3079019284957983 
29.000790582359876 88.0 NaN 0.20757011482278864 59.0 NaN 0.2932826587520041 15.0 NaN 0.6228354978354977 62.0 NaN 0.2783352851266177 54.0 NaN 0.3079019284957983 
30.000790582359876 88.0 NaN 0.20757011482278864 59.0 NaN 0.2932826587520041 15.0 NaN 0.6228354978354977 62.0 NaN 0.2783352851266177 54.0 NaN 0.3079019284957983 
31.000790582359876 88.0 NaN 0.20757011482278864 59.0 NaN 0.2932826587520041 15.0 NaN 0.6228354978354977 62.0 NaN 0.2783352851266177 54.0 NaN 0.3079019284957983 
32.000790582359876 88.0 NaN 0.20757011482278864 59.0 NaN 0.2932826587520041 15.0 NaN 0.6228354978354977 62.0 NaN 0.2783352851266177 54.0 NaN 0.3079019284957983 
33.000790582359876 88.0 NaN 0.20757011482278864 59.0 NaN 0.2932826587520041 15.0 NaN 0.6228354978354977 62.0 NaN 0.2783352851266177 54.0 NaN 0.3079019284957983 
34.000790582359876 88.0 NaN 0.20757011482278864 59.0 NaN 0.2932826587520041 15.0 NaN 0.6228354978354977 62.0 NaN 0.2783352851266177 54.0 NaN 0.3079019284957983 
#####################################################################
# End of data export. Simulation finished at: 2020-09-16T08:43+0000 #
#####################################################################
