#####################################################################
# Alchemist log file - simulation started at: 2020-09-16T21:02+0000 #
#####################################################################
# seed = 68.0, nodeCount = 800, grain = 9, deploymentType = RandomEuclidean
#
# The columns have the following meaning: 
# time leader-random[CountDistinct] HopCountClusterClosestNeighborDistance[leader-random] HopCountClusterIntraDistance[leader-random] leader-pageRank[CountDistinct] HopCountClusterClosestNeighborDistance[leader-pageRank] HopCountClusterIntraDistance[leader-pageRank] leader-harmonic[CountDistinct] HopCountClusterClosestNeighborDistance[leader-harmonic] HopCountClusterIntraDistance[leader-harmonic] leader-closeness[CountDistinct] HopCountClusterClosestNeighborDistance[leader-closeness] HopCountClusterIntraDistance[leader-closeness] leader-degree[CountDistinct] HopCountClusterClosestNeighborDistance[leader-degree] HopCountClusterIntraDistance[leader-degree] 
0.0 NaN NaN NaN NaN NaN NaN NaN NaN NaN NaN NaN NaN NaN NaN NaN 
1.0007199129348765 77.0 Infinity 0.8002225366410257 340.0 Infinity 0.35540695943810136 537.0 Infinity 0.1845926678328913 37.0 Infinity 1.1186457334639548 330.0 Infinity 0.3771295065764763 
2.0007199129348763 8.0 NaN NaN 28.0 NaN NaN 185.0 Infinity NaN 4.0 NaN NaN 34.0 NaN NaN 
3.0007199129348763 4.0 NaN NaN 4.0 NaN NaN 32.0 NaN NaN 4.0 NaN NaN 8.0 NaN NaN 
4.000719912934876 7.0 NaN NaN 2.0 NaN NaN 8.0 NaN NaN 4.0 NaN NaN 4.0 NaN NaN 
5.000719912934876 13.0 NaN NaN 2.0 NaN NaN 6.0 NaN NaN 8.0 NaN NaN 4.0 NaN 2.4912959381044484 
6.000719912934876 6.0 NaN NaN 21.0 NaN NaN 15.0 NaN NaN 6.0 NaN NaN 2.0 NaN 4.986905551202459 
7.000719912934876 8.0 NaN NaN 44.0 NaN NaN 21.0 Infinity NaN 12.0 NaN NaN 7.0 NaN 1.4008384905351516 
8.000719912934876 21.0 NaN NaN 15.0 NaN NaN 10.0 NaN NaN 9.0 NaN 1.1607114308553157 38.0 NaN 0.23743242273136414 
9.000719912934876 100.0 NaN NaN 3.0 NaN 2.699273851712876 3.0 NaN NaN 6.0 NaN 1.7910671462829735 31.0 Infinity 0.34748172542881484 
10.000719912934876 19.0 NaN 0.901477312329362 3.0 NaN 2.699273851712876 3.0 NaN 2.1980799096428068 6.0 NaN 1.7910671462829735 40.0 Infinity 0.24118924919132864 
11.000719912934876 7.0 NaN 2.115114233959219 3.0 NaN 2.699273851712876 3.0 NaN 2.1980799096428068 6.0 NaN 1.7910671462829735 6.0 NaN NaN 
12.000719912934876 5.0 NaN 2.120583772618925 3.0 NaN 2.699273851712876 3.0 NaN 2.1980799096428068 6.0 NaN 1.7910671462829735 3.0 NaN 3.2526957072783182 
13.000719912934876 5.0 NaN 2.120583772618925 3.0 NaN 2.699273851712876 3.0 NaN 2.1980799096428068 6.0 NaN 1.7910671462829735 3.0 NaN 3.2841493889504725 
14.000719912934876 5.0 NaN 2.120583772618925 3.0 NaN 2.699273851712876 3.0 NaN 2.1980799096428068 6.0 NaN 1.7910671462829735 3.0 NaN 3.2841493889504725 
15.000719912934876 5.0 NaN 2.120583772618925 3.0 NaN 2.699273851712876 14.0 NaN 0.42339807587583955 6.0 NaN 1.7910671462829735 3.0 NaN 3.2841493889504725 
16.000719912934876 5.0 NaN 2.120583772618925 3.0 NaN 2.699273851712876 8.0 NaN 0.8034466327827192 6.0 NaN 1.7910671462829735 3.0 NaN 3.2841493889504725 
17.000719912934876 5.0 NaN 2.120583772618925 3.0 NaN 2.699273851712876 3.0 NaN 2.059191020753918 6.0 NaN 1.7910671462829735 3.0 NaN 3.2841493889504725 
18.000719912934876 5.0 NaN 2.120583772618925 3.0 NaN 2.699273851712876 3.0 NaN 2.059191020753918 6.0 NaN 1.7910671462829735 3.0 NaN 3.2841493889504725 
19.000719912934876 5.0 NaN 2.120583772618925 3.0 NaN 2.699273851712876 3.0 NaN 2.059191020753918 6.0 NaN 1.7910671462829735 3.0 NaN 3.2841493889504725 
20.000719912934876 5.0 NaN 2.120583772618925 3.0 NaN 2.699273851712876 3.0 NaN 2.059191020753918 6.0 NaN 1.7910671462829735 3.0 NaN 3.2841493889504725 
21.000719912934876 5.0 NaN 2.120583772618925 3.0 NaN 2.699273851712876 3.0 NaN 2.059191020753918 6.0 NaN 1.7910671462829735 3.0 NaN 3.2841493889504725 
22.000719912934876 5.0 NaN 2.120583772618925 3.0 NaN 2.699273851712876 3.0 NaN 2.059191020753918 6.0 NaN 1.7910671462829735 3.0 NaN 3.2841493889504725 
23.000719912934876 5.0 NaN 2.120583772618925 3.0 NaN 2.699273851712876 3.0 NaN 2.059191020753918 6.0 NaN 1.7910671462829735 3.0 NaN 3.2841493889504725 
24.000719912934876 5.0 NaN 2.120583772618925 3.0 NaN 2.699273851712876 3.0 NaN 2.059191020753918 6.0 NaN 1.7910671462829735 3.0 NaN 3.2841493889504725 
25.000719912934876 5.0 NaN 2.120583772618925 3.0 NaN 2.699273851712876 3.0 NaN 2.059191020753918 6.0 NaN 1.7910671462829735 3.0 NaN 3.2841493889504725 
26.000719912934876 5.0 NaN 2.120583772618925 3.0 NaN 2.699273851712876 3.0 NaN 2.059191020753918 6.0 NaN 1.7910671462829735 3.0 NaN 3.2841493889504725 
27.000719912934876 5.0 NaN 2.120583772618925 3.0 NaN 2.699273851712876 3.0 NaN 2.059191020753918 6.0 NaN 1.7910671462829735 3.0 NaN 3.2841493889504725 
28.000719912934876 5.0 NaN 2.120583772618925 3.0 NaN 2.699273851712876 3.0 NaN 2.059191020753918 6.0 NaN 1.7910671462829735 3.0 NaN 3.2841493889504725 
29.000719912934876 5.0 NaN 2.120583772618925 3.0 NaN 2.699273851712876 3.0 NaN 2.059191020753918 6.0 NaN 1.7910671462829735 3.0 NaN 3.2841493889504725 
30.000719912934876 5.0 NaN 2.120583772618925 3.0 NaN 2.699273851712876 3.0 NaN 2.059191020753918 6.0 NaN 1.7910671462829735 3.0 NaN 3.2841493889504725 
31.000719912934876 5.0 NaN 2.120583772618925 3.0 NaN 2.699273851712876 3.0 NaN 2.059191020753918 6.0 NaN 1.7910671462829735 3.0 NaN 3.2841493889504725 
32.000719912934876 5.0 NaN 2.120583772618925 3.0 NaN 2.699273851712876 3.0 NaN 2.059191020753918 6.0 NaN 1.7910671462829735 3.0 NaN 3.2841493889504725 
33.000719912934876 5.0 NaN 2.120583772618925 3.0 NaN 2.699273851712876 3.0 NaN 2.059191020753918 6.0 NaN 1.7910671462829735 3.0 NaN 3.2841493889504725 
34.000719912934876 5.0 NaN 2.120583772618925 3.0 NaN 2.699273851712876 3.0 NaN 2.059191020753918 6.0 NaN 1.7910671462829735 3.0 NaN 3.2841493889504725 
35.000719912934876 5.0 NaN 2.120583772618925 3.0 NaN 2.699273851712876 3.0 NaN 2.059191020753918 6.0 NaN 1.7910671462829735 3.0 NaN 3.2841493889504725 
36.000719912934876 5.0 NaN 2.120583772618925 3.0 NaN 2.699273851712876 3.0 NaN 2.059191020753918 6.0 NaN 1.7910671462829735 3.0 NaN 3.2841493889504725 
37.000719912934876 5.0 NaN 2.120583772618925 3.0 NaN 2.699273851712876 3.0 NaN 2.059191020753918 6.0 NaN 1.7910671462829735 3.0 NaN 3.2841493889504725 
38.000719912934876 5.0 NaN 2.120583772618925 3.0 NaN 2.699273851712876 3.0 NaN 2.059191020753918 6.0 NaN 1.7910671462829735 3.0 NaN 3.2841493889504725 
39.000719912934876 5.0 NaN 2.120583772618925 3.0 NaN 2.699273851712876 3.0 NaN 2.059191020753918 6.0 NaN 1.7910671462829735 3.0 NaN 3.2841493889504725 
40.000719912934876 5.0 NaN 2.120583772618925 3.0 NaN 2.699273851712876 3.0 NaN 2.059191020753918 6.0 NaN 1.7910671462829735 3.0 NaN 3.2841493889504725 
41.000719912934876 5.0 NaN 2.120583772618925 3.0 NaN 2.699273851712876 3.0 NaN 2.059191020753918 6.0 NaN 1.7910671462829735 3.0 NaN 3.2841493889504725 
42.000719912934876 5.0 NaN 2.120583772618925 3.0 NaN 2.699273851712876 3.0 NaN 2.059191020753918 6.0 NaN 1.7910671462829735 3.0 NaN 3.2841493889504725 
43.000719912934876 5.0 NaN 2.120583772618925 3.0 NaN 2.699273851712876 3.0 NaN 2.059191020753918 6.0 NaN 1.7910671462829735 3.0 NaN 3.2841493889504725 
44.000719912934876 5.0 NaN 2.120583772618925 3.0 NaN 2.699273851712876 3.0 NaN 2.059191020753918 6.0 NaN 1.7910671462829735 3.0 NaN 3.2841493889504725 
45.000719912934876 5.0 NaN 2.120583772618925 3.0 NaN 2.699273851712876 3.0 NaN 2.059191020753918 6.0 NaN 1.7910671462829735 3.0 NaN 3.2841493889504725 
46.000719912934876 5.0 NaN 2.120583772618925 3.0 NaN 2.699273851712876 3.0 NaN 2.059191020753918 6.0 NaN 1.7910671462829735 3.0 NaN 3.2841493889504725 
47.000719912934876 5.0 NaN 2.120583772618925 3.0 NaN 2.699273851712876 3.0 NaN 2.059191020753918 6.0 NaN 1.7910671462829735 3.0 NaN 3.2841493889504725 
48.000719912934876 5.0 NaN 2.120583772618925 3.0 NaN 2.699273851712876 3.0 NaN 2.059191020753918 6.0 NaN 1.7910671462829735 3.0 NaN 3.2841493889504725 
49.000719912934876 5.0 NaN 2.120583772618925 3.0 NaN 2.699273851712876 3.0 NaN 2.059191020753918 6.0 NaN 1.7910671462829735 3.0 NaN 3.2841493889504725 
#####################################################################
# End of data export. Simulation finished at: 2020-09-16T22:31+0000 #
#####################################################################
