#####################################################################
# Alchemist log file - simulation started at: 2020-09-16T15:05+0000 #
#####################################################################
# seed = 45.0, nodeCount = 400, grain = 9, deploymentType = Lobster
#
# The columns have the following meaning: 
# time leader-random[CountDistinct] HopCountClusterClosestNeighborDistance[leader-random] HopCountClusterIntraDistance[leader-random] leader-pageRank[CountDistinct] HopCountClusterClosestNeighborDistance[leader-pageRank] HopCountClusterIntraDistance[leader-pageRank] leader-harmonic[CountDistinct] HopCountClusterClosestNeighborDistance[leader-harmonic] HopCountClusterIntraDistance[leader-harmonic] leader-closeness[CountDistinct] HopCountClusterClosestNeighborDistance[leader-closeness] HopCountClusterIntraDistance[leader-closeness] leader-degree[CountDistinct] HopCountClusterClosestNeighborDistance[leader-degree] HopCountClusterIntraDistance[leader-degree] 
0.0 NaN NaN NaN NaN NaN NaN NaN NaN NaN NaN NaN NaN NaN NaN NaN 
1.000503332508935 253.0 Infinity 0.19213721061547143 323.0 Infinity 0.06540247678018576 350.0 Infinity 0.04464965986394557 183.0 Infinity 0.3698353559009296 326.0 Infinity 0.06290899795501022 
2.000503332508935 52.0 Infinity NaN 71.0 Infinity NaN 79.0 Infinity 0.8548540708071606 49.0 NaN 0.39587585034013606 66.0 Infinity 0.9085981375197062 
3.000503332508935 13.0 NaN NaN 39.0 Infinity NaN 26.0 Infinity NaN 9.0 NaN NaN 24.0 Infinity NaN 
4.000503332508935 11.0 NaN NaN 20.0 Infinity NaN 14.0 Infinity NaN 6.0 NaN NaN 10.0 Infinity NaN 
5.000503332508935 43.0 NaN NaN 12.0 Infinity NaN 11.0 Infinity NaN 16.0 NaN NaN 9.0 Infinity NaN 
6.000503332508935 70.0 NaN NaN 8.0 Infinity 2.1509502351097174 8.0 Infinity NaN 53.0 Infinity NaN 27.0 NaN 0.22676224611708484 
7.000503332508935 64.0 NaN 0.18142498028391169 8.0 Infinity 2.136129456104012 8.0 Infinity NaN 82.0 Infinity NaN 25.0 NaN 0.2849032258064516 
8.000503332508934 49.0 NaN NaN 8.0 Infinity 2.1849582503951757 7.0 Infinity NaN 192.0 Infinity 0.05476095085470086 34.0 NaN 0.2094876660341556 
9.000503332508934 43.0 NaN 0.3859747214856892 8.0 Infinity 2.2992417028819996 9.0 Infinity NaN 106.0 Infinity 0.22892669374578617 79.0 NaN 0.09015924867292772 
10.000503332508934 42.0 NaN 0.40196731689521237 8.0 Infinity 2.3007723151268977 8.0 Infinity NaN 56.0 Infinity NaN 62.0 NaN 0.20627818244883803 
11.000503332508934 42.0 NaN 0.40196731689521237 8.0 Infinity 2.3007723151268977 17.0 Infinity NaN 54.0 Infinity NaN 36.0 NaN NaN 
12.000503332508934 42.0 NaN 0.40196731689521237 8.0 Infinity 2.3007723151268977 13.0 NaN 0.605625465124146 53.0 Infinity 0.32748033841515833 34.0 NaN NaN 
13.000503332508934 42.0 NaN 0.40196731689521237 8.0 Infinity 2.098044140523723 7.0 NaN 1.1723520542781756 53.0 Infinity 0.32748033841515833 33.0 NaN 0.44438796567828825 
14.000503332508934 42.0 NaN 0.40196731689521237 8.0 Infinity 2.078060500515996 7.0 NaN 1.1723520542781756 53.0 Infinity 0.32748033841515833 33.0 NaN 0.44438796567828825 
15.000503332508934 42.0 NaN 0.40196731689521237 8.0 Infinity 2.1222359436548257 7.0 NaN 1.1723520542781756 53.0 Infinity 0.32748033841515833 33.0 NaN 0.44438796567828825 
16.000503332508934 42.0 NaN 0.40196731689521237 8.0 Infinity 1.816093117408907 7.0 NaN 1.1723520542781756 53.0 Infinity 0.32748033841515833 33.0 NaN 0.44438796567828825 
17.000503332508934 42.0 NaN 0.40196731689521237 8.0 Infinity 1.8659902526971395 7.0 NaN 1.1723520542781756 53.0 Infinity 0.32748033841515833 33.0 NaN 0.44438796567828825 
18.000503332508934 42.0 NaN 0.40196731689521237 6.0 Infinity 2.289311241065627 7.0 NaN 1.1723520542781756 53.0 Infinity 0.32748033841515833 33.0 NaN 0.44438796567828825 
19.000503332508934 42.0 NaN 0.40196731689521237 6.0 Infinity 2.2955178205969804 7.0 NaN 1.1723520542781756 53.0 Infinity 0.32748033841515833 33.0 NaN 0.44438796567828825 
20.000503332508934 42.0 NaN 0.40196731689521237 4.0 1.0 2.6043289346636627 7.0 NaN 1.1723520542781756 53.0 Infinity 0.32748033841515833 33.0 NaN 0.44438796567828825 
21.000503332508934 42.0 NaN 0.40196731689521237 19.0 1.0 0.5471875176663463 7.0 NaN 1.1723520542781756 53.0 Infinity 0.32748033841515833 33.0 NaN 0.44438796567828825 
22.000503332508934 42.0 NaN 0.40196731689521237 38.0 Infinity 0.25310036224163646 7.0 NaN 1.1723520542781756 53.0 Infinity 0.32748033841515833 33.0 NaN 0.44438796567828825 
23.000503332508934 42.0 NaN 0.40196731689521237 60.0 NaN 0.1436302294197031 7.0 NaN 1.1723520542781756 53.0 Infinity 0.32748033841515833 33.0 NaN 0.44438796567828825 
24.000503332508934 42.0 NaN 0.40196731689521237 57.0 NaN 0.17750550465231904 7.0 NaN 1.1723520542781756 53.0 Infinity 0.32748033841515833 33.0 NaN 0.44438796567828825 
25.000503332508934 42.0 NaN 0.40196731689521237 40.0 NaN 0.2985405822247928 7.0 NaN 1.1723520542781756 53.0 Infinity 0.32748033841515833 33.0 NaN 0.44438796567828825 
26.000503332508934 42.0 NaN 0.40196731689521237 40.0 NaN 0.2985405822247928 7.0 NaN 1.1723520542781756 53.0 Infinity 0.32748033841515833 33.0 NaN 0.44438796567828825 
27.000503332508934 42.0 NaN 0.40196731689521237 40.0 NaN 0.2985405822247928 7.0 NaN 1.1723520542781756 53.0 Infinity 0.32748033841515833 33.0 NaN 0.44438796567828825 
28.000503332508934 42.0 NaN 0.40196731689521237 40.0 NaN 0.2985405822247928 7.0 NaN 1.1723520542781756 53.0 Infinity 0.32748033841515833 33.0 NaN 0.44438796567828825 
29.000503332508934 42.0 NaN 0.40196731689521237 40.0 NaN 0.2985405822247928 7.0 NaN 1.1723520542781756 53.0 Infinity 0.32748033841515833 33.0 NaN 0.44438796567828825 
30.000503332508934 42.0 NaN 0.40196731689521237 40.0 NaN 0.2985405822247928 7.0 NaN 1.1723520542781756 53.0 Infinity 0.32748033841515833 33.0 NaN 0.44438796567828825 
31.000503332508934 42.0 NaN 0.40196731689521237 40.0 NaN 0.2985405822247928 7.0 NaN 1.1723520542781756 53.0 Infinity 0.32748033841515833 33.0 NaN 0.44438796567828825 
32.000503332508934 42.0 NaN 0.40196731689521237 40.0 NaN 0.2985405822247928 7.0 NaN 1.1723520542781756 53.0 Infinity 0.32748033841515833 33.0 NaN 0.44438796567828825 
33.000503332508934 42.0 NaN 0.40196731689521237 40.0 NaN 0.2985405822247928 7.0 NaN 1.1723520542781756 53.0 Infinity 0.32748033841515833 33.0 NaN 0.44438796567828825 
34.000503332508934 42.0 NaN 0.40196731689521237 40.0 NaN 0.2985405822247928 7.0 NaN 1.1723520542781756 53.0 Infinity 0.32748033841515833 33.0 NaN 0.44438796567828825 
35.000503332508934 42.0 NaN 0.40196731689521237 40.0 NaN 0.2985405822247928 7.0 NaN 1.1723520542781756 53.0 Infinity 0.32748033841515833 33.0 NaN 0.44438796567828825 
36.000503332508934 42.0 NaN 0.40196731689521237 40.0 NaN 0.2985405822247928 7.0 NaN 1.1723520542781756 53.0 Infinity 0.32748033841515833 33.0 NaN 0.44438796567828825 
#####################################################################
# End of data export. Simulation finished at: 2020-09-16T15:17+0000 #
#####################################################################
