#####################################################################
<<<<<<< HEAD
<<<<<<< HEAD
<<<<<<< HEAD
# Alchemist log file - simulation started at: 2020-09-16T15:58+0000 #
=======
# Alchemist log file - simulation started at: 2020-09-16T12:48+0000 #
>>>>>>> 78924d21d0b7204abe0b4659dbd7d51811d4c31f
=======
# Alchemist log file - simulation started at: 2020-09-16T12:48+0000 #
>>>>>>> 88c275fcf8f22bc4848b0f8b119a18abbf9e12ef
=======
# Alchemist log file - simulation started at: 2020-09-16T12:48+0000 #
>>>>>>> bd84e30be4412ccf95e8dc6e8e60fffac085de1d
#####################################################################
# seed = 48.0, nodeCount = 800, grain = 6, deploymentType = BarabasiAlbert
#
# The columns have the following meaning: 
# time leader-random[CountDistinct] HopCountClusterClosestNeighborDistance[leader-random] HopCountClusterIntraDistance[leader-random] leader-pageRank[CountDistinct] HopCountClusterClosestNeighborDistance[leader-pageRank] HopCountClusterIntraDistance[leader-pageRank] leader-harmonic[CountDistinct] HopCountClusterClosestNeighborDistance[leader-harmonic] HopCountClusterIntraDistance[leader-harmonic] leader-closeness[CountDistinct] HopCountClusterClosestNeighborDistance[leader-closeness] HopCountClusterIntraDistance[leader-closeness] leader-degree[CountDistinct] HopCountClusterClosestNeighborDistance[leader-degree] HopCountClusterIntraDistance[leader-degree] 
0.0 NaN NaN NaN NaN NaN NaN NaN NaN NaN NaN NaN NaN NaN NaN NaN 
<<<<<<< HEAD
<<<<<<< HEAD
<<<<<<< HEAD
1.000781838923525 377.0 Infinity 0.22149691559987375 525.0 Infinity 0.06872147268420561 574.0 Infinity 0.06260805640963352 251.0 Infinity 0.5017173124166205 512.0 Infinity 0.07686554439484129 
2.0007818389235252 125.0 Infinity NaN 65.0 Infinity 0.9242458566575997 130.0 Infinity 0.6674842553571675 67.0 NaN NaN 59.0 Infinity NaN 
3.0007818389235252 130.0 NaN NaN 15.0 Infinity NaN 32.0 Infinity NaN 84.0 NaN NaN 17.0 Infinity NaN 
4.000781838923525 72.0 NaN NaN 11.0 Infinity NaN 16.0 Infinity NaN 239.0 Infinity NaN 6.0 Infinity NaN 
5.000781838923525 36.0 NaN 0.15409011373578305 6.0 Infinity NaN 6.0 Infinity NaN 408.0 Infinity 0.06412441278594773 3.0 NaN 1.1587301587301588 
6.000781838923525 34.0 NaN 0.1632404270608767 3.0 NaN 1.1587301587301588 2.0 NaN 1.348125 351.0 Infinity NaN 3.0 NaN 1.1587301587301588 
7.000781838923525 34.0 NaN 0.1632404270608767 3.0 NaN 1.1587301587301588 2.0 NaN 1.348125 206.0 Infinity NaN 3.0 NaN 1.1587301587301588 
8.000781838923526 34.0 NaN 0.1632404270608767 3.0 NaN 1.1587301587301588 2.0 NaN 1.348125 197.0 Infinity NaN 3.0 NaN 1.1587301587301588 
9.000781838923526 34.0 NaN 0.1632404270608767 3.0 NaN 1.1587301587301588 2.0 NaN 1.348125 230.0 Infinity NaN 3.0 NaN 1.1587301587301588 
10.000781838923526 34.0 NaN 0.1632404270608767 3.0 NaN 1.1587301587301588 2.0 NaN 1.348125 259.0 Infinity 0.21752880118594667 3.0 NaN 1.1587301587301588 
11.000781838923526 34.0 NaN 0.1632404270608767 3.0 NaN 1.1587301587301588 2.0 NaN 1.348125 222.0 Infinity 0.3019095810885315 3.0 NaN 1.1587301587301588 
12.000781838923526 34.0 NaN 0.1632404270608767 3.0 NaN 1.1587301587301588 2.0 NaN 1.348125 216.0 Infinity 0.29134122046574984 3.0 NaN 1.1587301587301588 
13.000781838923526 34.0 NaN 0.1632404270608767 3.0 NaN 1.1587301587301588 2.0 NaN 1.348125 220.0 Infinity 0.2912674257146909 3.0 NaN 1.1587301587301588 
14.000781838923526 34.0 NaN 0.1632404270608767 3.0 NaN 1.1587301587301588 2.0 NaN 1.348125 224.0 Infinity 0.28769072565232534 3.0 NaN 1.1587301587301588 
15.000781838923526 34.0 NaN 0.1632404270608767 3.0 NaN 1.1587301587301588 2.0 NaN 1.348125 217.0 Infinity 0.30455703406578216 3.0 NaN 1.1587301587301588 
16.000781838923526 34.0 NaN 0.1632404270608767 3.0 NaN 1.1587301587301588 2.0 NaN 1.348125 212.0 Infinity 0.30803105027016087 3.0 NaN 1.1587301587301588 
17.000781838923526 34.0 NaN 0.1632404270608767 3.0 NaN 1.1587301587301588 2.0 NaN 1.348125 212.0 Infinity 0.30803105027016087 3.0 NaN 1.1587301587301588 
18.000781838923526 34.0 NaN 0.1632404270608767 3.0 NaN 1.1587301587301588 2.0 NaN 1.348125 212.0 Infinity 0.30803105027016087 3.0 NaN 1.1587301587301588 
19.000781838923526 34.0 NaN 0.1632404270608767 3.0 NaN 1.1587301587301588 2.0 NaN 1.348125 212.0 Infinity 0.30803105027016087 3.0 NaN 1.1587301587301588 
20.000781838923526 34.0 NaN 0.1632404270608767 3.0 NaN 1.1587301587301588 2.0 NaN 1.348125 212.0 Infinity 0.30803105027016087 3.0 NaN 1.1587301587301588 
21.000781838923526 34.0 NaN 0.1632404270608767 3.0 NaN 1.1587301587301588 2.0 NaN 1.348125 212.0 Infinity 0.30803105027016087 3.0 NaN 1.1587301587301588 
22.000781838923526 34.0 NaN 0.1632404270608767 3.0 NaN 1.1587301587301588 2.0 NaN 1.348125 212.0 Infinity 0.30803105027016087 3.0 NaN 1.1587301587301588 
23.000781838923526 34.0 NaN 0.1632404270608767 3.0 NaN 1.1587301587301588 2.0 NaN 1.348125 212.0 Infinity 0.30803105027016087 3.0 NaN 1.1587301587301588 
24.000781838923526 34.0 NaN 0.1632404270608767 3.0 NaN 1.1587301587301588 2.0 NaN 1.348125 212.0 Infinity 0.30803105027016087 3.0 NaN 1.1587301587301588 
25.000781838923526 34.0 NaN 0.1632404270608767 3.0 NaN 1.1587301587301588 2.0 NaN 1.348125 212.0 Infinity 0.30803105027016087 3.0 NaN 1.1587301587301588 
26.000781838923526 34.0 NaN 0.1632404270608767 3.0 NaN 1.1587301587301588 2.0 NaN 1.348125 212.0 Infinity 0.30803105027016087 3.0 NaN 1.1587301587301588 
27.000781838923526 34.0 NaN 0.1632404270608767 3.0 NaN 1.1587301587301588 2.0 NaN 1.348125 212.0 Infinity 0.30803105027016087 3.0 NaN 1.1587301587301588 
28.000781838923526 34.0 NaN 0.1632404270608767 3.0 NaN 1.1587301587301588 2.0 NaN 1.348125 212.0 Infinity 0.30803105027016087 3.0 NaN 1.1587301587301588 
29.000781838923526 34.0 NaN 0.1632404270608767 3.0 NaN 1.1587301587301588 2.0 NaN 1.348125 212.0 Infinity 0.30803105027016087 3.0 NaN 1.1587301587301588 
30.000781838923526 34.0 NaN 0.1632404270608767 3.0 NaN 1.1587301587301588 2.0 NaN 1.348125 212.0 Infinity 0.30803105027016087 3.0 NaN 1.1587301587301588 
31.000781838923526 34.0 NaN 0.1632404270608767 3.0 NaN 1.1587301587301588 2.0 NaN 1.348125 212.0 Infinity 0.30803105027016087 3.0 NaN 1.1587301587301588 
32.00078183892353 34.0 NaN 0.1632404270608767 3.0 NaN 1.1587301587301588 2.0 NaN 1.348125 212.0 Infinity 0.30803105027016087 3.0 NaN 1.1587301587301588 
33.00078183892353 34.0 NaN 0.1632404270608767 3.0 NaN 1.1587301587301588 2.0 NaN 1.348125 212.0 Infinity 0.30803105027016087 3.0 NaN 1.1587301587301588 
34.00078183892353 34.0 NaN 0.1632404270608767 3.0 NaN 1.1587301587301588 2.0 NaN 1.348125 212.0 Infinity 0.30803105027016087 3.0 NaN 1.1587301587301588 
35.00078183892353 34.0 NaN 0.1632404270608767 3.0 NaN 1.1587301587301588 2.0 NaN 1.348125 212.0 Infinity 0.30803105027016087 3.0 NaN 1.1587301587301588 
36.00078183892353 34.0 NaN 0.1632404270608767 3.0 NaN 1.1587301587301588 2.0 NaN 1.348125 212.0 Infinity 0.30803105027016087 3.0 NaN 1.1587301587301588 
37.00078183892353 34.0 NaN 0.1632404270608767 3.0 NaN 1.1587301587301588 2.0 NaN 1.348125 212.0 Infinity 0.30803105027016087 3.0 NaN 1.1587301587301588 
38.00078183892353 34.0 NaN 0.1632404270608767 3.0 NaN 1.1587301587301588 2.0 NaN 1.348125 212.0 Infinity 0.30803105027016087 3.0 NaN 1.1587301587301588 
39.00078183892353 34.0 NaN 0.1632404270608767 3.0 NaN 1.1587301587301588 2.0 NaN 1.348125 212.0 Infinity 0.30803105027016087 3.0 NaN 1.1587301587301588 
40.00078183892353 34.0 NaN 0.1632404270608767 3.0 NaN 1.1587301587301588 2.0 NaN 1.348125 212.0 Infinity 0.30803105027016087 3.0 NaN 1.1587301587301588 
#####################################################################
# End of data export. Simulation finished at: 2020-09-16T16:27+0000 #
=======
=======
>>>>>>> 88c275fcf8f22bc4848b0f8b119a18abbf9e12ef
=======
>>>>>>> bd84e30be4412ccf95e8dc6e8e60fffac085de1d
1.000781838923525 377.0 3.6 0.22149691559987375 525.0 3.5428571428571427 0.06872147268420561 574.0 3.672514619883041 0.06260805640963352 251.0 3.4 0.5017173124166205 512.0 3.5428571428571427 0.07686554439484129 
2.0007818389235252 125.0 2.0 NaN 65.0 3.238095238095238 0.9242458566575997 130.0 3.7058823529411766 0.6674842553571675 67.0 NaN NaN 59.0 3.2857142857142856 NaN 
3.0007818389235252 130.0 NaN NaN 15.0 3.0 NaN 32.0 3.466666666666667 NaN 84.0 NaN NaN 17.0 3.0 NaN 
4.000781838923525 72.0 NaN NaN 11.0 2.0 NaN 16.0 2.5 NaN 239.0 3.3333333333333335 NaN 6.0 3.0 NaN 
5.000781838923525 36.0 NaN 0.15409011373578305 6.0 2.0 NaN 6.0 2.0 NaN 408.0 4.0 0.06412441278594773 3.0 NaN 1.1587301587301588 
6.000781838923525 34.0 NaN 0.1632404270608767 3.0 NaN 1.1587301587301588 2.0 NaN 1.348125 351.0 3.6666666666666665 NaN 3.0 NaN 1.1587301587301588 
7.000781838923525 34.0 NaN 0.1632404270608767 3.0 NaN 1.1587301587301588 2.0 NaN 1.348125 206.0 4.0 NaN 3.0 NaN 1.1587301587301588 
8.000781838923526 34.0 NaN 0.1632404270608767 3.0 NaN 1.1587301587301588 2.0 NaN 1.348125 197.0 4.0 NaN 3.0 NaN 1.1587301587301588 
9.000781838923526 34.0 NaN 0.1632404270608767 3.0 NaN 1.1587301587301588 2.0 NaN 1.348125 230.0 4.0 NaN 3.0 NaN 1.1587301587301588 
10.000781838923526 34.0 NaN 0.1632404270608767 3.0 NaN 1.1587301587301588 2.0 NaN 1.348125 259.0 4.0 0.21752880118594667 3.0 NaN 1.1587301587301588 
11.000781838923526 34.0 NaN 0.1632404270608767 3.0 NaN 1.1587301587301588 2.0 NaN 1.348125 222.0 4.0 0.3019095810885315 3.0 NaN 1.1587301587301588 
12.000781838923526 34.0 NaN 0.1632404270608767 3.0 NaN 1.1587301587301588 2.0 NaN 1.348125 216.0 4.0 0.29134122046574984 3.0 NaN 1.1587301587301588 
13.000781838923526 34.0 NaN 0.1632404270608767 3.0 NaN 1.1587301587301588 2.0 NaN 1.348125 220.0 4.0 0.2912674257146909 3.0 NaN 1.1587301587301588 
14.000781838923526 34.0 NaN 0.1632404270608767 3.0 NaN 1.1587301587301588 2.0 NaN 1.348125 224.0 4.0 0.28769072565232534 3.0 NaN 1.1587301587301588 
15.000781838923526 34.0 NaN 0.1632404270608767 3.0 NaN 1.1587301587301588 2.0 NaN 1.348125 217.0 4.0 0.30455703406578216 3.0 NaN 1.1587301587301588 
16.000781838923526 34.0 NaN 0.1632404270608767 3.0 NaN 1.1587301587301588 2.0 NaN 1.348125 212.0 4.0 0.30803105027016087 3.0 NaN 1.1587301587301588 
17.000781838923526 34.0 NaN 0.1632404270608767 3.0 NaN 1.1587301587301588 2.0 NaN 1.348125 212.0 4.0 0.30803105027016087 3.0 NaN 1.1587301587301588 
18.000781838923526 34.0 NaN 0.1632404270608767 3.0 NaN 1.1587301587301588 2.0 NaN 1.348125 212.0 4.0 0.30803105027016087 3.0 NaN 1.1587301587301588 
19.000781838923526 34.0 NaN 0.1632404270608767 3.0 NaN 1.1587301587301588 2.0 NaN 1.348125 212.0 4.0 0.30803105027016087 3.0 NaN 1.1587301587301588 
20.000781838923526 34.0 NaN 0.1632404270608767 3.0 NaN 1.1587301587301588 2.0 NaN 1.348125 212.0 4.0 0.30803105027016087 3.0 NaN 1.1587301587301588 
21.000781838923526 34.0 NaN 0.1632404270608767 3.0 NaN 1.1587301587301588 2.0 NaN 1.348125 212.0 4.0 0.30803105027016087 3.0 NaN 1.1587301587301588 
22.000781838923526 34.0 NaN 0.1632404270608767 3.0 NaN 1.1587301587301588 2.0 NaN 1.348125 212.0 4.0 0.30803105027016087 3.0 NaN 1.1587301587301588 
23.000781838923526 34.0 NaN 0.1632404270608767 3.0 NaN 1.1587301587301588 2.0 NaN 1.348125 212.0 4.0 0.30803105027016087 3.0 NaN 1.1587301587301588 
24.000781838923526 34.0 NaN 0.1632404270608767 3.0 NaN 1.1587301587301588 2.0 NaN 1.348125 212.0 4.0 0.30803105027016087 3.0 NaN 1.1587301587301588 
25.000781838923526 34.0 NaN 0.1632404270608767 3.0 NaN 1.1587301587301588 2.0 NaN 1.348125 212.0 4.0 0.30803105027016087 3.0 NaN 1.1587301587301588 
26.000781838923526 34.0 NaN 0.1632404270608767 3.0 NaN 1.1587301587301588 2.0 NaN 1.348125 212.0 4.0 0.30803105027016087 3.0 NaN 1.1587301587301588 
27.000781838923526 34.0 NaN 0.1632404270608767 3.0 NaN 1.1587301587301588 2.0 NaN 1.348125 212.0 4.0 0.30803105027016087 3.0 NaN 1.1587301587301588 
28.000781838923526 34.0 NaN 0.1632404270608767 3.0 NaN 1.1587301587301588 2.0 NaN 1.348125 212.0 4.0 0.30803105027016087 3.0 NaN 1.1587301587301588 
29.000781838923526 34.0 NaN 0.1632404270608767 3.0 NaN 1.1587301587301588 2.0 NaN 1.348125 212.0 4.0 0.30803105027016087 3.0 NaN 1.1587301587301588 
30.000781838923526 34.0 NaN 0.1632404270608767 3.0 NaN 1.1587301587301588 2.0 NaN 1.348125 212.0 4.0 0.30803105027016087 3.0 NaN 1.1587301587301588 
31.000781838923526 34.0 NaN 0.1632404270608767 3.0 NaN 1.1587301587301588 2.0 NaN 1.348125 212.0 4.0 0.30803105027016087 3.0 NaN 1.1587301587301588 
32.00078183892353 34.0 NaN 0.1632404270608767 3.0 NaN 1.1587301587301588 2.0 NaN 1.348125 212.0 4.0 0.30803105027016087 3.0 NaN 1.1587301587301588 
33.00078183892353 34.0 NaN 0.1632404270608767 3.0 NaN 1.1587301587301588 2.0 NaN 1.348125 212.0 4.0 0.30803105027016087 3.0 NaN 1.1587301587301588 
34.00078183892353 34.0 NaN 0.1632404270608767 3.0 NaN 1.1587301587301588 2.0 NaN 1.348125 212.0 4.0 0.30803105027016087 3.0 NaN 1.1587301587301588 
35.00078183892353 34.0 NaN 0.1632404270608767 3.0 NaN 1.1587301587301588 2.0 NaN 1.348125 212.0 4.0 0.30803105027016087 3.0 NaN 1.1587301587301588 
36.00078183892353 34.0 NaN 0.1632404270608767 3.0 NaN 1.1587301587301588 2.0 NaN 1.348125 212.0 4.0 0.30803105027016087 3.0 NaN 1.1587301587301588 
37.00078183892353 34.0 NaN 0.1632404270608767 3.0 NaN 1.1587301587301588 2.0 NaN 1.348125 212.0 4.0 0.30803105027016087 3.0 NaN 1.1587301587301588 
38.00078183892353 34.0 NaN 0.1632404270608767 3.0 NaN 1.1587301587301588 2.0 NaN 1.348125 212.0 4.0 0.30803105027016087 3.0 NaN 1.1587301587301588 
39.00078183892353 34.0 NaN 0.1632404270608767 3.0 NaN 1.1587301587301588 2.0 NaN 1.348125 212.0 4.0 0.30803105027016087 3.0 NaN 1.1587301587301588 
40.00078183892353 34.0 NaN 0.1632404270608767 3.0 NaN 1.1587301587301588 2.0 NaN 1.348125 212.0 4.0 0.30803105027016087 3.0 NaN 1.1587301587301588 
#####################################################################
# End of data export. Simulation finished at: 2020-09-16T13:46+0000 #
<<<<<<< HEAD
<<<<<<< HEAD
>>>>>>> 78924d21d0b7204abe0b4659dbd7d51811d4c31f
=======
>>>>>>> 88c275fcf8f22bc4848b0f8b119a18abbf9e12ef
=======
>>>>>>> bd84e30be4412ccf95e8dc6e8e60fffac085de1d
#####################################################################
