#####################################################################
# Alchemist log file - simulation started at: 2020-09-15T23:22+0000 #
#####################################################################
# seed = 25.0, nodeCount = 100, grain = 2, deploymentType = Lobster
#
# The columns have the following meaning: 
# time leader-random[CountDistinct] HopCountClusterClosestNeighborDistance[leader-random] HopCountClusterIntraDistance[leader-random] leader-pageRank[CountDistinct] HopCountClusterClosestNeighborDistance[leader-pageRank] HopCountClusterIntraDistance[leader-pageRank] leader-harmonic[CountDistinct] HopCountClusterClosestNeighborDistance[leader-harmonic] HopCountClusterIntraDistance[leader-harmonic] leader-closeness[CountDistinct] HopCountClusterClosestNeighborDistance[leader-closeness] HopCountClusterIntraDistance[leader-closeness] leader-degree[CountDistinct] HopCountClusterClosestNeighborDistance[leader-degree] HopCountClusterIntraDistance[leader-degree] 
0.0 NaN NaN NaN NaN NaN NaN NaN NaN NaN NaN NaN NaN NaN NaN NaN 
1.0229324740115358 74.0 4.0 0.12409909909909911 82.0 3.6157894736842104 0.07621951219512196 86.0 3.6363636363636362 0.054263565891472874 65.0 3.709090909090909 0.23025641025641025 82.0 3.6315789473684212 0.07621951219512196 
2.0229324740115358 60.0 4.054945054945055 0.27206349206349206 40.0 3.3636363636363638 0.4057233044733044 39.0 3.411764705882353 0.5518518518518519 65.0 3.709090909090909 0.23025641025641025 41.0 3.5384615384615383 0.4131717875620315 
3.0229324740115358 60.0 4.205128205128205 0.21373015873015874 41.0 3.606060606060606 0.2718825889557597 63.0 3.338235294117647 0.1746031746031746 65.0 3.709090909090909 0.23025641025641025 39.0 3.5272727272727273 0.2644577644577644 
4.022932474011536 60.0 4.205128205128205 0.21373015873015874 42.0 3.5272727272727273 0.21801690373118945 67.0 3.7472527472527473 0.11776830135039089 65.0 3.709090909090909 0.23025641025641025 39.0 3.5272727272727273 0.2644577644577644 
5.022932474011536 60.0 4.205128205128205 0.21373015873015874 39.0 3.5272727272727273 0.26470196470196466 62.0 3.6263736263736264 0.16086789554531492 65.0 3.709090909090909 0.23025641025641025 39.0 3.5272727272727273 0.2644577644577644 
6.022932474011536 60.0 4.205128205128205 0.21373015873015874 39.0 3.5272727272727273 0.2644577644577644 56.0 3.6952380952380954 0.19043367346938775 65.0 3.709090909090909 0.23025641025641025 39.0 3.5272727272727273 0.2644577644577644 
7.022932474011536 60.0 4.205128205128205 0.21373015873015874 39.0 3.5272727272727273 0.2644577644577644 50.0 3.659340659340659 0.18164285714285713 65.0 3.709090909090909 0.23025641025641025 39.0 3.5272727272727273 0.2644577644577644 
8.022932474011537 60.0 4.205128205128205 0.21373015873015874 39.0 3.5272727272727273 0.2644577644577644 43.0 3.5 0.24299557032115168 65.0 3.709090909090909 0.23025641025641025 39.0 3.5272727272727273 0.2644577644577644 
9.022932474011537 60.0 4.205128205128205 0.21373015873015874 39.0 3.5272727272727273 0.2644577644577644 43.0 3.1515151515151514 0.26366740494647467 65.0 3.709090909090909 0.23025641025641025 39.0 3.5272727272727273 0.2644577644577644 
10.022932474011537 60.0 4.205128205128205 0.21373015873015874 39.0 3.5272727272727273 0.2644577644577644 43.0 3.272727272727273 0.2404115909929863 65.0 3.709090909090909 0.23025641025641025 39.0 3.5272727272727273 0.2644577644577644 
11.022932474011537 60.0 4.205128205128205 0.21373015873015874 39.0 3.5272727272727273 0.2644577644577644 43.0 3.272727272727273 0.2404115909929863 65.0 3.709090909090909 0.23025641025641025 39.0 3.5272727272727273 0.2644577644577644 
12.022932474011537 60.0 4.205128205128205 0.21373015873015874 39.0 3.5272727272727273 0.2644577644577644 43.0 3.272727272727273 0.2404115909929863 65.0 3.709090909090909 0.23025641025641025 39.0 3.5272727272727273 0.2644577644577644 
13.022932474011537 60.0 4.205128205128205 0.21373015873015874 39.0 3.5272727272727273 0.2644577644577644 43.0 3.272727272727273 0.2404115909929863 65.0 3.709090909090909 0.23025641025641025 39.0 3.5272727272727273 0.2644577644577644 
14.022932474011537 60.0 4.205128205128205 0.21373015873015874 39.0 3.5272727272727273 0.2644577644577644 43.0 3.272727272727273 0.2404115909929863 65.0 3.709090909090909 0.23025641025641025 39.0 3.5272727272727273 0.2644577644577644 
15.022932474011537 60.0 4.205128205128205 0.21373015873015874 39.0 3.5272727272727273 0.2644577644577644 43.0 3.272727272727273 0.2404115909929863 65.0 3.709090909090909 0.23025641025641025 39.0 3.5272727272727273 0.2644577644577644 
16.022932474011537 60.0 4.205128205128205 0.21373015873015874 39.0 3.5272727272727273 0.2644577644577644 43.0 3.272727272727273 0.2404115909929863 65.0 3.709090909090909 0.23025641025641025 39.0 3.5272727272727273 0.2644577644577644 
17.022932474011537 60.0 4.205128205128205 0.21373015873015874 39.0 3.5272727272727273 0.2644577644577644 43.0 3.272727272727273 0.2404115909929863 65.0 3.709090909090909 0.23025641025641025 39.0 3.5272727272727273 0.2644577644577644 
18.022932474011537 60.0 4.205128205128205 0.21373015873015874 39.0 3.5272727272727273 0.2644577644577644 43.0 3.272727272727273 0.2404115909929863 65.0 3.709090909090909 0.23025641025641025 39.0 3.5272727272727273 0.2644577644577644 
19.022932474011537 60.0 4.205128205128205 0.21373015873015874 39.0 3.5272727272727273 0.2644577644577644 43.0 3.272727272727273 0.2404115909929863 65.0 3.709090909090909 0.23025641025641025 39.0 3.5272727272727273 0.2644577644577644 
20.022932474011537 60.0 4.205128205128205 0.21373015873015874 39.0 3.5272727272727273 0.2644577644577644 43.0 3.272727272727273 0.2404115909929863 65.0 3.709090909090909 0.23025641025641025 39.0 3.5272727272727273 0.2644577644577644 
21.022932474011537 60.0 4.205128205128205 0.21373015873015874 39.0 3.5272727272727273 0.2644577644577644 43.0 3.272727272727273 0.2404115909929863 65.0 3.709090909090909 0.23025641025641025 39.0 3.5272727272727273 0.2644577644577644 
22.022932474011537 60.0 4.205128205128205 0.21373015873015874 39.0 3.5272727272727273 0.2644577644577644 43.0 3.272727272727273 0.2404115909929863 65.0 3.709090909090909 0.23025641025641025 39.0 3.5272727272727273 0.2644577644577644 
23.022932474011537 60.0 4.205128205128205 0.21373015873015874 39.0 3.5272727272727273 0.2644577644577644 43.0 3.272727272727273 0.2404115909929863 65.0 3.709090909090909 0.23025641025641025 39.0 3.5272727272727273 0.2644577644577644 
24.022932474011537 60.0 4.205128205128205 0.21373015873015874 39.0 3.5272727272727273 0.2644577644577644 43.0 3.272727272727273 0.2404115909929863 65.0 3.709090909090909 0.23025641025641025 39.0 3.5272727272727273 0.2644577644577644 
25.022932474011537 60.0 4.205128205128205 0.21373015873015874 39.0 3.5272727272727273 0.2644577644577644 43.0 3.272727272727273 0.2404115909929863 65.0 3.709090909090909 0.23025641025641025 39.0 3.5272727272727273 0.2644577644577644 
26.022932474011537 60.0 4.205128205128205 0.21373015873015874 39.0 3.5272727272727273 0.2644577644577644 43.0 3.272727272727273 0.2404115909929863 65.0 3.709090909090909 0.23025641025641025 39.0 3.5272727272727273 0.2644577644577644 
27.022932474011537 60.0 4.205128205128205 0.21373015873015874 39.0 3.5272727272727273 0.2644577644577644 43.0 3.272727272727273 0.2404115909929863 65.0 3.709090909090909 0.23025641025641025 39.0 3.5272727272727273 0.2644577644577644 
28.022932474011537 60.0 4.205128205128205 0.21373015873015874 39.0 3.5272727272727273 0.2644577644577644 43.0 3.272727272727273 0.2404115909929863 65.0 3.709090909090909 0.23025641025641025 39.0 3.5272727272727273 0.2644577644577644 
29.022932474011537 60.0 4.205128205128205 0.21373015873015874 39.0 3.5272727272727273 0.2644577644577644 43.0 3.272727272727273 0.2404115909929863 65.0 3.709090909090909 0.23025641025641025 39.0 3.5272727272727273 0.2644577644577644 
30.022932474011537 60.0 4.205128205128205 0.21373015873015874 39.0 3.5272727272727273 0.2644577644577644 43.0 3.272727272727273 0.2404115909929863 65.0 3.709090909090909 0.23025641025641025 39.0 3.5272727272727273 0.2644577644577644 
31.022932474011537 60.0 4.205128205128205 0.21373015873015874 39.0 3.5272727272727273 0.2644577644577644 43.0 3.272727272727273 0.2404115909929863 65.0 3.709090909090909 0.23025641025641025 39.0 3.5272727272727273 0.2644577644577644 
32.02293247401154 60.0 4.205128205128205 0.21373015873015874 39.0 3.5272727272727273 0.2644577644577644 43.0 3.272727272727273 0.2404115909929863 65.0 3.709090909090909 0.23025641025641025 39.0 3.5272727272727273 0.2644577644577644 
33.02293247401154 60.0 4.205128205128205 0.21373015873015874 39.0 3.5272727272727273 0.2644577644577644 43.0 3.272727272727273 0.2404115909929863 65.0 3.709090909090909 0.23025641025641025 39.0 3.5272727272727273 0.2644577644577644 
34.02293247401154 60.0 4.205128205128205 0.21373015873015874 39.0 3.5272727272727273 0.2644577644577644 43.0 3.272727272727273 0.2404115909929863 65.0 3.709090909090909 0.23025641025641025 39.0 3.5272727272727273 0.2644577644577644 
35.02293247401154 60.0 4.205128205128205 0.21373015873015874 39.0 3.5272727272727273 0.2644577644577644 43.0 3.272727272727273 0.2404115909929863 65.0 3.709090909090909 0.23025641025641025 39.0 3.5272727272727273 0.2644577644577644 
36.02293247401154 60.0 4.205128205128205 0.21373015873015874 39.0 3.5272727272727273 0.2644577644577644 43.0 3.272727272727273 0.2404115909929863 65.0 3.709090909090909 0.23025641025641025 39.0 3.5272727272727273 0.2644577644577644 
#####################################################################
# End of data export. Simulation finished at: 2020-09-15T23:28+0000 #
#####################################################################
