#####################################################################
# Alchemist log file - simulation started at: 2020-09-16T08:42+0000 #
#####################################################################
# seed = 118.0, nodeCount = 25, grain = 3, deploymentType = BarabasiAlbert
#
# The columns have the following meaning: 
# time leader-random[CountDistinct] HopCountClusterClosestNeighborDistance[leader-random] HopCountClusterIntraDistance[leader-random] leader-pageRank[CountDistinct] HopCountClusterClosestNeighborDistance[leader-pageRank] HopCountClusterIntraDistance[leader-pageRank] leader-harmonic[CountDistinct] HopCountClusterClosestNeighborDistance[leader-harmonic] HopCountClusterIntraDistance[leader-harmonic] leader-closeness[CountDistinct] HopCountClusterClosestNeighborDistance[leader-closeness] HopCountClusterIntraDistance[leader-closeness] leader-degree[CountDistinct] HopCountClusterClosestNeighborDistance[leader-degree] HopCountClusterIntraDistance[leader-degree] 
0.0 NaN NaN NaN NaN NaN NaN NaN NaN NaN NaN NaN NaN NaN NaN NaN 
1.0045193581219034 12.0 3.7818181818181817 0.4791666666666667 17.0 3.75 0.1715686274509804 18.0 3.823529411764706 0.1527777777777778 10.0 4.611111111111111 0.5055555555555555 16.0 3.4857142857142858 0.15104166666666666 
2.0045193581219034 11.0 4.6 0.32727272727272727 4.0 2.6666666666666665 0.8130952380952381 5.0 2.8333333333333335 0.8222222222222222 10.0 4.277777777777778 NaN 4.0 2.6666666666666665 0.8130952380952381 
3.0045193581219034 10.0 4.444444444444445 0.36923076923076925 5.0 2.5 0.5857142857142857 5.0 2.8 NaN 9.0 4.892857142857143 0.42962962962962964 5.0 2.5 0.5857142857142857 
4.004519358121904 10.0 4.444444444444445 0.36923076923076925 5.0 2.8333333333333335 0.38571428571428573 6.0 3.6 0.2380952380952381 7.0 4.8 0.5880952380952381 5.0 2.8333333333333335 0.38571428571428573 
5.004519358121904 10.0 4.444444444444445 0.36923076923076925 5.0 2.8333333333333335 0.38571428571428573 6.0 3.6 0.2380952380952381 7.0 4.8 0.5880952380952381 5.0 2.8333333333333335 0.38571428571428573 
6.004519358121904 10.0 4.444444444444445 0.36923076923076925 5.0 2.8333333333333335 0.38571428571428573 5.0 3.6 0.38571428571428573 7.0 4.8 0.5880952380952381 5.0 2.8333333333333335 0.38571428571428573 
7.004519358121904 10.0 4.444444444444445 0.36923076923076925 5.0 2.8333333333333335 0.38571428571428573 5.0 3.6 0.38571428571428573 7.0 4.8 0.5880952380952381 5.0 2.8333333333333335 0.38571428571428573 
8.004519358121904 10.0 4.444444444444445 0.36923076923076925 5.0 2.8333333333333335 0.38571428571428573 5.0 3.6 0.38571428571428573 7.0 4.8 0.5880952380952381 5.0 2.8333333333333335 0.38571428571428573 
9.004519358121904 10.0 4.444444444444445 0.36923076923076925 5.0 2.8333333333333335 0.38571428571428573 5.0 3.6 0.38571428571428573 7.0 4.8 0.5880952380952381 5.0 2.8333333333333335 0.38571428571428573 
10.004519358121904 10.0 4.444444444444445 0.36923076923076925 5.0 2.8333333333333335 0.38571428571428573 5.0 3.6 0.38571428571428573 7.0 4.8 0.5880952380952381 5.0 2.8333333333333335 0.38571428571428573 
11.004519358121904 10.0 4.444444444444445 0.36923076923076925 5.0 2.8333333333333335 0.38571428571428573 5.0 3.6 0.38571428571428573 7.0 4.8 0.5880952380952381 5.0 2.8333333333333335 0.38571428571428573 
12.004519358121904 10.0 4.444444444444445 0.36923076923076925 5.0 2.8333333333333335 0.38571428571428573 5.0 3.6 0.38571428571428573 7.0 4.8 0.5880952380952381 5.0 2.8333333333333335 0.38571428571428573 
13.004519358121904 10.0 4.444444444444445 0.36923076923076925 5.0 2.8333333333333335 0.38571428571428573 5.0 3.6 0.38571428571428573 7.0 4.8 0.5880952380952381 5.0 2.8333333333333335 0.38571428571428573 
14.004519358121904 10.0 4.444444444444445 0.36923076923076925 5.0 2.8333333333333335 0.38571428571428573 5.0 3.6 0.38571428571428573 7.0 4.8 0.5880952380952381 5.0 2.8333333333333335 0.38571428571428573 
15.004519358121904 10.0 4.444444444444445 0.36923076923076925 5.0 2.8333333333333335 0.38571428571428573 5.0 3.6 0.38571428571428573 7.0 4.8 0.5880952380952381 5.0 2.8333333333333335 0.38571428571428573 
16.004519358121904 10.0 4.444444444444445 0.36923076923076925 5.0 2.8333333333333335 0.38571428571428573 5.0 3.6 0.38571428571428573 7.0 4.8 0.5880952380952381 5.0 2.8333333333333335 0.38571428571428573 
17.004519358121904 10.0 4.444444444444445 0.36923076923076925 5.0 2.8333333333333335 0.38571428571428573 5.0 3.6 0.38571428571428573 7.0 4.8 0.5880952380952381 5.0 2.8333333333333335 0.38571428571428573 
18.004519358121904 10.0 4.444444444444445 0.36923076923076925 5.0 2.8333333333333335 0.38571428571428573 5.0 3.6 0.38571428571428573 7.0 4.8 0.5880952380952381 5.0 2.8333333333333335 0.38571428571428573 
19.004519358121904 10.0 4.444444444444445 0.36923076923076925 5.0 2.8333333333333335 0.38571428571428573 5.0 3.6 0.38571428571428573 7.0 4.8 0.5880952380952381 5.0 2.8333333333333335 0.38571428571428573 
20.004519358121904 10.0 4.444444444444445 0.36923076923076925 5.0 2.8333333333333335 0.38571428571428573 5.0 3.6 0.38571428571428573 7.0 4.8 0.5880952380952381 5.0 2.8333333333333335 0.38571428571428573 
21.004519358121904 10.0 4.444444444444445 0.36923076923076925 5.0 2.8333333333333335 0.38571428571428573 5.0 3.6 0.38571428571428573 7.0 4.8 0.5880952380952381 5.0 2.8333333333333335 0.38571428571428573 
22.004519358121904 10.0 4.444444444444445 0.36923076923076925 5.0 2.8333333333333335 0.38571428571428573 5.0 3.6 0.38571428571428573 7.0 4.8 0.5880952380952381 5.0 2.8333333333333335 0.38571428571428573 
23.004519358121904 10.0 4.444444444444445 0.36923076923076925 5.0 2.8333333333333335 0.38571428571428573 5.0 3.6 0.38571428571428573 7.0 4.8 0.5880952380952381 5.0 2.8333333333333335 0.38571428571428573 
24.004519358121904 10.0 4.444444444444445 0.36923076923076925 5.0 2.8333333333333335 0.38571428571428573 5.0 3.6 0.38571428571428573 7.0 4.8 0.5880952380952381 5.0 2.8333333333333335 0.38571428571428573 
25.004519358121904 10.0 4.444444444444445 0.36923076923076925 5.0 2.8333333333333335 0.38571428571428573 5.0 3.6 0.38571428571428573 7.0 4.8 0.5880952380952381 5.0 2.8333333333333335 0.38571428571428573 
26.004519358121904 10.0 4.444444444444445 0.36923076923076925 5.0 2.8333333333333335 0.38571428571428573 5.0 3.6 0.38571428571428573 7.0 4.8 0.5880952380952381 5.0 2.8333333333333335 0.38571428571428573 
27.004519358121904 10.0 4.444444444444445 0.36923076923076925 5.0 2.8333333333333335 0.38571428571428573 5.0 3.6 0.38571428571428573 7.0 4.8 0.5880952380952381 5.0 2.8333333333333335 0.38571428571428573 
28.004519358121904 10.0 4.444444444444445 0.36923076923076925 5.0 2.8333333333333335 0.38571428571428573 5.0 3.6 0.38571428571428573 7.0 4.8 0.5880952380952381 5.0 2.8333333333333335 0.38571428571428573 
29.004519358121904 10.0 4.444444444444445 0.36923076923076925 5.0 2.8333333333333335 0.38571428571428573 5.0 3.6 0.38571428571428573 7.0 4.8 0.5880952380952381 5.0 2.8333333333333335 0.38571428571428573 
30.004519358121904 10.0 4.444444444444445 0.36923076923076925 5.0 2.8333333333333335 0.38571428571428573 5.0 3.6 0.38571428571428573 7.0 4.8 0.5880952380952381 5.0 2.8333333333333335 0.38571428571428573 
31.004519358121904 10.0 4.444444444444445 0.36923076923076925 5.0 2.8333333333333335 0.38571428571428573 5.0 3.6 0.38571428571428573 7.0 4.8 0.5880952380952381 5.0 2.8333333333333335 0.38571428571428573 
#####################################################################
# End of data export. Simulation finished at: 2020-09-16T08:42+0000 #
#####################################################################
