#####################################################################
# Alchemist log file - simulation started at: 2020-09-16T08:34+0000 #
#####################################################################
# seed = 118.0, nodeCount = 400, grain = 8, deploymentType = RandomEuclidean
#
# The columns have the following meaning: 
# time leader-random[CountDistinct] HopCountClusterClosestNeighborDistance[leader-random] HopCountClusterIntraDistance[leader-random] leader-pageRank[CountDistinct] HopCountClusterClosestNeighborDistance[leader-pageRank] HopCountClusterIntraDistance[leader-pageRank] leader-harmonic[CountDistinct] HopCountClusterClosestNeighborDistance[leader-harmonic] HopCountClusterIntraDistance[leader-harmonic] leader-closeness[CountDistinct] HopCountClusterClosestNeighborDistance[leader-closeness] HopCountClusterIntraDistance[leader-closeness] leader-degree[CountDistinct] HopCountClusterClosestNeighborDistance[leader-degree] HopCountClusterIntraDistance[leader-degree] 
0.0 NaN NaN NaN NaN NaN NaN NaN NaN NaN NaN NaN NaN NaN NaN NaN 
1.0045193581219034 77.0 5.0 0.6076196569955694 243.0 4.615384615384615 0.19641387419165196 322.0 4.233918128654971 0.105175983436853 38.0 NaN 0.9483148070453651 238.0 4.621212121212121 0.21349039615846335 
2.0045193581219034 13.0 6.0 NaN 37.0 NaN NaN 125.0 4.533333333333333 NaN 9.0 NaN NaN 44.0 NaN NaN 
3.0045193581219034 9.0 NaN NaN 11.0 NaN NaN 41.0 3.3333333333333335 NaN 9.0 NaN NaN 15.0 NaN NaN 
4.004519358121904 6.0 NaN NaN 10.0 NaN NaN 51.0 4.4 NaN 15.0 3.0 NaN 13.0 NaN NaN 
5.004519358121904 11.0 NaN NaN 18.0 NaN NaN 26.0 NaN NaN 56.0 2.0 NaN 10.0 NaN NaN 
6.004519358121904 47.0 NaN NaN 45.0 NaN NaN 26.0 NaN NaN 61.0 2.6 NaN 6.0 NaN 1.9829495622373299 
7.004519358121904 53.0 4.666666666666667 NaN 31.0 5.0 0.41680050493528614 30.0 NaN NaN 20.0 NaN NaN 8.0 NaN 1.4772730092558128 
8.004519358121904 8.0 NaN NaN 13.0 NaN 1.1324819175658607 39.0 4.0 NaN 5.0 NaN NaN 13.0 NaN 0.9658305644596582 
9.004519358121904 5.0 NaN NaN 9.0 NaN NaN 20.0 NaN NaN 4.0 NaN NaN 18.0 NaN 0.7691278056377067 
10.004519358121904 5.0 NaN NaN 7.0 NaN NaN 8.0 NaN NaN 4.0 NaN NaN 48.0 NaN NaN 
11.004519358121904 5.0 NaN NaN 7.0 NaN 2.1085292202689656 13.0 NaN NaN 8.0 NaN 1.8033893169450828 13.0 NaN 1.3020285545038024 
12.004519358121904 5.0 NaN NaN 7.0 NaN 2.1085292202689656 10.0 NaN NaN 6.0 NaN 2.515630200371221 10.0 NaN NaN 
13.004519358121904 12.0 NaN NaN 10.0 NaN 1.5204148986327204 10.0 NaN NaN 4.0 NaN 3.8567786338901655 9.0 NaN NaN 
14.004519358121904 7.0 NaN 2.1610536001840353 23.0 5.0 0.5088760428837914 10.0 NaN NaN 4.0 NaN 3.8567786338901655 7.0 NaN NaN 
15.004519358121904 5.0 NaN 2.9904750402576488 10.0 NaN 1.5037482319660536 10.0 NaN 1.2094145336863782 4.0 NaN 3.8567786338901655 7.0 NaN 1.8486085853483307 
16.004519358121904 5.0 NaN 2.9904750402576488 6.0 NaN 2.44630553280892 7.0 NaN 1.8834959538843032 4.0 NaN 3.8567786338901655 7.0 NaN 1.8486085853483307 
17.004519358121904 5.0 NaN 2.9904750402576488 6.0 NaN 2.44630553280892 6.0 NaN 1.9954888692752768 4.0 NaN 3.8567786338901655 7.0 NaN 1.8486085853483307 
18.004519358121904 5.0 NaN 2.9904750402576488 6.0 NaN 2.44630553280892 6.0 NaN 1.9954888692752768 4.0 NaN 3.8567786338901655 7.0 NaN 1.8486085853483307 
19.004519358121904 5.0 NaN 2.9904750402576488 6.0 NaN 2.44630553280892 6.0 NaN 1.9954888692752768 4.0 NaN 3.8567786338901655 9.0 NaN 1.4095879826077846 
20.004519358121904 5.0 NaN 2.9904750402576488 6.0 NaN 2.44630553280892 6.0 NaN 1.9954888692752768 4.0 NaN 3.8567786338901655 15.0 NaN 0.7219432657551469 
21.004519358121904 5.0 NaN 2.9904750402576488 6.0 NaN 2.44630553280892 6.0 NaN 1.9954888692752768 4.0 NaN 3.8567786338901655 8.0 NaN 1.594715051862329 
22.004519358121904 5.0 NaN 2.9904750402576488 6.0 NaN 2.44630553280892 6.0 NaN 1.9954888692752768 4.0 NaN 3.8567786338901655 7.0 NaN 1.8327355694753147 
23.004519358121904 5.0 NaN 2.9904750402576488 6.0 NaN 2.44630553280892 6.0 NaN 1.9954888692752768 4.0 NaN 3.8567786338901655 7.0 NaN 1.8327355694753147 
24.004519358121904 5.0 NaN 2.9904750402576488 6.0 NaN 2.44630553280892 6.0 NaN 1.9954888692752768 4.0 NaN 3.8567786338901655 7.0 NaN 1.8327355694753147 
25.004519358121904 5.0 NaN 2.9904750402576488 6.0 NaN 2.44630553280892 6.0 NaN 1.9954888692752768 4.0 NaN 3.8567786338901655 7.0 NaN 1.8327355694753147 
26.004519358121904 5.0 NaN 2.9904750402576488 6.0 NaN 2.44630553280892 6.0 NaN 1.9954888692752768 4.0 NaN 3.8567786338901655 7.0 NaN 1.8327355694753147 
27.004519358121904 5.0 NaN 2.9904750402576488 6.0 NaN 2.44630553280892 6.0 NaN 1.9954888692752768 4.0 NaN 3.8567786338901655 7.0 NaN 1.8327355694753147 
28.004519358121904 5.0 NaN 2.9904750402576488 6.0 NaN 2.44630553280892 6.0 NaN 1.9954888692752768 4.0 NaN 3.8567786338901655 7.0 NaN 1.8327355694753147 
29.004519358121904 5.0 NaN 2.9904750402576488 6.0 NaN 2.44630553280892 6.0 NaN 1.9954888692752768 4.0 NaN 3.8567786338901655 7.0 NaN 1.8327355694753147 
30.004519358121904 5.0 NaN 2.9904750402576488 6.0 NaN 2.44630553280892 6.0 NaN 1.9954888692752768 4.0 NaN 3.8567786338901655 7.0 NaN 1.8327355694753147 
31.004519358121904 5.0 NaN 2.9904750402576488 6.0 NaN 2.44630553280892 6.0 NaN 1.9954888692752768 4.0 NaN 3.8567786338901655 7.0 NaN 1.8327355694753147 
32.004519358121904 5.0 NaN 2.9904750402576488 6.0 NaN 2.44630553280892 6.0 NaN 1.9954888692752768 4.0 NaN 3.8567786338901655 7.0 NaN 1.8327355694753147 
33.004519358121904 5.0 NaN 2.9904750402576488 6.0 NaN 2.44630553280892 6.0 NaN 1.9954888692752768 4.0 NaN 3.8567786338901655 7.0 NaN 1.8327355694753147 
34.004519358121904 5.0 NaN 2.9904750402576488 6.0 NaN 2.44630553280892 6.0 NaN 1.9954888692752768 4.0 NaN 3.8567786338901655 7.0 NaN 1.8327355694753147 
35.004519358121904 5.0 NaN 2.9904750402576488 6.0 NaN 2.44630553280892 6.0 NaN 1.9954888692752768 4.0 NaN 3.8567786338901655 7.0 NaN 1.8327355694753147 
36.004519358121904 5.0 NaN 2.9904750402576488 6.0 NaN 2.44630553280892 6.0 NaN 1.9954888692752768 4.0 NaN 3.8567786338901655 7.0 NaN 1.8327355694753147 
37.004519358121904 5.0 NaN 2.9904750402576488 6.0 NaN 2.44630553280892 6.0 NaN 1.9954888692752768 4.0 NaN 3.8567786338901655 7.0 NaN 1.8327355694753147 
38.004519358121904 5.0 NaN 2.9904750402576488 6.0 NaN 2.44630553280892 6.0 NaN 1.9954888692752768 4.0 NaN 3.8567786338901655 7.0 NaN 1.8327355694753147 
39.004519358121904 5.0 NaN 2.9904750402576488 6.0 NaN 2.44630553280892 6.0 NaN 1.9954888692752768 4.0 NaN 3.8567786338901655 7.0 NaN 1.8327355694753147 
40.004519358121904 5.0 NaN 2.9904750402576488 6.0 NaN 2.44630553280892 6.0 NaN 1.9954888692752768 4.0 NaN 3.8567786338901655 7.0 NaN 1.8327355694753147 
#####################################################################
# End of data export. Simulation finished at: 2020-09-16T08:41+0000 #
#####################################################################
