#####################################################################
# Alchemist log file - simulation started at: 2020-09-16T19:24+0000 #
#####################################################################
# seed = 128.0, nodeCount = 400, grain = 2, deploymentType = RandomEuclidean
#
# The columns have the following meaning: 
# time leader-random[CountDistinct] HopCountClusterClosestNeighborDistance[leader-random] HopCountClusterIntraDistance[leader-random] leader-pageRank[CountDistinct] HopCountClusterClosestNeighborDistance[leader-pageRank] HopCountClusterIntraDistance[leader-pageRank] leader-harmonic[CountDistinct] HopCountClusterClosestNeighborDistance[leader-harmonic] HopCountClusterIntraDistance[leader-harmonic] leader-closeness[CountDistinct] HopCountClusterClosestNeighborDistance[leader-closeness] HopCountClusterIntraDistance[leader-closeness] leader-degree[CountDistinct] HopCountClusterClosestNeighborDistance[leader-degree] HopCountClusterIntraDistance[leader-degree] 
0.0 NaN NaN NaN NaN NaN NaN NaN NaN NaN NaN NaN NaN NaN NaN NaN 
1.0028803327583762 108.0 5.333333333333333 0.5102723665223663 284.0 3.7578947368421054 0.1585093896713615 334.0 3.8285714285714287 0.08697604790419163 59.0 3.6666666666666665 0.7259855022566885 274.0 4.20952380952381 0.17767639902676396 
2.002880332758376 79.0 2.0 0.5863937223114438 82.0 3.2 0.7578037766075786 211.0 3.5555555555555554 0.3225908372827803 59.0 3.6666666666666665 0.7259855022566885 87.0 4.0 0.7130161186195668 
3.002880332758376 77.0 2.0 0.5044844945818971 80.0 3.066666666666667 0.3829647622222119 152.0 3.619047619047619 0.43029448621553873 59.0 3.6666666666666665 0.7259855022566885 87.0 2.8666666666666667 0.35677875295015254 
4.002880332758377 59.0 2.0 0.7127533718635414 62.0 3.4 0.5957353818740266 131.0 5.333333333333333 0.42807758399361434 59.0 3.6666666666666665 0.7259855022566885 65.0 3.2 0.5292013052307171 
5.002880332758377 58.0 2.0 0.7106744070106138 50.0 3.8333333333333335 0.6791007624126817 103.0 4.0 0.486337471938557 59.0 3.6666666666666665 0.7259855022566885 55.0 3.6 0.6383201572640074 
6.002880332758377 58.0 2.0 0.7106744070106138 50.0 3.8333333333333335 0.6791007624126817 132.0 3.7142857142857144 0.2942468244273057 59.0 3.6666666666666665 0.7259855022566885 52.0 3.5 0.6543129868497515 
7.002880332758377 58.0 2.0 0.7106744070106138 50.0 3.8333333333333335 0.6791007624126817 88.0 3.7333333333333334 0.5688403990543026 59.0 3.6666666666666665 0.7259855022566885 50.0 2.0 0.6831521729904081 
8.002880332758377 58.0 2.0 0.7106744070106138 50.0 3.8333333333333335 0.6791007624126817 83.0 3.933333333333333 0.5152843042460336 59.0 3.6666666666666665 0.7259855022566885 49.0 2.0 0.7072981357044981 
9.002880332758377 58.0 2.0 0.7106744070106138 50.0 3.8333333333333335 0.6791007624126817 73.0 4.066666666666666 0.5765000868949297 59.0 3.6666666666666665 0.7259855022566885 49.0 2.0 0.7072981357044981 
10.002880332758377 58.0 2.0 0.7106744070106138 50.0 3.8333333333333335 0.6791007624126817 79.0 3.5 0.4968598808323305 59.0 3.6666666666666665 0.7259855022566885 49.0 2.0 0.7072981357044981 
11.002880332758377 58.0 2.0 0.7106744070106138 50.0 3.8333333333333335 0.6791007624126817 64.0 3.8 0.6733622586563761 59.0 3.6666666666666665 0.7259855022566885 49.0 2.0 0.7072981357044981 
12.002880332758377 58.0 2.0 0.7106744070106138 50.0 3.8333333333333335 0.6791007624126817 60.0 4.0 0.7116916280886868 59.0 3.6666666666666665 0.7259855022566885 49.0 2.0 0.7072981357044981 
13.002880332758377 58.0 2.0 0.7106744070106138 50.0 3.8333333333333335 0.6791007624126817 60.0 7.0 0.6866916280886868 59.0 3.6666666666666665 0.7259855022566885 49.0 2.0 0.7072981357044981 
14.002880332758377 58.0 2.0 0.7106744070106138 50.0 3.8333333333333335 0.6791007624126817 58.0 7.0 0.7391062819308254 59.0 3.6666666666666665 0.7259855022566885 49.0 2.0 0.7072981357044981 
15.002880332758377 58.0 2.0 0.7106744070106138 50.0 3.8333333333333335 0.6791007624126817 57.0 7.0 0.7374531757658691 59.0 3.6666666666666665 0.7259855022566885 49.0 2.0 0.7072981357044981 
16.002880332758377 58.0 2.0 0.7106744070106138 50.0 3.8333333333333335 0.6791007624126817 57.0 7.0 0.7374531757658691 59.0 3.6666666666666665 0.7259855022566885 49.0 2.0 0.7072981357044981 
17.002880332758377 58.0 2.0 0.7106744070106138 50.0 3.8333333333333335 0.6791007624126817 57.0 7.0 0.7374531757658691 59.0 3.6666666666666665 0.7259855022566885 49.0 2.0 0.7072981357044981 
18.002880332758377 58.0 2.0 0.7106744070106138 50.0 3.8333333333333335 0.6791007624126817 57.0 7.0 0.7374531757658691 59.0 3.6666666666666665 0.7259855022566885 49.0 2.0 0.7072981357044981 
19.002880332758377 58.0 2.0 0.7106744070106138 50.0 3.8333333333333335 0.6791007624126817 57.0 7.0 0.7374531757658691 59.0 3.6666666666666665 0.7259855022566885 49.0 2.0 0.7072981357044981 
20.002880332758377 58.0 2.0 0.7106744070106138 50.0 3.8333333333333335 0.6791007624126817 57.0 7.0 0.7374531757658691 59.0 3.6666666666666665 0.7259855022566885 49.0 2.0 0.7072981357044981 
21.002880332758377 58.0 2.0 0.7106744070106138 50.0 3.8333333333333335 0.6791007624126817 57.0 7.0 0.7374531757658691 59.0 3.6666666666666665 0.7259855022566885 49.0 2.0 0.7072981357044981 
22.002880332758377 58.0 2.0 0.7106744070106138 50.0 3.8333333333333335 0.6791007624126817 57.0 7.0 0.7374531757658691 59.0 3.6666666666666665 0.7259855022566885 49.0 2.0 0.7072981357044981 
23.002880332758377 58.0 2.0 0.7106744070106138 50.0 3.8333333333333335 0.6791007624126817 57.0 7.0 0.7374531757658691 59.0 3.6666666666666665 0.7259855022566885 49.0 2.0 0.7072981357044981 
24.002880332758377 58.0 2.0 0.7106744070106138 50.0 3.8333333333333335 0.6791007624126817 57.0 7.0 0.7374531757658691 59.0 3.6666666666666665 0.7259855022566885 49.0 2.0 0.7072981357044981 
25.002880332758377 58.0 2.0 0.7106744070106138 50.0 3.8333333333333335 0.6791007624126817 57.0 7.0 0.7374531757658691 59.0 3.6666666666666665 0.7259855022566885 49.0 2.0 0.7072981357044981 
26.002880332758377 58.0 2.0 0.7106744070106138 50.0 3.8333333333333335 0.6791007624126817 57.0 7.0 0.7374531757658691 59.0 3.6666666666666665 0.7259855022566885 49.0 2.0 0.7072981357044981 
27.002880332758377 58.0 2.0 0.7106744070106138 50.0 3.8333333333333335 0.6791007624126817 57.0 7.0 0.7374531757658691 59.0 3.6666666666666665 0.7259855022566885 49.0 2.0 0.7072981357044981 
28.002880332758377 58.0 2.0 0.7106744070106138 50.0 3.8333333333333335 0.6791007624126817 57.0 7.0 0.7374531757658691 59.0 3.6666666666666665 0.7259855022566885 49.0 2.0 0.7072981357044981 
29.002880332758377 58.0 2.0 0.7106744070106138 50.0 3.8333333333333335 0.6791007624126817 57.0 7.0 0.7374531757658691 59.0 3.6666666666666665 0.7259855022566885 49.0 2.0 0.7072981357044981 
30.002880332758377 58.0 2.0 0.7106744070106138 50.0 3.8333333333333335 0.6791007624126817 57.0 7.0 0.7374531757658691 59.0 3.6666666666666665 0.7259855022566885 49.0 2.0 0.7072981357044981 
31.002880332758377 58.0 2.0 0.7106744070106138 50.0 3.8333333333333335 0.6791007624126817 57.0 7.0 0.7374531757658691 59.0 3.6666666666666665 0.7259855022566885 49.0 2.0 0.7072981357044981 
32.00288033275838 58.0 2.0 0.7106744070106138 50.0 3.8333333333333335 0.6791007624126817 57.0 7.0 0.7374531757658691 59.0 3.6666666666666665 0.7259855022566885 49.0 2.0 0.7072981357044981 
33.00288033275838 58.0 2.0 0.7106744070106138 50.0 3.8333333333333335 0.6791007624126817 57.0 7.0 0.7374531757658691 59.0 3.6666666666666665 0.7259855022566885 49.0 2.0 0.7072981357044981 
34.00288033275838 58.0 2.0 0.7106744070106138 50.0 3.8333333333333335 0.6791007624126817 57.0 7.0 0.7374531757658691 59.0 3.6666666666666665 0.7259855022566885 49.0 2.0 0.7072981357044981 
35.00288033275838 58.0 2.0 0.7106744070106138 50.0 3.8333333333333335 0.6791007624126817 57.0 7.0 0.7374531757658691 59.0 3.6666666666666665 0.7259855022566885 49.0 2.0 0.7072981357044981 
36.00288033275838 58.0 2.0 0.7106744070106138 50.0 3.8333333333333335 0.6791007624126817 57.0 7.0 0.7374531757658691 59.0 3.6666666666666665 0.7259855022566885 49.0 2.0 0.7072981357044981 
37.00288033275838 58.0 2.0 0.7106744070106138 50.0 3.8333333333333335 0.6791007624126817 57.0 7.0 0.7374531757658691 59.0 3.6666666666666665 0.7259855022566885 49.0 2.0 0.7072981357044981 
38.00288033275838 58.0 2.0 0.7106744070106138 50.0 3.8333333333333335 0.6791007624126817 57.0 7.0 0.7374531757658691 59.0 3.6666666666666665 0.7259855022566885 49.0 2.0 0.7072981357044981 
39.00288033275838 58.0 2.0 0.7106744070106138 50.0 3.8333333333333335 0.6791007624126817 57.0 7.0 0.7374531757658691 59.0 3.6666666666666665 0.7259855022566885 49.0 2.0 0.7072981357044981 
40.00288033275838 58.0 2.0 0.7106744070106138 50.0 3.8333333333333335 0.6791007624126817 57.0 7.0 0.7374531757658691 59.0 3.6666666666666665 0.7259855022566885 49.0 2.0 0.7072981357044981 
41.00288033275838 58.0 2.0 0.7106744070106138 50.0 3.8333333333333335 0.6791007624126817 57.0 7.0 0.7374531757658691 59.0 3.6666666666666665 0.7259855022566885 49.0 2.0 0.7072981357044981 
42.00288033275838 58.0 2.0 0.7106744070106138 50.0 3.8333333333333335 0.6791007624126817 57.0 7.0 0.7374531757658691 59.0 3.6666666666666665 0.7259855022566885 49.0 2.0 0.7072981357044981 
43.00288033275838 58.0 2.0 0.7106744070106138 50.0 3.8333333333333335 0.6791007624126817 57.0 7.0 0.7374531757658691 59.0 3.6666666666666665 0.7259855022566885 49.0 2.0 0.7072981357044981 
#####################################################################
# End of data export. Simulation finished at: 2020-09-16T20:07+0000 #
#####################################################################
