#####################################################################
# Alchemist log file - simulation started at: 2020-09-18T22:30+0000 #
#####################################################################
# seed = 142.0, nodeCount = 200, grain = 6, deploymentType = Lobster
#
# The columns have the following meaning: 
# time leader-random[CountDistinct] HopCountClusterClosestNeighborDistance[leader-random] HopCountClusterIntraDistance[leader-random] leader-pageRank[CountDistinct] HopCountClusterClosestNeighborDistance[leader-pageRank] HopCountClusterIntraDistance[leader-pageRank] leader-harmonic[CountDistinct] HopCountClusterClosestNeighborDistance[leader-harmonic] HopCountClusterIntraDistance[leader-harmonic] leader-closeness[CountDistinct] HopCountClusterClosestNeighborDistance[leader-closeness] HopCountClusterIntraDistance[leader-closeness] leader-degree[CountDistinct] HopCountClusterClosestNeighborDistance[leader-degree] HopCountClusterIntraDistance[leader-degree] 
0.0 NaN NaN NaN NaN NaN NaN NaN NaN NaN NaN NaN NaN NaN NaN NaN 
1.0065964639662404 108.0 Infinity 0.21171369782480892 157.0 Infinity 0.06648973814578911 168.0 Infinity 0.057979024943310656 79.0 Infinity 0.42187935544227434 158.0 Infinity 0.06786216596343178 
2.0065964639662406 30.0 Infinity NaN 38.0 Infinity 0.8636091076106558 49.0 Infinity 0.7521475689843038 38.0 Infinity 0.48496649231775085 39.0 Infinity 0.8897845743999591 
3.0065964639662406 15.0 NaN NaN 17.0 Infinity NaN 23.0 Infinity NaN 44.0 Infinity 0.3662322620358971 12.0 Infinity NaN 
4.006596463966241 54.0 Infinity NaN 14.0 Infinity 0.9838352784781357 11.0 Infinity NaN 42.0 Infinity 0.36669068636281754 10.0 Infinity NaN 
5.006596463966241 88.0 Infinity 0.14524793388429755 13.0 Infinity 1.145259832759833 7.0 Infinity NaN 49.0 NaN 0.3724434035909446 37.0 Infinity NaN 
6.006596463966241 63.0 Infinity 0.3119940905655192 17.0 Infinity NaN 4.0 Infinity NaN 45.0 NaN 0.48650186486252056 55.0 NaN 0.12830889540566962 
7.006596463966241 37.0 Infinity NaN 48.0 Infinity NaN 22.0 Infinity NaN 41.0 NaN 0.5365787018525923 26.0 NaN 0.4834695245429395 
8.00659646396624 37.0 Infinity 0.3729320229320229 55.0 Infinity 0.18518127705627707 37.0 NaN 0.12078745412078747 41.0 NaN 0.5365787018525923 22.0 NaN 0.5831154987022619 
9.00659646396624 45.0 Infinity 0.3066329966329966 44.0 Infinity NaN 27.0 NaN 0.3476223136716964 41.0 NaN 0.5365787018525923 22.0 NaN 0.5831154987022619 
10.00659646396624 45.0 Infinity 0.3177441077441077 42.0 Infinity NaN 22.0 NaN NaN 41.0 NaN 0.5365787018525923 22.0 NaN 0.5831154987022619 
11.00659646396624 44.0 Infinity 0.3363292011019283 41.0 Infinity 0.30329195702671313 21.0 NaN 0.3596413874191652 41.0 NaN 0.5365787018525923 22.0 NaN 0.5831154987022619 
12.00659646396624 44.0 Infinity 0.3363292011019283 41.0 Infinity 0.30329195702671313 21.0 NaN 0.3596413874191652 41.0 NaN 0.5365787018525923 22.0 NaN 0.5831154987022619 
13.00659646396624 44.0 Infinity 0.3363292011019283 41.0 Infinity 0.31426756678281065 21.0 NaN 0.3596413874191652 41.0 NaN 0.5365787018525923 22.0 NaN 0.5831154987022619 
14.00659646396624 44.0 Infinity 0.3363292011019283 40.0 Infinity 0.24522818937701665 21.0 NaN 0.3596413874191652 41.0 NaN 0.5365787018525923 22.0 NaN 0.5831154987022619 
15.00659646396624 44.0 Infinity 0.3363292011019283 40.0 Infinity 0.25042232277526394 21.0 NaN 0.3596413874191652 41.0 NaN 0.5365787018525923 22.0 NaN 0.5831154987022619 
16.00659646396624 44.0 Infinity 0.3363292011019283 41.0 Infinity 0.2564398801882756 21.0 NaN 0.3596413874191652 41.0 NaN 0.5365787018525923 22.0 NaN 0.5831154987022619 
17.00659646396624 44.0 Infinity 0.3363292011019283 44.0 Infinity 0.23219696969696965 21.0 NaN 0.3596413874191652 41.0 NaN 0.5365787018525923 22.0 NaN 0.5831154987022619 
18.00659646396624 44.0 Infinity 0.3363292011019283 26.0 NaN NaN 21.0 NaN 0.3596413874191652 41.0 NaN 0.5365787018525923 22.0 NaN 0.5831154987022619 
19.00659646396624 44.0 Infinity 0.3363292011019283 22.0 NaN 0.5831154987022619 21.0 NaN 0.3596413874191652 41.0 NaN 0.5365787018525923 22.0 NaN 0.5831154987022619 
20.00659646396624 44.0 Infinity 0.3363292011019283 22.0 NaN 0.5831154987022619 21.0 NaN 0.3596413874191652 41.0 NaN 0.5365787018525923 22.0 NaN 0.5831154987022619 
21.00659646396624 44.0 Infinity 0.3363292011019283 22.0 NaN 0.5831154987022619 21.0 NaN 0.3596413874191652 41.0 NaN 0.5365787018525923 22.0 NaN 0.5831154987022619 
22.00659646396624 44.0 Infinity 0.3363292011019283 22.0 NaN 0.5831154987022619 21.0 NaN 0.3596413874191652 41.0 NaN 0.5365787018525923 22.0 NaN 0.5831154987022619 
23.00659646396624 44.0 Infinity 0.3363292011019283 22.0 NaN 0.5831154987022619 21.0 NaN 0.3596413874191652 41.0 NaN 0.5365787018525923 22.0 NaN 0.5831154987022619 
24.00659646396624 44.0 Infinity 0.3363292011019283 22.0 NaN 0.5831154987022619 21.0 NaN 0.3596413874191652 41.0 NaN 0.5365787018525923 22.0 NaN 0.5831154987022619 
25.00659646396624 44.0 Infinity 0.3363292011019283 22.0 NaN 0.5831154987022619 21.0 NaN 0.3596413874191652 41.0 NaN 0.5365787018525923 22.0 NaN 0.5831154987022619 
26.00659646396624 44.0 Infinity 0.3363292011019283 22.0 NaN 0.5831154987022619 21.0 NaN 0.3596413874191652 41.0 NaN 0.5365787018525923 22.0 NaN 0.5831154987022619 
27.00659646396624 44.0 Infinity 0.3363292011019283 22.0 NaN 0.5831154987022619 21.0 NaN 0.3596413874191652 41.0 NaN 0.5365787018525923 22.0 NaN 0.5831154987022619 
28.00659646396624 44.0 Infinity 0.3363292011019283 22.0 NaN 0.5831154987022619 21.0 NaN 0.3596413874191652 41.0 NaN 0.5365787018525923 22.0 NaN 0.5831154987022619 
29.00659646396624 44.0 Infinity 0.3363292011019283 22.0 NaN 0.5831154987022619 21.0 NaN 0.3596413874191652 41.0 NaN 0.5365787018525923 22.0 NaN 0.5831154987022619 
30.00659646396624 44.0 Infinity 0.3363292011019283 22.0 NaN 0.5831154987022619 21.0 NaN 0.3596413874191652 41.0 NaN 0.5365787018525923 22.0 NaN 0.5831154987022619 
31.00659646396624 44.0 Infinity 0.3363292011019283 22.0 NaN 0.5831154987022619 21.0 NaN 0.3596413874191652 41.0 NaN 0.5365787018525923 22.0 NaN 0.5831154987022619 
32.00659646396624 44.0 Infinity 0.3363292011019283 22.0 NaN 0.5831154987022619 21.0 NaN 0.3596413874191652 41.0 NaN 0.5365787018525923 22.0 NaN 0.5831154987022619 
33.00659646396624 44.0 Infinity 0.3363292011019283 22.0 NaN 0.5831154987022619 21.0 NaN 0.3596413874191652 41.0 NaN 0.5365787018525923 22.0 NaN 0.5831154987022619 
34.00659646396624 44.0 Infinity 0.3363292011019283 22.0 NaN 0.5831154987022619 21.0 NaN 0.3596413874191652 41.0 NaN 0.5365787018525923 22.0 NaN 0.5831154987022619 
#####################################################################
# End of data export. Simulation finished at: 2020-09-18T22:32+0000 #
#####################################################################
