#####################################################################
# Alchemist log file - simulation started at: 2020-09-16T09:26+0000 #
#####################################################################
# seed = 31.0, nodeCount = 25, grain = 8, deploymentType = BarabasiAlbert
#
# The columns have the following meaning: 
# time leader-random[CountDistinct] HopCountClusterClosestNeighborDistance[leader-random] HopCountClusterIntraDistance[leader-random] leader-pageRank[CountDistinct] HopCountClusterClosestNeighborDistance[leader-pageRank] HopCountClusterIntraDistance[leader-pageRank] leader-harmonic[CountDistinct] HopCountClusterClosestNeighborDistance[leader-harmonic] HopCountClusterIntraDistance[leader-harmonic] leader-closeness[CountDistinct] HopCountClusterClosestNeighborDistance[leader-closeness] HopCountClusterIntraDistance[leader-closeness] leader-degree[CountDistinct] HopCountClusterClosestNeighborDistance[leader-degree] HopCountClusterIntraDistance[leader-degree] 
0.0 NaN NaN NaN NaN NaN NaN NaN NaN NaN NaN NaN NaN NaN NaN NaN 
1.001304868216485 14.0 3.230769230769231 0.22222222222222224 16.0 3.104761904761905 0.1111111111111111 20.0 3.473684210526316 0.1 7.0 3.3333333333333335 0.7490842490842491 14.0 2.871794871794872 0.16904761904761906 
2.0013048682164847 6.0 3.066666666666667 1.2208333333333334 6.0 2.2666666666666666 0.8134920634920636 7.0 2.0 0.697278911564626 2.0 NaN 1.4285714285714286 6.0 2.2666666666666666 0.8134920634920636 
3.0013048682164847 3.0 2.6666666666666665 NaN 1.0 NaN 1.7692307692307692 1.0 NaN 1.7692307692307692 1.0 NaN 2.9615384615384617 1.0 NaN 1.7692307692307692 
4.001304868216485 1.0 NaN 2.769230769230769 1.0 NaN 1.7692307692307692 1.0 NaN 1.7692307692307692 1.0 NaN 2.9615384615384617 1.0 NaN 1.7692307692307692 
5.001304868216485 1.0 NaN 2.769230769230769 1.0 NaN 1.7692307692307692 1.0 NaN 1.7692307692307692 1.0 NaN 2.9615384615384617 1.0 NaN 1.7692307692307692 
6.001304868216485 1.0 NaN 2.769230769230769 1.0 NaN 1.7692307692307692 1.0 NaN 1.7692307692307692 1.0 NaN 2.9615384615384617 1.0 NaN 1.7692307692307692 
7.001304868216485 1.0 NaN 2.769230769230769 1.0 NaN 1.7692307692307692 1.0 NaN 1.7692307692307692 1.0 NaN 2.9615384615384617 1.0 NaN 1.7692307692307692 
8.001304868216485 1.0 NaN 2.769230769230769 1.0 NaN 1.7692307692307692 1.0 NaN 1.7692307692307692 1.0 NaN 2.9615384615384617 1.0 NaN 1.7692307692307692 
9.001304868216485 1.0 NaN 2.769230769230769 1.0 NaN 1.7692307692307692 1.0 NaN 1.7692307692307692 1.0 NaN 2.9615384615384617 1.0 NaN 1.7692307692307692 
10.001304868216485 1.0 NaN 2.769230769230769 1.0 NaN 1.7692307692307692 1.0 NaN 1.7692307692307692 1.0 NaN 2.9615384615384617 1.0 NaN 1.7692307692307692 
11.001304868216485 1.0 NaN 2.769230769230769 1.0 NaN 1.7692307692307692 1.0 NaN 1.7692307692307692 1.0 NaN 2.9615384615384617 1.0 NaN 1.7692307692307692 
12.001304868216485 1.0 NaN 2.769230769230769 1.0 NaN 1.7692307692307692 1.0 NaN 1.7692307692307692 1.0 NaN 2.9615384615384617 1.0 NaN 1.7692307692307692 
13.001304868216485 1.0 NaN 2.769230769230769 1.0 NaN 1.7692307692307692 1.0 NaN 1.7692307692307692 1.0 NaN 2.9615384615384617 1.0 NaN 1.7692307692307692 
14.001304868216485 1.0 NaN 2.769230769230769 1.0 NaN 1.7692307692307692 1.0 NaN 1.7692307692307692 1.0 NaN 2.9615384615384617 1.0 NaN 1.7692307692307692 
15.001304868216485 1.0 NaN 2.769230769230769 1.0 NaN 1.7692307692307692 1.0 NaN 1.7692307692307692 1.0 NaN 2.9615384615384617 1.0 NaN 1.7692307692307692 
16.001304868216486 1.0 NaN 2.769230769230769 1.0 NaN 1.7692307692307692 1.0 NaN 1.7692307692307692 1.0 NaN 2.9615384615384617 1.0 NaN 1.7692307692307692 
17.001304868216486 1.0 NaN 2.769230769230769 1.0 NaN 1.7692307692307692 1.0 NaN 1.7692307692307692 1.0 NaN 2.9615384615384617 1.0 NaN 1.7692307692307692 
18.001304868216486 1.0 NaN 2.769230769230769 1.0 NaN 1.7692307692307692 1.0 NaN 1.7692307692307692 1.0 NaN 2.9615384615384617 1.0 NaN 1.7692307692307692 
19.001304868216486 1.0 NaN 2.769230769230769 1.0 NaN 1.7692307692307692 1.0 NaN 1.7692307692307692 1.0 NaN 2.9615384615384617 1.0 NaN 1.7692307692307692 
20.001304868216486 1.0 NaN 2.769230769230769 1.0 NaN 1.7692307692307692 1.0 NaN 1.7692307692307692 1.0 NaN 2.9615384615384617 1.0 NaN 1.7692307692307692 
21.001304868216486 1.0 NaN 2.769230769230769 1.0 NaN 1.7692307692307692 1.0 NaN 1.7692307692307692 1.0 NaN 2.9615384615384617 1.0 NaN 1.7692307692307692 
22.001304868216486 1.0 NaN 2.769230769230769 1.0 NaN 1.7692307692307692 1.0 NaN 1.7692307692307692 1.0 NaN 2.9615384615384617 1.0 NaN 1.7692307692307692 
23.001304868216486 1.0 NaN 2.769230769230769 1.0 NaN 1.7692307692307692 1.0 NaN 1.7692307692307692 1.0 NaN 2.9615384615384617 1.0 NaN 1.7692307692307692 
24.001304868216486 1.0 NaN 2.769230769230769 1.0 NaN 1.7692307692307692 1.0 NaN 1.7692307692307692 1.0 NaN 2.9615384615384617 1.0 NaN 1.7692307692307692 
25.001304868216486 1.0 NaN 2.769230769230769 1.0 NaN 1.7692307692307692 1.0 NaN 1.7692307692307692 1.0 NaN 2.9615384615384617 1.0 NaN 1.7692307692307692 
26.001304868216486 1.0 NaN 2.769230769230769 1.0 NaN 1.7692307692307692 1.0 NaN 1.7692307692307692 1.0 NaN 2.9615384615384617 1.0 NaN 1.7692307692307692 
27.001304868216486 1.0 NaN 2.769230769230769 1.0 NaN 1.7692307692307692 1.0 NaN 1.7692307692307692 1.0 NaN 2.9615384615384617 1.0 NaN 1.7692307692307692 
28.001304868216486 1.0 NaN 2.769230769230769 1.0 NaN 1.7692307692307692 1.0 NaN 1.7692307692307692 1.0 NaN 2.9615384615384617 1.0 NaN 1.7692307692307692 
29.001304868216486 1.0 NaN 2.769230769230769 1.0 NaN 1.7692307692307692 1.0 NaN 1.7692307692307692 1.0 NaN 2.9615384615384617 1.0 NaN 1.7692307692307692 
30.001304868216486 1.0 NaN 2.769230769230769 1.0 NaN 1.7692307692307692 1.0 NaN 1.7692307692307692 1.0 NaN 2.9615384615384617 1.0 NaN 1.7692307692307692 
31.001304868216486 1.0 NaN 2.769230769230769 1.0 NaN 1.7692307692307692 1.0 NaN 1.7692307692307692 1.0 NaN 2.9615384615384617 1.0 NaN 1.7692307692307692 
32.00130486821649 1.0 NaN 2.769230769230769 1.0 NaN 1.7692307692307692 1.0 NaN 1.7692307692307692 1.0 NaN 2.9615384615384617 1.0 NaN 1.7692307692307692 
33.00130486821649 1.0 NaN 2.769230769230769 1.0 NaN 1.7692307692307692 1.0 NaN 1.7692307692307692 1.0 NaN 2.9615384615384617 1.0 NaN 1.7692307692307692 
#####################################################################
# End of data export. Simulation finished at: 2020-09-16T09:27+0000 #
#####################################################################
