#####################################################################
# Alchemist log file - simulation started at: 2020-09-16T18:24+0000 #
#####################################################################
# seed = 128.0, nodeCount = 200, grain = 8, deploymentType = Lobster
#
# The columns have the following meaning: 
# time leader-random[CountDistinct] HopCountClusterClosestNeighborDistance[leader-random] HopCountClusterIntraDistance[leader-random] leader-pageRank[CountDistinct] HopCountClusterClosestNeighborDistance[leader-pageRank] HopCountClusterIntraDistance[leader-pageRank] leader-harmonic[CountDistinct] HopCountClusterClosestNeighborDistance[leader-harmonic] HopCountClusterIntraDistance[leader-harmonic] leader-closeness[CountDistinct] HopCountClusterClosestNeighborDistance[leader-closeness] HopCountClusterIntraDistance[leader-closeness] leader-degree[CountDistinct] HopCountClusterClosestNeighborDistance[leader-degree] HopCountClusterIntraDistance[leader-degree] 
0.0 NaN NaN NaN NaN NaN NaN NaN NaN NaN NaN NaN NaN NaN NaN NaN 
1.0028803327583762 105.0 4.333333333333333 0.22759224902082045 158.0 4.011695906432749 0.057160585753288654 172.0 3.980952380952381 0.04772286821705426 91.0 4.380952380952381 0.40866474795046226 158.0 3.980952380952381 0.06867088607594937 
2.002880332758376 22.0 3.5 NaN 34.0 3.2777777777777777 0.7237886063516316 43.0 3.1619047619047618 0.7024498089729568 29.0 NaN 0.48482758620689653 31.0 3.0555555555555554 0.7906708976742932 
3.002880332758376 9.0 6.0 NaN 16.0 2.9523809523809526 NaN 23.0 2.981818181818182 NaN 9.0 NaN NaN 12.0 2.2 NaN 
4.002880332758377 6.0 NaN NaN 22.0 3.7857142857142856 NaN 9.0 2.1333333333333333 NaN 9.0 NaN NaN 5.0 3.0 NaN 
5.002880332758377 28.0 NaN NaN 20.0 3.8095238095238093 NaN 7.0 1.8 NaN 11.0 NaN 0.494568324757004 8.0 3.0 NaN 
6.002880332758377 62.0 5.333333333333333 NaN 8.0 3.4 NaN 5.0 2.0 NaN 13.0 NaN 0.4184808901790034 13.0 3.0 NaN 
7.002880332758377 47.0 1.0 0.3117227445159162 7.0 3.3333333333333335 1.1135195152168278 5.0 3.0 NaN 31.0 NaN 0.1754919862040982 32.0 3.0 NaN 
8.002880332758377 29.0 NaN NaN 7.0 3.3333333333333335 1.1469289244257639 9.0 3.0 NaN 29.0 NaN 0.29646187687827247 28.0 NaN 0.2503992901508429 
9.002880332758377 25.0 NaN NaN 6.0 3.0 0.9316239316239315 15.0 3.0 NaN 21.0 NaN 0.6621208231720361 19.0 NaN 0.5386836656859539 
10.002880332758377 24.0 NaN NaN 9.0 3.0 NaN 32.0 3.0 NaN 18.0 NaN NaN 14.0 NaN 0.6889461470206811 
11.002880332758377 23.0 NaN 0.41915234243343447 15.0 3.0 NaN 27.0 NaN 0.25242696112261326 16.0 NaN NaN 13.0 NaN 0.6847427934384456 
12.002880332758377 23.0 NaN 0.41915234243343447 32.0 3.0 NaN 18.0 NaN 0.5299631930066712 15.0 NaN 0.7458580413297395 13.0 NaN 0.6847427934384456 
13.002880332758377 23.0 NaN 0.41915234243343447 28.0 NaN 0.2503992901508429 14.0 NaN NaN 15.0 NaN 0.7458580413297395 13.0 NaN 0.6847427934384456 
14.002880332758377 23.0 NaN 0.41915234243343447 19.0 NaN 0.5386836656859539 13.0 NaN 0.6312310877528269 15.0 NaN 0.7458580413297395 13.0 NaN 0.6847427934384456 
15.002880332758377 23.0 NaN 0.41915234243343447 14.0 NaN 0.6889461470206811 13.0 NaN 0.6312310877528269 15.0 NaN 0.7458580413297395 13.0 NaN 0.6847427934384456 
16.002880332758377 23.0 NaN 0.41915234243343447 13.0 NaN 0.6847427934384456 13.0 NaN 0.6312310877528269 15.0 NaN 0.7458580413297395 13.0 NaN 0.6847427934384456 
17.002880332758377 23.0 NaN 0.41915234243343447 13.0 NaN 0.6847427934384456 13.0 NaN 0.6312310877528269 15.0 NaN 0.7458580413297395 13.0 NaN 0.6847427934384456 
18.002880332758377 23.0 NaN 0.41915234243343447 13.0 NaN 0.6847427934384456 13.0 NaN 0.6312310877528269 15.0 NaN 0.7458580413297395 13.0 NaN 0.6847427934384456 
19.002880332758377 23.0 NaN 0.41915234243343447 13.0 NaN 0.6847427934384456 13.0 NaN 0.6312310877528269 15.0 NaN 0.7458580413297395 13.0 NaN 0.6847427934384456 
20.002880332758377 23.0 NaN 0.41915234243343447 13.0 NaN 0.6847427934384456 13.0 NaN 0.6312310877528269 15.0 NaN 0.7458580413297395 13.0 NaN 0.6847427934384456 
21.002880332758377 23.0 NaN 0.41915234243343447 13.0 NaN 0.6847427934384456 13.0 NaN 0.6312310877528269 15.0 NaN 0.7458580413297395 13.0 NaN 0.6847427934384456 
22.002880332758377 23.0 NaN 0.41915234243343447 13.0 NaN 0.6847427934384456 13.0 NaN 0.6312310877528269 15.0 NaN 0.7458580413297395 13.0 NaN 0.6847427934384456 
23.002880332758377 23.0 NaN 0.41915234243343447 13.0 NaN 0.6847427934384456 13.0 NaN 0.6312310877528269 15.0 NaN 0.7458580413297395 13.0 NaN 0.6847427934384456 
24.002880332758377 23.0 NaN 0.41915234243343447 13.0 NaN 0.6847427934384456 13.0 NaN 0.6312310877528269 15.0 NaN 0.7458580413297395 13.0 NaN 0.6847427934384456 
25.002880332758377 23.0 NaN 0.41915234243343447 13.0 NaN 0.6847427934384456 13.0 NaN 0.6312310877528269 15.0 NaN 0.7458580413297395 13.0 NaN 0.6847427934384456 
26.002880332758377 23.0 NaN 0.41915234243343447 13.0 NaN 0.6847427934384456 13.0 NaN 0.6312310877528269 15.0 NaN 0.7458580413297395 13.0 NaN 0.6847427934384456 
27.002880332758377 23.0 NaN 0.41915234243343447 13.0 NaN 0.6847427934384456 13.0 NaN 0.6312310877528269 15.0 NaN 0.7458580413297395 13.0 NaN 0.6847427934384456 
28.002880332758377 23.0 NaN 0.41915234243343447 13.0 NaN 0.6847427934384456 13.0 NaN 0.6312310877528269 15.0 NaN 0.7458580413297395 13.0 NaN 0.6847427934384456 
29.002880332758377 23.0 NaN 0.41915234243343447 13.0 NaN 0.6847427934384456 13.0 NaN 0.6312310877528269 15.0 NaN 0.7458580413297395 13.0 NaN 0.6847427934384456 
30.002880332758377 23.0 NaN 0.41915234243343447 13.0 NaN 0.6847427934384456 13.0 NaN 0.6312310877528269 15.0 NaN 0.7458580413297395 13.0 NaN 0.6847427934384456 
31.002880332758377 23.0 NaN 0.41915234243343447 13.0 NaN 0.6847427934384456 13.0 NaN 0.6312310877528269 15.0 NaN 0.7458580413297395 13.0 NaN 0.6847427934384456 
32.00288033275838 23.0 NaN 0.41915234243343447 13.0 NaN 0.6847427934384456 13.0 NaN 0.6312310877528269 15.0 NaN 0.7458580413297395 13.0 NaN 0.6847427934384456 
33.00288033275838 23.0 NaN 0.41915234243343447 13.0 NaN 0.6847427934384456 13.0 NaN 0.6312310877528269 15.0 NaN 0.7458580413297395 13.0 NaN 0.6847427934384456 
34.00288033275838 23.0 NaN 0.41915234243343447 13.0 NaN 0.6847427934384456 13.0 NaN 0.6312310877528269 15.0 NaN 0.7458580413297395 13.0 NaN 0.6847427934384456 
#####################################################################
# End of data export. Simulation finished at: 2020-09-16T18:31+0000 #
#####################################################################
