#####################################################################
# Alchemist log file - simulation started at: 2020-09-16T11:47+0000 #
#####################################################################
# seed = 122.0, nodeCount = 50, grain = 2, deploymentType = BarabasiAlbert
#
# The columns have the following meaning: 
# time leader-random[CountDistinct] HopCountClusterClosestNeighborDistance[leader-random] HopCountClusterIntraDistance[leader-random] leader-pageRank[CountDistinct] HopCountClusterClosestNeighborDistance[leader-pageRank] HopCountClusterIntraDistance[leader-pageRank] leader-harmonic[CountDistinct] HopCountClusterClosestNeighborDistance[leader-harmonic] HopCountClusterIntraDistance[leader-harmonic] leader-closeness[CountDistinct] HopCountClusterClosestNeighborDistance[leader-closeness] HopCountClusterIntraDistance[leader-closeness] leader-degree[CountDistinct] HopCountClusterClosestNeighborDistance[leader-degree] HopCountClusterIntraDistance[leader-degree] 
0.0 NaN NaN NaN NaN NaN NaN NaN NaN NaN NaN NaN NaN NaN NaN NaN 
1.017888782293526 30.0 3.909090909090909 0.2738888888888889 44.0 4.21578947368421 0.04166666666666667 47.0 3.9446640316205532 0.035460992907801414 24.0 3.7777777777777777 0.39444444444444443 43.0 4.280701754385965 0.054263565891472874 
2.017888782293526 27.0 4.128205128205129 0.3700176366843034 19.0 3.5636363636363635 0.36342750816435027 24.0 4.010989010989011 0.375 24.0 3.7777777777777777 0.39444444444444443 20.0 3.590909090909091 0.35035714285714287 
3.017888782293526 27.0 4.128205128205129 0.2959435626102293 23.0 4.036363636363636 0.15979672501411632 28.0 4.102564102564102 0.1577380952380952 24.0 3.7777777777777777 0.39444444444444443 29.0 4.197802197802198 0.12665782493368702 
4.017888782293526 27.0 4.128205128205129 0.2959435626102293 22.0 4.036363636363636 0.18978748524203068 31.0 4.285714285714286 0.11042183622828786 24.0 3.7777777777777777 0.39444444444444443 25.0 4.254545454545455 0.18192307692307694 
5.017888782293526 27.0 4.128205128205129 0.2959435626102293 22.0 4.036363636363636 0.18978748524203068 25.0 4.218181818181818 0.2385897435897436 24.0 3.7777777777777777 0.39444444444444443 21.0 4.357142857142857 0.25467032967032965 
6.017888782293526 27.0 4.128205128205129 0.2959435626102293 22.0 4.036363636363636 0.18978748524203068 22.0 4.222222222222222 0.23930652680652684 24.0 3.7777777777777777 0.39444444444444443 21.0 4.357142857142857 0.25467032967032965 
7.017888782293526 27.0 4.128205128205129 0.2959435626102293 22.0 4.036363636363636 0.18978748524203068 22.0 4.222222222222222 0.23930652680652684 24.0 3.7777777777777777 0.39444444444444443 21.0 4.357142857142857 0.25467032967032965 
8.017888782293525 27.0 4.128205128205129 0.2959435626102293 26.0 3.879120879120879 0.1710340941110172 22.0 4.222222222222222 0.23930652680652684 24.0 3.7777777777777777 0.39444444444444443 21.0 4.357142857142857 0.25467032967032965 
9.017888782293525 27.0 4.128205128205129 0.2959435626102293 27.0 3.8974358974358974 0.16469949803283138 22.0 4.222222222222222 0.23930652680652684 24.0 3.7777777777777777 0.39444444444444443 21.0 4.357142857142857 0.25467032967032965 
10.017888782293525 27.0 4.128205128205129 0.2959435626102293 21.0 3.4444444444444446 0.31889935461364033 22.0 4.222222222222222 0.23930652680652684 24.0 3.7777777777777777 0.39444444444444443 21.0 4.357142857142857 0.25467032967032965 
11.017888782293525 27.0 4.128205128205129 0.2959435626102293 21.0 3.388888888888889 0.2236612593755451 22.0 4.222222222222222 0.23930652680652684 24.0 3.7777777777777777 0.39444444444444443 21.0 4.357142857142857 0.25467032967032965 
12.017888782293525 27.0 4.128205128205129 0.2959435626102293 21.0 3.388888888888889 0.2236612593755451 22.0 4.222222222222222 0.23930652680652684 24.0 3.7777777777777777 0.39444444444444443 21.0 4.357142857142857 0.25467032967032965 
13.017888782293525 27.0 4.128205128205129 0.2959435626102293 21.0 3.388888888888889 0.2236612593755451 22.0 4.222222222222222 0.23930652680652684 24.0 3.7777777777777777 0.39444444444444443 21.0 4.357142857142857 0.25467032967032965 
14.017888782293525 27.0 4.128205128205129 0.2959435626102293 21.0 3.388888888888889 0.2236612593755451 22.0 4.222222222222222 0.23930652680652684 24.0 3.7777777777777777 0.39444444444444443 21.0 4.357142857142857 0.25467032967032965 
15.017888782293525 27.0 4.128205128205129 0.2959435626102293 21.0 3.388888888888889 0.2236612593755451 22.0 4.222222222222222 0.23930652680652684 24.0 3.7777777777777777 0.39444444444444443 21.0 4.357142857142857 0.25467032967032965 
16.017888782293525 27.0 4.128205128205129 0.2959435626102293 21.0 3.388888888888889 0.2236612593755451 22.0 4.222222222222222 0.23930652680652684 24.0 3.7777777777777777 0.39444444444444443 21.0 4.357142857142857 0.25467032967032965 
17.017888782293525 27.0 4.128205128205129 0.2959435626102293 21.0 3.388888888888889 0.2236612593755451 22.0 4.222222222222222 0.23930652680652684 24.0 3.7777777777777777 0.39444444444444443 21.0 4.357142857142857 0.25467032967032965 
18.017888782293525 27.0 4.128205128205129 0.2959435626102293 21.0 3.388888888888889 0.2236612593755451 22.0 4.222222222222222 0.23930652680652684 24.0 3.7777777777777777 0.39444444444444443 21.0 4.357142857142857 0.25467032967032965 
19.017888782293525 27.0 4.128205128205129 0.2959435626102293 21.0 3.388888888888889 0.2236612593755451 22.0 4.222222222222222 0.23930652680652684 24.0 3.7777777777777777 0.39444444444444443 21.0 4.357142857142857 0.25467032967032965 
20.017888782293525 27.0 4.128205128205129 0.2959435626102293 21.0 3.388888888888889 0.2236612593755451 22.0 4.222222222222222 0.23930652680652684 24.0 3.7777777777777777 0.39444444444444443 21.0 4.357142857142857 0.25467032967032965 
21.017888782293525 27.0 4.128205128205129 0.2959435626102293 21.0 3.388888888888889 0.2236612593755451 22.0 4.222222222222222 0.23930652680652684 24.0 3.7777777777777777 0.39444444444444443 21.0 4.357142857142857 0.25467032967032965 
22.017888782293525 27.0 4.128205128205129 0.2959435626102293 21.0 3.388888888888889 0.2236612593755451 22.0 4.222222222222222 0.23930652680652684 24.0 3.7777777777777777 0.39444444444444443 21.0 4.357142857142857 0.25467032967032965 
23.017888782293525 27.0 4.128205128205129 0.2959435626102293 21.0 3.388888888888889 0.2236612593755451 22.0 4.222222222222222 0.23930652680652684 24.0 3.7777777777777777 0.39444444444444443 21.0 4.357142857142857 0.25467032967032965 
24.017888782293525 27.0 4.128205128205129 0.2959435626102293 21.0 3.388888888888889 0.2236612593755451 22.0 4.222222222222222 0.23930652680652684 24.0 3.7777777777777777 0.39444444444444443 21.0 4.357142857142857 0.25467032967032965 
25.017888782293525 27.0 4.128205128205129 0.2959435626102293 21.0 3.388888888888889 0.2236612593755451 22.0 4.222222222222222 0.23930652680652684 24.0 3.7777777777777777 0.39444444444444443 21.0 4.357142857142857 0.25467032967032965 
26.017888782293525 27.0 4.128205128205129 0.2959435626102293 21.0 3.388888888888889 0.2236612593755451 22.0 4.222222222222222 0.23930652680652684 24.0 3.7777777777777777 0.39444444444444443 21.0 4.357142857142857 0.25467032967032965 
27.017888782293525 27.0 4.128205128205129 0.2959435626102293 21.0 3.388888888888889 0.2236612593755451 22.0 4.222222222222222 0.23930652680652684 24.0 3.7777777777777777 0.39444444444444443 21.0 4.357142857142857 0.25467032967032965 
28.017888782293525 27.0 4.128205128205129 0.2959435626102293 21.0 3.388888888888889 0.2236612593755451 22.0 4.222222222222222 0.23930652680652684 24.0 3.7777777777777777 0.39444444444444443 21.0 4.357142857142857 0.25467032967032965 
29.017888782293525 27.0 4.128205128205129 0.2959435626102293 21.0 3.388888888888889 0.2236612593755451 22.0 4.222222222222222 0.23930652680652684 24.0 3.7777777777777777 0.39444444444444443 21.0 4.357142857142857 0.25467032967032965 
30.017888782293525 27.0 4.128205128205129 0.2959435626102293 21.0 3.388888888888889 0.2236612593755451 22.0 4.222222222222222 0.23930652680652684 24.0 3.7777777777777777 0.39444444444444443 21.0 4.357142857142857 0.25467032967032965 
31.017888782293525 27.0 4.128205128205129 0.2959435626102293 21.0 3.388888888888889 0.2236612593755451 22.0 4.222222222222222 0.23930652680652684 24.0 3.7777777777777777 0.39444444444444443 21.0 4.357142857142857 0.25467032967032965 
32.017888782293525 27.0 4.128205128205129 0.2959435626102293 21.0 3.388888888888889 0.2236612593755451 22.0 4.222222222222222 0.23930652680652684 24.0 3.7777777777777777 0.39444444444444443 21.0 4.357142857142857 0.25467032967032965 
33.017888782293525 27.0 4.128205128205129 0.2959435626102293 21.0 3.388888888888889 0.2236612593755451 22.0 4.222222222222222 0.23930652680652684 24.0 3.7777777777777777 0.39444444444444443 21.0 4.357142857142857 0.25467032967032965 
#####################################################################
# End of data export. Simulation finished at: 2020-09-16T11:48+0000 #
#####################################################################
