#####################################################################
# Alchemist log file - simulation started at: 2020-09-16T12:24+0000 #
#####################################################################
# seed = 123.0, nodeCount = 200, grain = 5, deploymentType = RandomEuclidean
#
# The columns have the following meaning: 
# time leader-random[CountDistinct] HopCountClusterClosestNeighborDistance[leader-random] HopCountClusterIntraDistance[leader-random] leader-pageRank[CountDistinct] HopCountClusterClosestNeighborDistance[leader-pageRank] HopCountClusterIntraDistance[leader-pageRank] leader-harmonic[CountDistinct] HopCountClusterClosestNeighborDistance[leader-harmonic] HopCountClusterIntraDistance[leader-harmonic] leader-closeness[CountDistinct] HopCountClusterClosestNeighborDistance[leader-closeness] HopCountClusterIntraDistance[leader-closeness] leader-degree[CountDistinct] HopCountClusterClosestNeighborDistance[leader-degree] HopCountClusterIntraDistance[leader-degree] 
0.0 NaN NaN NaN NaN NaN NaN NaN NaN NaN NaN NaN NaN NaN NaN NaN 
1.011481682856536 69.0 5.0476190476190474 0.4764276786015918 168.0 4.017316017316017 0.08402777777777778 187.0 3.8949275362318843 0.034759358288770054 38.0 6.0 0.9049377523061733 162.0 4.068421052631579 0.1075102880658436 
2.011481682856536 23.0 NaN NaN 52.0 2.0 NaN 83.0 4.214285714285714 NaN 19.0 NaN NaN 47.0 NaN NaN 
3.011481682856536 20.0 NaN NaN 27.0 NaN NaN 51.0 3.8 NaN 22.0 NaN NaN 22.0 NaN NaN 
4.011481682856536 39.0 3.619047619047619 NaN 19.0 NaN NaN 44.0 3.619047619047619 NaN 48.0 4.2 NaN 24.0 NaN NaN 
5.011481682856536 29.0 5.333333333333333 0.8429118969776549 21.0 5.0 NaN 40.0 2.6 NaN 36.0 4.2 0.7116479925303455 38.0 3.4 NaN 
6.011481682856536 20.0 5.0 1.3934481358434847 21.0 NaN 0.8080455013771444 40.0 3.0 NaN 18.0 NaN 1.3862265276480965 32.0 2.0 0.5438807125514782 
7.011481682856536 19.0 5.0 1.455473114310324 15.0 NaN 1.2028159895097017 46.0 2.6666666666666665 NaN 17.0 NaN 1.4746896797934863 17.0 NaN 1.1672395112080114 
8.011481682856536 17.0 NaN 1.6561170101115383 15.0 NaN 1.2028159895097017 27.0 3.0 NaN 17.0 NaN 1.4746896797934863 16.0 NaN NaN 
9.011481682856536 17.0 NaN 1.6561170101115383 15.0 NaN 1.2028159895097017 22.0 4.0 NaN 17.0 NaN 1.4746896797934863 17.0 NaN 1.1625709771277126 
10.011481682856536 17.0 NaN 1.6561170101115383 15.0 NaN 1.2028159895097017 26.0 3.1666666666666665 NaN 17.0 NaN 1.4746896797934863 17.0 NaN 1.1625709771277126 
11.011481682856536 17.0 NaN 1.6561170101115383 15.0 NaN 1.2028159895097017 24.0 4.333333333333333 NaN 17.0 NaN 1.4746896797934863 16.0 NaN 1.2664816631981948 
12.011481682856536 17.0 NaN 1.6561170101115383 15.0 NaN 1.2028159895097017 17.0 NaN 1.52395689416966 17.0 NaN 1.4746896797934863 16.0 NaN 1.2664816631981948 
13.011481682856536 17.0 NaN 1.6561170101115383 15.0 NaN 1.2028159895097017 15.0 NaN 1.5604844800589481 17.0 NaN 1.4746896797934863 16.0 NaN 1.2664816631981948 
14.011481682856536 17.0 NaN 1.6561170101115383 15.0 NaN 1.2028159895097017 14.0 NaN 1.7076619429203015 17.0 NaN 1.4746896797934863 16.0 NaN 1.2664816631981948 
15.011481682856536 17.0 NaN 1.6561170101115383 15.0 NaN 1.2028159895097017 14.0 NaN 1.7076619429203015 17.0 NaN 1.4746896797934863 16.0 NaN 1.2664816631981948 
16.011481682856534 17.0 NaN 1.6561170101115383 15.0 NaN 1.2760652892295894 15.0 NaN 1.5958380154124834 17.0 NaN 1.4746896797934863 16.0 NaN 1.2664816631981948 
17.011481682856534 17.0 NaN 1.6561170101115383 15.0 NaN NaN 14.0 NaN 1.7076619429203015 17.0 NaN 1.4746896797934863 16.0 NaN 1.2664816631981948 
18.011481682856534 17.0 NaN 1.6561170101115383 15.0 NaN NaN 14.0 NaN 1.7076619429203015 17.0 NaN 1.4746896797934863 16.0 NaN 1.2664816631981948 
19.011481682856534 17.0 NaN 1.6561170101115383 14.0 NaN 1.2835960298434945 14.0 NaN 1.7076619429203015 17.0 NaN 1.4746896797934863 16.0 NaN 1.2664816631981948 
20.011481682856534 17.0 NaN 1.6561170101115383 14.0 NaN 1.2835960298434945 14.0 NaN 1.7076619429203015 17.0 NaN 1.4746896797934863 16.0 NaN 1.2664816631981948 
21.011481682856534 17.0 NaN 1.6561170101115383 14.0 NaN 1.2835960298434945 14.0 NaN 1.7076619429203015 17.0 NaN 1.4746896797934863 16.0 NaN 1.2664816631981948 
22.011481682856534 17.0 NaN 1.6561170101115383 14.0 NaN 1.2835960298434945 14.0 NaN 1.7076619429203015 17.0 NaN 1.4746896797934863 16.0 NaN 1.2664816631981948 
23.011481682856534 17.0 NaN 1.6561170101115383 14.0 NaN 1.2835960298434945 14.0 NaN 1.7076619429203015 17.0 NaN 1.4746896797934863 16.0 NaN 1.2664816631981948 
24.011481682856534 17.0 NaN 1.6561170101115383 14.0 NaN 1.2835960298434945 14.0 NaN 1.7076619429203015 17.0 NaN 1.4746896797934863 16.0 NaN 1.2664816631981948 
25.011481682856534 17.0 NaN 1.6561170101115383 14.0 NaN 1.2835960298434945 14.0 NaN 1.7076619429203015 17.0 NaN 1.4746896797934863 16.0 NaN 1.2664816631981948 
26.011481682856534 17.0 NaN 1.6561170101115383 14.0 NaN 1.2835960298434945 14.0 NaN 1.7076619429203015 17.0 NaN 1.4746896797934863 16.0 NaN 1.2664816631981948 
27.011481682856534 17.0 NaN 1.6561170101115383 14.0 NaN 1.2835960298434945 14.0 NaN 1.7076619429203015 17.0 NaN 1.4746896797934863 16.0 NaN 1.2664816631981948 
28.011481682856534 17.0 NaN 1.6561170101115383 14.0 NaN 1.2835960298434945 14.0 NaN 1.7076619429203015 17.0 NaN 1.4746896797934863 16.0 NaN 1.2664816631981948 
29.011481682856534 17.0 NaN 1.6561170101115383 14.0 NaN 1.2835960298434945 14.0 NaN 1.7076619429203015 17.0 NaN 1.4746896797934863 16.0 NaN 1.2664816631981948 
30.011481682856534 17.0 NaN 1.6561170101115383 14.0 NaN 1.2835960298434945 14.0 NaN 1.7076619429203015 17.0 NaN 1.4746896797934863 16.0 NaN 1.2664816631981948 
31.011481682856534 17.0 NaN 1.6561170101115383 14.0 NaN 1.2835960298434945 14.0 NaN 1.7076619429203015 17.0 NaN 1.4746896797934863 16.0 NaN 1.2664816631981948 
32.011481682856534 17.0 NaN 1.6561170101115383 14.0 NaN 1.2835960298434945 14.0 NaN 1.7076619429203015 17.0 NaN 1.4746896797934863 16.0 NaN 1.2664816631981948 
33.011481682856534 17.0 NaN 1.6561170101115383 14.0 NaN 1.2835960298434945 14.0 NaN 1.7076619429203015 17.0 NaN 1.4746896797934863 16.0 NaN 1.2664816631981948 
34.011481682856534 17.0 NaN 1.6561170101115383 14.0 NaN 1.2835960298434945 14.0 NaN 1.7076619429203015 17.0 NaN 1.4746896797934863 16.0 NaN 1.2664816631981948 
35.011481682856534 17.0 NaN 1.6561170101115383 14.0 NaN 1.2835960298434945 14.0 NaN 1.7076619429203015 17.0 NaN 1.4746896797934863 16.0 NaN 1.2664816631981948 
36.011481682856534 17.0 NaN 1.6561170101115383 14.0 NaN 1.2835960298434945 14.0 NaN 1.7076619429203015 17.0 NaN 1.4746896797934863 16.0 NaN 1.2664816631981948 
#####################################################################
# End of data export. Simulation finished at: 2020-09-16T12:28+0000 #
#####################################################################
