#####################################################################
# Alchemist log file - simulation started at: 2020-09-19T09:01+0000 #
#####################################################################
# seed = 79.0, nodeCount = 400, grain = 9, deploymentType = RandomEuclidean
#
# The columns have the following meaning: 
# time leader-random[CountDistinct] HopCountClusterClosestNeighborDistance[leader-random] HopCountClusterIntraDistance[leader-random] leader-pageRank[CountDistinct] HopCountClusterClosestNeighborDistance[leader-pageRank] HopCountClusterIntraDistance[leader-pageRank] leader-harmonic[CountDistinct] HopCountClusterClosestNeighborDistance[leader-harmonic] HopCountClusterIntraDistance[leader-harmonic] leader-closeness[CountDistinct] HopCountClusterClosestNeighborDistance[leader-closeness] HopCountClusterIntraDistance[leader-closeness] leader-degree[CountDistinct] HopCountClusterClosestNeighborDistance[leader-degree] HopCountClusterIntraDistance[leader-degree] 
0.0 NaN NaN NaN NaN NaN NaN NaN NaN NaN NaN NaN NaN NaN NaN NaN 
1.0007808526392359 85.0 3.357142857142857 0.569288934825267 242.0 3.7333333333333334 0.22570227064028714 328.0 3.831578947368421 0.09773035230352305 37.0 2.1666666666666665 1.1949299649299647 242.0 3.4615384615384617 0.24820981360237554 
2.000780852639236 10.0 NaN NaN 37.0 2.1666666666666665 NaN 136.0 4.285714285714286 NaN 9.0 NaN NaN 44.0 2.0 NaN 
3.000780852639236 6.0 NaN NaN 9.0 NaN NaN 78.0 3.5 NaN 5.0 NaN NaN 14.0 NaN NaN 
4.000780852639236 5.0 NaN NaN 5.0 NaN NaN 26.0 NaN NaN 3.0 NaN NaN 9.0 NaN NaN 
5.000780852639236 5.0 NaN NaN 4.0 NaN NaN 10.0 NaN NaN 5.0 NaN NaN 7.0 NaN NaN 
6.000780852639236 16.0 NaN NaN 4.0 NaN NaN 6.0 NaN NaN 5.0 NaN NaN 18.0 NaN NaN 
7.000780852639236 54.0 2.0 NaN 5.0 NaN NaN 4.0 NaN NaN 6.0 NaN NaN 47.0 NaN NaN 
8.000780852639236 61.0 3.4 NaN 19.0 NaN NaN 8.0 NaN NaN 14.0 NaN 0.6134804398598677 19.0 4.0 0.9102309182282005 
9.000780852639236 44.0 3.5 NaN 15.0 NaN NaN 32.0 3.0 NaN 7.0 NaN 1.612675165434021 5.0 NaN 2.8721253525150248 
10.000780852639236 9.0 NaN NaN 8.0 NaN 1.3209339786474057 62.0 4.5 NaN 5.0 NaN NaN 5.0 NaN 2.698621079010751 
11.000780852639236 3.0 NaN 3.9076020157325466 5.0 NaN 2.338494365835849 14.0 NaN NaN 4.0 NaN NaN 5.0 NaN 2.9913336296180386 
12.000780852639236 3.0 NaN 3.9104698936851183 4.0 NaN 2.691867957294811 6.0 NaN NaN 3.0 NaN 3.1080067585617357 5.0 NaN 3.0522108226004945 
13.000780852639236 3.0 NaN 3.9104698936851183 4.0 NaN 2.691867957294811 4.0 NaN 2.422877218828083 3.0 NaN 3.1080067585617357 5.0 NaN 3.0522108226004945 
14.000780852639236 3.0 NaN 3.9104698936851183 4.0 NaN 2.691867957294811 4.0 NaN 2.7377690908774497 3.0 NaN 3.1080067585617357 5.0 NaN 3.0522108226004945 
15.000780852639236 3.0 NaN 3.9104698936851183 4.0 NaN 2.691867957294811 4.0 NaN NaN 3.0 NaN 3.1080067585617357 5.0 NaN 3.0522108226004945 
16.000780852639238 3.0 NaN 3.9104698936851183 4.0 NaN 2.691867957294811 4.0 NaN NaN 3.0 NaN 3.1080067585617357 5.0 NaN 3.0522108226004945 
17.000780852639238 3.0 NaN 3.9104698936851183 4.0 NaN 2.691867957294811 4.0 NaN NaN 3.0 NaN 3.1080067585617357 8.0 NaN 1.876381764125309 
18.000780852639238 3.0 NaN 3.9104698936851183 4.0 NaN 2.691867957294811 4.0 NaN NaN 3.0 NaN 3.1080067585617357 7.0 NaN 2.0730077304289245 
19.000780852639238 3.0 NaN 3.9104698936851183 4.0 NaN 2.691867957294811 4.0 NaN NaN 3.0 NaN 3.1080067585617357 5.0 NaN 2.9522108226004944 
20.000780852639238 3.0 NaN 3.9104698936851183 4.0 NaN 2.691867957294811 8.0 NaN NaN 3.0 NaN 3.1080067585617357 5.0 NaN 2.9522108226004944 
21.000780852639238 3.0 NaN 3.9104698936851183 4.0 NaN 2.691867957294811 21.0 NaN 0.4227905060683842 3.0 NaN 3.1080067585617357 5.0 NaN 2.9522108226004944 
22.000780852639238 3.0 NaN 3.9104698936851183 4.0 NaN 2.691867957294811 7.0 NaN 2.0649083147419494 3.0 NaN 3.1080067585617357 5.0 NaN 2.9522108226004944 
23.000780852639238 3.0 NaN 3.9104698936851183 4.0 NaN 2.691867957294811 4.0 NaN 2.7890946013034617 3.0 NaN 3.1080067585617357 5.0 NaN 2.9522108226004944 
24.000780852639238 3.0 NaN 3.9104698936851183 4.0 NaN 2.691867957294811 4.0 NaN 2.7890946013034617 3.0 NaN 3.1080067585617357 5.0 NaN 2.9522108226004944 
25.000780852639238 3.0 NaN 3.9104698936851183 4.0 NaN 2.691867957294811 4.0 NaN 2.7890946013034617 3.0 NaN 3.1080067585617357 5.0 NaN 2.9522108226004944 
26.000780852639238 3.0 NaN 3.9104698936851183 4.0 NaN 2.691867957294811 4.0 NaN 2.7890946013034617 3.0 NaN 3.1080067585617357 5.0 NaN 2.9522108226004944 
27.000780852639238 3.0 NaN 3.9104698936851183 4.0 NaN 2.691867957294811 4.0 NaN 2.7890946013034617 3.0 NaN 3.1080067585617357 5.0 NaN 2.9522108226004944 
28.000780852639238 3.0 NaN 3.9104698936851183 4.0 NaN 2.691867957294811 4.0 NaN 2.7890946013034617 3.0 NaN 3.1080067585617357 5.0 NaN 2.9522108226004944 
29.000780852639238 3.0 NaN 3.9104698936851183 4.0 NaN 2.691867957294811 4.0 NaN 2.7890946013034617 3.0 NaN 3.1080067585617357 5.0 NaN 2.9522108226004944 
30.000780852639238 3.0 NaN 3.9104698936851183 4.0 NaN 2.691867957294811 4.0 NaN 2.7890946013034617 3.0 NaN 3.1080067585617357 5.0 NaN 2.9522108226004944 
31.000780852639238 3.0 NaN 3.9104698936851183 4.0 NaN 2.691867957294811 4.0 NaN 2.7890946013034617 3.0 NaN 3.1080067585617357 5.0 NaN 2.9522108226004944 
32.00078085263924 3.0 NaN 3.9104698936851183 4.0 NaN 2.691867957294811 4.0 NaN 2.7890946013034617 3.0 NaN 3.1080067585617357 5.0 NaN 2.9522108226004944 
33.00078085263924 3.0 NaN 3.9104698936851183 4.0 NaN 2.691867957294811 4.0 NaN 2.7890946013034617 3.0 NaN 3.1080067585617357 5.0 NaN 2.9522108226004944 
34.00078085263924 3.0 NaN 3.9104698936851183 4.0 NaN 2.691867957294811 4.0 NaN 2.7890946013034617 3.0 NaN 3.1080067585617357 5.0 NaN 2.9522108226004944 
35.00078085263924 3.0 NaN 3.9104698936851183 4.0 NaN 2.691867957294811 4.0 NaN 2.7890946013034617 3.0 NaN 3.1080067585617357 5.0 NaN 2.9522108226004944 
36.00078085263924 3.0 NaN 3.9104698936851183 4.0 NaN 2.691867957294811 4.0 NaN 2.7890946013034617 3.0 NaN 3.1080067585617357 5.0 NaN 2.9522108226004944 
37.00078085263924 3.0 NaN 3.9104698936851183 4.0 NaN 2.691867957294811 4.0 NaN 2.7890946013034617 3.0 NaN 3.1080067585617357 5.0 NaN 2.9522108226004944 
38.00078085263924 3.0 NaN 3.9104698936851183 4.0 NaN 2.691867957294811 4.0 NaN 2.7890946013034617 3.0 NaN 3.1080067585617357 5.0 NaN 2.9522108226004944 
39.00078085263924 3.0 NaN 3.9104698936851183 4.0 NaN 2.691867957294811 4.0 NaN 2.7890946013034617 3.0 NaN 3.1080067585617357 5.0 NaN 2.9522108226004944 
40.00078085263924 3.0 NaN 3.9104698936851183 4.0 NaN 2.691867957294811 4.0 NaN 2.7890946013034617 3.0 NaN 3.1080067585617357 5.0 NaN 2.9522108226004944 
41.00078085263924 3.0 NaN 3.9104698936851183 4.0 NaN 2.691867957294811 4.0 NaN 2.7890946013034617 3.0 NaN 3.1080067585617357 5.0 NaN 2.9522108226004944 
42.00078085263924 3.0 NaN 3.9104698936851183 4.0 NaN 2.691867957294811 4.0 NaN 2.7890946013034617 3.0 NaN 3.1080067585617357 5.0 NaN 2.9522108226004944 
#####################################################################
# End of data export. Simulation finished at: 2020-09-19T09:15+0000 #
#####################################################################
