#####################################################################
# Alchemist log file - simulation started at: 2020-09-16T22:43+0000 #
#####################################################################
# seed = 73.0, nodeCount = 800, grain = 8, deploymentType = Lobster
#
# The columns have the following meaning: 
# time leader-random[CountDistinct] HopCountClusterClosestNeighborDistance[leader-random] HopCountClusterIntraDistance[leader-random] leader-pageRank[CountDistinct] HopCountClusterClosestNeighborDistance[leader-pageRank] HopCountClusterIntraDistance[leader-pageRank] leader-harmonic[CountDistinct] HopCountClusterClosestNeighborDistance[leader-harmonic] HopCountClusterIntraDistance[leader-harmonic] leader-closeness[CountDistinct] HopCountClusterClosestNeighborDistance[leader-closeness] HopCountClusterIntraDistance[leader-closeness] leader-degree[CountDistinct] HopCountClusterClosestNeighborDistance[leader-degree] HopCountClusterIntraDistance[leader-degree] 
0.0 NaN NaN NaN NaN NaN NaN NaN NaN NaN NaN NaN NaN NaN NaN NaN 
1.0013612517207866 477.0 Infinity 0.200335158668492 621.0 Infinity 0.06640403343301891 680.0 Infinity 0.0460731792717087 373.0 Infinity 0.3268351566289381 619.0 Infinity 0.06995922763289482 
2.0013612517207866 98.0 Infinity NaN 131.0 Infinity NaN 140.0 Infinity 0.8469727981819111 85.0 NaN 0.4847130475192758 130.0 Infinity 0.8126110890533966 
3.0013612517207866 36.0 NaN NaN 69.0 Infinity NaN 48.0 Infinity 1.3557981011187916 25.0 NaN NaN 54.0 Infinity NaN 
4.001361251720787 34.0 NaN NaN 33.0 Infinity NaN 27.0 Infinity NaN 20.0 NaN NaN 19.0 Infinity NaN 
5.001361251720787 100.0 NaN NaN 49.0 Infinity NaN 21.0 Infinity NaN 74.0 NaN 0.250557288057288 29.0 NaN NaN 
6.001361251720787 214.0 Infinity 0.06525032829760972 69.0 Infinity NaN 18.0 Infinity NaN 129.0 Infinity 0.14760650632743655 98.0 NaN NaN 
7.001361251720787 188.0 Infinity 0.1552345361995818 67.0 Infinity 0.5685043495344219 32.0 Infinity NaN 168.0 Infinity 0.12549348799348797 161.0 NaN 0.0564861573459264 
8.001361251720787 116.0 NaN NaN 53.0 Infinity 0.7790526682793634 46.0 Infinity NaN 124.0 Infinity 0.2323698255149868 193.0 NaN 0.08855079315402019 
9.001361251720787 97.0 NaN NaN 38.0 Infinity 1.1309343606452775 115.0 Infinity NaN 100.0 Infinity 0.2966227106227106 136.0 NaN 0.22965307449061553 
10.001361251720787 98.0 NaN 0.3477231709010134 37.0 Infinity 1.1402646329407098 242.0 Infinity NaN 100.0 Infinity 0.2966227106227106 111.0 NaN NaN 
11.001361251720787 98.0 NaN 0.3477231709010134 37.0 Infinity 1.1402646329407098 177.0 NaN NaN 100.0 Infinity 0.2966227106227106 108.0 NaN NaN 
12.001361251720787 98.0 NaN 0.3477231709010134 37.0 Infinity 1.122772547754541 85.0 NaN NaN 100.0 Infinity 0.2966227106227106 107.0 NaN NaN 
13.001361251720787 98.0 NaN 0.3477231709010134 37.0 Infinity 1.1297794187559773 72.0 NaN NaN 100.0 Infinity 0.2966227106227106 109.0 NaN NaN 
14.001361251720787 98.0 NaN 0.3477231709010134 35.0 Infinity 1.0350618306882897 74.0 NaN NaN 100.0 Infinity 0.2966227106227106 111.0 NaN 0.19785057828681996 
15.001361251720787 98.0 NaN 0.3477231709010134 33.0 Infinity 1.0989251197079426 81.0 NaN NaN 100.0 Infinity 0.2966227106227106 108.0 NaN 0.2102908721281205 
16.001361251720787 98.0 NaN 0.3477231709010134 33.0 Infinity 1.1041910100829602 80.0 NaN 0.24246100959763753 100.0 Infinity 0.2966227106227106 108.0 NaN 0.2102908721281205 
17.001361251720787 98.0 NaN 0.3477231709010134 29.0 Infinity 1.049934968510513 77.0 NaN 0.26814130867287017 100.0 Infinity 0.2966227106227106 108.0 NaN 0.2102908721281205 
18.001361251720787 98.0 NaN 0.3477231709010134 26.0 Infinity 1.0369919634761664 76.0 NaN 0.26838001010277635 100.0 Infinity 0.2966227106227106 108.0 NaN 0.2102908721281205 
19.001361251720787 98.0 NaN 0.3477231709010134 24.0 NaN 1.0768184615138727 76.0 NaN 0.26838001010277635 100.0 Infinity 0.2966227106227106 108.0 NaN 0.2102908721281205 
20.001361251720787 98.0 NaN 0.3477231709010134 23.0 NaN 0.8714133071099236 76.0 NaN 0.26838001010277635 100.0 Infinity 0.2966227106227106 108.0 NaN 0.2102908721281205 
21.001361251720787 98.0 NaN 0.3477231709010134 37.0 NaN 0.49447875803163127 76.0 NaN 0.26838001010277635 100.0 Infinity 0.2966227106227106 108.0 NaN 0.2102908721281205 
22.001361251720787 98.0 NaN 0.3477231709010134 80.0 Infinity NaN 76.0 NaN 0.26838001010277635 100.0 Infinity 0.2966227106227106 108.0 NaN 0.2102908721281205 
23.001361251720787 98.0 NaN 0.3477231709010134 138.0 Infinity NaN 76.0 NaN 0.26838001010277635 100.0 Infinity 0.2966227106227106 108.0 NaN 0.2102908721281205 
24.001361251720787 98.0 NaN 0.3477231709010134 114.0 Infinity 0.19875574613694189 76.0 NaN 0.26838001010277635 100.0 Infinity 0.2966227106227106 108.0 NaN 0.2102908721281205 
25.001361251720787 98.0 NaN 0.3477231709010134 86.0 Infinity 0.2741073770312877 76.0 NaN 0.26838001010277635 100.0 Infinity 0.2966227106227106 108.0 NaN 0.2102908721281205 
26.001361251720787 98.0 NaN 0.3477231709010134 86.0 Infinity 0.2741073770312877 76.0 NaN 0.26838001010277635 100.0 Infinity 0.2966227106227106 108.0 NaN 0.2102908721281205 
27.001361251720787 98.0 NaN 0.3477231709010134 86.0 Infinity 0.27469291520412514 76.0 NaN 0.26838001010277635 100.0 Infinity 0.2966227106227106 108.0 NaN 0.2102908721281205 
28.001361251720787 98.0 NaN 0.3477231709010134 85.0 Infinity 0.2660274221622024 76.0 NaN 0.26838001010277635 100.0 Infinity 0.2966227106227106 108.0 NaN 0.2102908721281205 
29.001361251720787 98.0 NaN 0.3477231709010134 85.0 Infinity 0.2660274221622024 76.0 NaN 0.26838001010277635 100.0 Infinity 0.2966227106227106 108.0 NaN 0.2102908721281205 
30.001361251720787 98.0 NaN 0.3477231709010134 85.0 Infinity 0.2660274221622024 76.0 NaN 0.26838001010277635 100.0 Infinity 0.2966227106227106 108.0 NaN 0.2102908721281205 
31.001361251720787 98.0 NaN 0.3477231709010134 85.0 Infinity 0.2660274221622024 76.0 NaN 0.26838001010277635 100.0 Infinity 0.2966227106227106 108.0 NaN 0.2102908721281205 
32.00136125172079 98.0 NaN 0.3477231709010134 85.0 Infinity 0.2660274221622024 76.0 NaN 0.26838001010277635 100.0 Infinity 0.2966227106227106 108.0 NaN 0.2102908721281205 
33.00136125172079 98.0 NaN 0.3477231709010134 85.0 Infinity 0.2660274221622024 76.0 NaN 0.26838001010277635 100.0 Infinity 0.2966227106227106 108.0 NaN 0.2102908721281205 
34.00136125172079 98.0 NaN 0.3477231709010134 85.0 Infinity 0.2660274221622024 76.0 NaN 0.26838001010277635 100.0 Infinity 0.2966227106227106 108.0 NaN 0.2102908721281205 
35.00136125172079 98.0 NaN 0.3477231709010134 85.0 Infinity 0.2660274221622024 76.0 NaN 0.26838001010277635 100.0 Infinity 0.2966227106227106 108.0 NaN 0.2102908721281205 
36.00136125172079 98.0 NaN 0.3477231709010134 85.0 Infinity 0.2660274221622024 76.0 NaN 0.26838001010277635 100.0 Infinity 0.2966227106227106 108.0 NaN 0.2102908721281205 
#####################################################################
# End of data export. Simulation finished at: 2020-09-16T23:20+0000 #
#####################################################################
