#####################################################################
# Alchemist log file - simulation started at: 2020-09-15T20:09+0000 #
#####################################################################
# seed = 13.0, nodeCount = 800, grain = 7, deploymentType = BarabasiAlbert
#
# The columns have the following meaning: 
# time leader-random[CountDistinct] HopCountClusterClosestNeighborDistance[leader-random] HopCountClusterIntraDistance[leader-random] leader-pageRank[CountDistinct] HopCountClusterClosestNeighborDistance[leader-pageRank] HopCountClusterIntraDistance[leader-pageRank] leader-harmonic[CountDistinct] HopCountClusterClosestNeighborDistance[leader-harmonic] HopCountClusterIntraDistance[leader-harmonic] leader-closeness[CountDistinct] HopCountClusterClosestNeighborDistance[leader-closeness] HopCountClusterIntraDistance[leader-closeness] leader-degree[CountDistinct] HopCountClusterClosestNeighborDistance[leader-degree] HopCountClusterIntraDistance[leader-degree] 
0.0 NaN NaN NaN NaN NaN NaN NaN NaN NaN NaN NaN NaN NaN NaN NaN 
1.0002602723432414 385.0 3.890909090909091 0.2795856670480731 576.0 3.581699346405229 0.08239272783543616 656.0 3.6095238095238096 0.0511359721648064 280.0 2.5 0.45797782574568313 555.0 3.6323529411764706 0.09058923840613982 
2.000260272343241 79.0 4.142857142857143 NaN 98.0 3.6 NaN 154.0 3.658333333333333 0.706720149963485 68.0 NaN NaN 93.0 3.6444444444444444 NaN 
3.000260272343241 33.0 5.333333333333333 NaN 13.0 4.0 NaN 25.0 3.418181818181818 NaN 23.0 NaN NaN 12.0 4.2 NaN 
4.000260272343241 24.0 NaN NaN 4.0 2.6666666666666665 NaN 9.0 3.7333333333333334 NaN 21.0 NaN 0.23797313797313796 4.0 2.0 NaN 
5.000260272343241 19.0 NaN 0.29988543702405823 1.0 NaN 2.799001248439451 4.0 2.6666666666666665 NaN 21.0 NaN 0.23797313797313796 1.0 NaN 2.799001248439451 
6.000260272343241 19.0 NaN 0.29988543702405823 1.0 NaN 2.799001248439451 1.0 NaN 2.799001248439451 21.0 NaN 0.23797313797313796 1.0 NaN 2.799001248439451 
7.000260272343241 19.0 NaN 0.29988543702405823 1.0 NaN 2.799001248439451 1.0 NaN 2.799001248439451 21.0 NaN 0.23797313797313796 1.0 NaN 2.799001248439451 
8.00026027234324 19.0 NaN 0.29988543702405823 1.0 NaN 2.799001248439451 1.0 NaN 2.799001248439451 21.0 NaN 0.23797313797313796 1.0 NaN 2.799001248439451 
9.00026027234324 19.0 NaN 0.29988543702405823 1.0 NaN 2.799001248439451 1.0 NaN 2.799001248439451 21.0 NaN 0.23797313797313796 1.0 NaN 2.799001248439451 
10.00026027234324 19.0 NaN 0.29988543702405823 1.0 NaN 2.799001248439451 1.0 NaN 2.799001248439451 21.0 NaN 0.23797313797313796 1.0 NaN 2.799001248439451 
11.00026027234324 19.0 NaN 0.29988543702405823 1.0 NaN 2.799001248439451 1.0 NaN 2.799001248439451 21.0 NaN 0.23797313797313796 1.0 NaN 2.799001248439451 
12.00026027234324 19.0 NaN 0.29988543702405823 1.0 NaN 2.799001248439451 1.0 NaN 2.799001248439451 21.0 NaN 0.23797313797313796 1.0 NaN 2.799001248439451 
13.00026027234324 19.0 NaN 0.29988543702405823 1.0 NaN 2.799001248439451 1.0 NaN 2.799001248439451 21.0 NaN 0.23797313797313796 1.0 NaN 2.799001248439451 
14.00026027234324 19.0 NaN 0.29988543702405823 1.0 NaN 2.799001248439451 1.0 NaN 2.799001248439451 21.0 NaN 0.23797313797313796 1.0 NaN 2.799001248439451 
15.00026027234324 19.0 NaN 0.29988543702405823 1.0 NaN 2.799001248439451 1.0 NaN 2.799001248439451 21.0 NaN 0.23797313797313796 1.0 NaN 2.799001248439451 
16.00026027234324 19.0 NaN 0.29988543702405823 1.0 NaN 2.799001248439451 1.0 NaN 2.799001248439451 21.0 NaN 0.23797313797313796 1.0 NaN 2.799001248439451 
17.00026027234324 19.0 NaN 0.29988543702405823 1.0 NaN 2.799001248439451 1.0 NaN 2.799001248439451 21.0 NaN 0.23797313797313796 1.0 NaN 2.799001248439451 
18.00026027234324 19.0 NaN 0.29988543702405823 1.0 NaN 2.799001248439451 1.0 NaN 2.799001248439451 21.0 NaN 0.23797313797313796 1.0 NaN 2.799001248439451 
19.00026027234324 19.0 NaN 0.29988543702405823 1.0 NaN 2.799001248439451 1.0 NaN 2.799001248439451 21.0 NaN 0.23797313797313796 1.0 NaN 2.799001248439451 
20.00026027234324 19.0 NaN 0.29988543702405823 1.0 NaN 2.799001248439451 1.0 NaN 2.799001248439451 21.0 NaN 0.23797313797313796 1.0 NaN 2.799001248439451 
21.00026027234324 19.0 NaN 0.29988543702405823 1.0 NaN 2.799001248439451 1.0 NaN 2.799001248439451 21.0 NaN 0.23797313797313796 1.0 NaN 2.799001248439451 
22.00026027234324 19.0 NaN 0.29988543702405823 1.0 NaN 2.799001248439451 1.0 NaN 2.799001248439451 21.0 NaN 0.23797313797313796 1.0 NaN 2.799001248439451 
23.00026027234324 19.0 NaN 0.29988543702405823 1.0 NaN 2.799001248439451 1.0 NaN 2.799001248439451 21.0 NaN 0.23797313797313796 1.0 NaN 2.799001248439451 
24.00026027234324 19.0 NaN 0.29988543702405823 1.0 NaN 2.799001248439451 1.0 NaN 2.799001248439451 21.0 NaN 0.23797313797313796 1.0 NaN 2.799001248439451 
25.00026027234324 19.0 NaN 0.29988543702405823 1.0 NaN 2.799001248439451 1.0 NaN 2.799001248439451 21.0 NaN 0.23797313797313796 1.0 NaN 2.799001248439451 
26.00026027234324 19.0 NaN 0.29988543702405823 1.0 NaN 2.799001248439451 1.0 NaN 2.799001248439451 21.0 NaN 0.23797313797313796 1.0 NaN 2.799001248439451 
27.00026027234324 19.0 NaN 0.29988543702405823 1.0 NaN 2.799001248439451 1.0 NaN 2.799001248439451 21.0 NaN 0.23797313797313796 1.0 NaN 2.799001248439451 
28.00026027234324 19.0 NaN 0.29988543702405823 1.0 NaN 2.799001248439451 1.0 NaN 2.799001248439451 21.0 NaN 0.23797313797313796 1.0 NaN 2.799001248439451 
29.00026027234324 19.0 NaN 0.29988543702405823 1.0 NaN 2.799001248439451 1.0 NaN 2.799001248439451 21.0 NaN 0.23797313797313796 1.0 NaN 2.799001248439451 
30.00026027234324 19.0 NaN 0.29988543702405823 1.0 NaN 2.799001248439451 1.0 NaN 2.799001248439451 21.0 NaN 0.23797313797313796 1.0 NaN 2.799001248439451 
31.00026027234324 19.0 NaN 0.29988543702405823 1.0 NaN 2.799001248439451 1.0 NaN 2.799001248439451 21.0 NaN 0.23797313797313796 1.0 NaN 2.799001248439451 
32.00026027234324 19.0 NaN 0.29988543702405823 1.0 NaN 2.799001248439451 1.0 NaN 2.799001248439451 21.0 NaN 0.23797313797313796 1.0 NaN 2.799001248439451 
33.00026027234324 19.0 NaN 0.29988543702405823 1.0 NaN 2.799001248439451 1.0 NaN 2.799001248439451 21.0 NaN 0.23797313797313796 1.0 NaN 2.799001248439451 
34.00026027234324 19.0 NaN 0.29988543702405823 1.0 NaN 2.799001248439451 1.0 NaN 2.799001248439451 21.0 NaN 0.23797313797313796 1.0 NaN 2.799001248439451 
35.00026027234324 19.0 NaN 0.29988543702405823 1.0 NaN 2.799001248439451 1.0 NaN 2.799001248439451 21.0 NaN 0.23797313797313796 1.0 NaN 2.799001248439451 
36.00026027234324 19.0 NaN 0.29988543702405823 1.0 NaN 2.799001248439451 1.0 NaN 2.799001248439451 21.0 NaN 0.23797313797313796 1.0 NaN 2.799001248439451 
37.00026027234324 19.0 NaN 0.29988543702405823 1.0 NaN 2.799001248439451 1.0 NaN 2.799001248439451 21.0 NaN 0.23797313797313796 1.0 NaN 2.799001248439451 
38.00026027234324 19.0 NaN 0.29988543702405823 1.0 NaN 2.799001248439451 1.0 NaN 2.799001248439451 21.0 NaN 0.23797313797313796 1.0 NaN 2.799001248439451 
#####################################################################
# End of data export. Simulation finished at: 2020-09-15T20:26+0000 #
#####################################################################
