#####################################################################
# Alchemist log file - simulation started at: 2020-09-16T09:55+0000 #
#####################################################################
# seed = 33.0, nodeCount = 400, grain = 1, deploymentType = RandomEuclidean
#
# The columns have the following meaning: 
# time leader-random[CountDistinct] HopCountClusterClosestNeighborDistance[leader-random] HopCountClusterIntraDistance[leader-random] leader-pageRank[CountDistinct] HopCountClusterClosestNeighborDistance[leader-pageRank] HopCountClusterIntraDistance[leader-pageRank] leader-harmonic[CountDistinct] HopCountClusterClosestNeighborDistance[leader-harmonic] HopCountClusterIntraDistance[leader-harmonic] leader-closeness[CountDistinct] HopCountClusterClosestNeighborDistance[leader-closeness] HopCountClusterIntraDistance[leader-closeness] leader-degree[CountDistinct] HopCountClusterClosestNeighborDistance[leader-degree] HopCountClusterIntraDistance[leader-degree] 
0.0 NaN NaN NaN NaN NaN NaN NaN NaN NaN NaN NaN NaN NaN NaN NaN 
1.0011254088448172 400.0 3.56 0.0 400.0 3.56 0.0 400.0 3.56 0.0 400.0 3.56 0.0 400.0 3.56 0.0 
2.001125408844817 400.0 3.56 0.0 400.0 3.56 0.0 400.0 3.56 0.0 400.0 3.56 0.0 400.0 3.56 0.0 
3.001125408844817 400.0 3.56 0.0 400.0 3.56 0.0 400.0 3.56 0.0 400.0 3.56 0.0 400.0 3.56 0.0 
4.001125408844818 400.0 3.56 0.0 400.0 3.56 0.0 400.0 3.56 0.0 400.0 3.56 0.0 400.0 3.56 0.0 
5.001125408844818 400.0 3.56 0.0 400.0 3.56 0.0 400.0 3.56 0.0 400.0 3.56 0.0 400.0 3.56 0.0 
6.001125408844818 400.0 3.56 0.0 400.0 3.56 0.0 400.0 3.56 0.0 400.0 3.56 0.0 400.0 3.56 0.0 
7.001125408844818 400.0 3.56 0.0 400.0 3.56 0.0 400.0 3.56 0.0 400.0 3.56 0.0 400.0 3.56 0.0 
8.001125408844818 400.0 3.56 0.0 400.0 3.56 0.0 400.0 3.56 0.0 400.0 3.56 0.0 400.0 3.56 0.0 
9.001125408844818 400.0 3.56 0.0 400.0 3.56 0.0 400.0 3.56 0.0 400.0 3.56 0.0 400.0 3.56 0.0 
10.001125408844818 400.0 3.56 0.0 400.0 3.56 0.0 400.0 3.56 0.0 400.0 3.56 0.0 400.0 3.56 0.0 
11.001125408844818 400.0 3.56 0.0 400.0 3.56 0.0 400.0 3.56 0.0 400.0 3.56 0.0 400.0 3.56 0.0 
12.001125408844818 400.0 3.56 0.0 400.0 3.56 0.0 400.0 3.56 0.0 400.0 3.56 0.0 400.0 3.56 0.0 
13.001125408844818 400.0 3.56 0.0 400.0 3.56 0.0 400.0 3.56 0.0 400.0 3.56 0.0 400.0 3.56 0.0 
14.001125408844818 400.0 3.56 0.0 400.0 3.56 0.0 400.0 3.56 0.0 400.0 3.56 0.0 400.0 3.56 0.0 
15.001125408844818 400.0 3.56 0.0 400.0 3.56 0.0 400.0 3.56 0.0 400.0 3.56 0.0 400.0 3.56 0.0 
16.001125408844818 400.0 3.56 0.0 400.0 3.56 0.0 400.0 3.56 0.0 400.0 3.56 0.0 400.0 3.56 0.0 
17.001125408844818 400.0 3.56 0.0 400.0 3.56 0.0 400.0 3.56 0.0 400.0 3.56 0.0 400.0 3.56 0.0 
18.001125408844818 400.0 3.56 0.0 400.0 3.56 0.0 400.0 3.56 0.0 400.0 3.56 0.0 400.0 3.56 0.0 
19.001125408844818 400.0 3.56 0.0 400.0 3.56 0.0 400.0 3.56 0.0 400.0 3.56 0.0 400.0 3.56 0.0 
20.001125408844818 400.0 3.56 0.0 400.0 3.56 0.0 400.0 3.56 0.0 400.0 3.56 0.0 400.0 3.56 0.0 
21.001125408844818 400.0 3.56 0.0 400.0 3.56 0.0 400.0 3.56 0.0 400.0 3.56 0.0 400.0 3.56 0.0 
22.001125408844818 400.0 3.56 0.0 400.0 3.56 0.0 400.0 3.56 0.0 400.0 3.56 0.0 400.0 3.56 0.0 
23.001125408844818 400.0 3.56 0.0 400.0 3.56 0.0 400.0 3.56 0.0 400.0 3.56 0.0 400.0 3.56 0.0 
24.001125408844818 400.0 3.56 0.0 400.0 3.56 0.0 400.0 3.56 0.0 400.0 3.56 0.0 400.0 3.56 0.0 
25.001125408844818 400.0 3.56 0.0 400.0 3.56 0.0 400.0 3.56 0.0 400.0 3.56 0.0 400.0 3.56 0.0 
26.001125408844818 400.0 3.56 0.0 400.0 3.56 0.0 400.0 3.56 0.0 400.0 3.56 0.0 400.0 3.56 0.0 
27.001125408844818 400.0 3.56 0.0 400.0 3.56 0.0 400.0 3.56 0.0 400.0 3.56 0.0 400.0 3.56 0.0 
28.001125408844818 400.0 3.56 0.0 400.0 3.56 0.0 400.0 3.56 0.0 400.0 3.56 0.0 400.0 3.56 0.0 
29.001125408844818 400.0 3.56 0.0 400.0 3.56 0.0 400.0 3.56 0.0 400.0 3.56 0.0 400.0 3.56 0.0 
30.001125408844818 400.0 3.56 0.0 400.0 3.56 0.0 400.0 3.56 0.0 400.0 3.56 0.0 400.0 3.56 0.0 
31.001125408844818 400.0 3.56 0.0 400.0 3.56 0.0 400.0 3.56 0.0 400.0 3.56 0.0 400.0 3.56 0.0 
32.001125408844814 400.0 3.56 0.0 400.0 3.56 0.0 400.0 3.56 0.0 400.0 3.56 0.0 400.0 3.56 0.0 
33.001125408844814 400.0 3.56 0.0 400.0 3.56 0.0 400.0 3.56 0.0 400.0 3.56 0.0 400.0 3.56 0.0 
34.001125408844814 400.0 3.56 0.0 400.0 3.56 0.0 400.0 3.56 0.0 400.0 3.56 0.0 400.0 3.56 0.0 
35.001125408844814 400.0 3.56 0.0 400.0 3.56 0.0 400.0 3.56 0.0 400.0 3.56 0.0 400.0 3.56 0.0 
36.001125408844814 400.0 3.56 0.0 400.0 3.56 0.0 400.0 3.56 0.0 400.0 3.56 0.0 400.0 3.56 0.0 
37.001125408844814 400.0 3.56 0.0 400.0 3.56 0.0 400.0 3.56 0.0 400.0 3.56 0.0 400.0 3.56 0.0 
38.001125408844814 400.0 3.56 0.0 400.0 3.56 0.0 400.0 3.56 0.0 400.0 3.56 0.0 400.0 3.56 0.0 
39.001125408844814 400.0 3.56 0.0 400.0 3.56 0.0 400.0 3.56 0.0 400.0 3.56 0.0 400.0 3.56 0.0 
40.001125408844814 400.0 3.56 0.0 400.0 3.56 0.0 400.0 3.56 0.0 400.0 3.56 0.0 400.0 3.56 0.0 
41.001125408844814 400.0 3.56 0.0 400.0 3.56 0.0 400.0 3.56 0.0 400.0 3.56 0.0 400.0 3.56 0.0 
42.001125408844814 400.0 3.56 0.0 400.0 3.56 0.0 400.0 3.56 0.0 400.0 3.56 0.0 400.0 3.56 0.0 
43.001125408844814 400.0 3.56 0.0 400.0 3.56 0.0 400.0 3.56 0.0 400.0 3.56 0.0 400.0 3.56 0.0 
#####################################################################
# End of data export. Simulation finished at: 2020-09-16T10:12+0000 #
#####################################################################
