#####################################################################
# Alchemist log file - simulation started at: 2020-09-15T22:55+0000 #
#####################################################################
# seed = 108.0, nodeCount = 400, grain = 7, deploymentType = Lobster
#
# The columns have the following meaning: 
# time leader-random[CountDistinct] HopCountClusterClosestNeighborDistance[leader-random] HopCountClusterIntraDistance[leader-random] leader-pageRank[CountDistinct] HopCountClusterClosestNeighborDistance[leader-pageRank] HopCountClusterIntraDistance[leader-pageRank] leader-harmonic[CountDistinct] HopCountClusterClosestNeighborDistance[leader-harmonic] HopCountClusterIntraDistance[leader-harmonic] leader-closeness[CountDistinct] HopCountClusterClosestNeighborDistance[leader-closeness] HopCountClusterIntraDistance[leader-closeness] leader-degree[CountDistinct] HopCountClusterClosestNeighborDistance[leader-degree] HopCountClusterIntraDistance[leader-degree] 
0.0 NaN NaN NaN NaN NaN NaN NaN NaN NaN NaN NaN NaN NaN NaN NaN 
1.0001559202481467 219.0 4.9523809523809526 0.18831308181754447 293.0 3.875 0.07402992692196932 323.0 4.026143790849673 0.06128310973512212 160.0 4.666666666666667 0.4603170093795093 292.0 3.8676470588235294 0.07686218842040761 
2.0001559202481465 44.0 5.2 0.833253980392417 72.0 3.7454545454545456 0.8041602925389157 83.0 3.3904761904761904 0.7145591283752624 55.0 NaN 0.4233221866031197 66.0 3.742424242424242 0.846556132576217 
3.0001559202481465 19.0 NaN NaN 35.0 3.672727272727273 NaN 36.0 2.981818181818182 NaN 37.0 2.6666666666666665 NaN 30.0 3.6222222222222222 NaN 
4.0001559202481465 48.0 NaN NaN 35.0 4.333333333333333 NaN 15.0 2.7777777777777777 NaN 115.0 3.4 NaN 19.0 2.0 NaN 
5.0001559202481465 55.0 NaN NaN 35.0 3.8 NaN 15.0 2.380952380952381 NaN 125.0 4.476190476190476 0.1361004024472515 60.0 1.0 NaN 
6.0001559202481465 112.0 2.0 NaN 40.0 3.8 NaN 27.0 2.1333333333333333 NaN 98.0 4.2 0.2651790847541473 77.0 5.333333333333333 0.13178715883912306 
7.0001559202481465 123.0 6.0 0.11579432884724328 29.0 3.8 0.7375869991812075 45.0 1.5 NaN 87.0 3.4 0.30924387324796665 58.0 3.3333333333333335 0.24478640052780132 
8.000155920248147 86.0 6.0 NaN 23.0 3.8 1.0082618685328268 84.0 3.3333333333333335 NaN 87.0 3.4 0.30924387324796665 54.0 4.0 0.25227057834467553 
9.000155920248147 73.0 6.0 0.33136883110182386 21.0 3.8 1.02809633220262 45.0 2.0 NaN 87.0 3.4 0.30924387324796665 54.0 4.0 0.25227057834467553 
10.000155920248147 71.0 6.0 0.34455963653862914 21.0 3.8 1.02809633220262 29.0 NaN NaN 87.0 3.4 0.30924387324796665 54.0 4.0 0.25227057834467553 
11.000155920248147 71.0 6.0 0.34455963653862914 21.0 3.8 1.02809633220262 22.0 NaN NaN 87.0 3.4 0.30924387324796665 54.0 4.0 0.25227057834467553 
12.000155920248147 71.0 6.0 0.34455963653862914 21.0 3.8 0.9136651876603901 20.0 NaN 0.5400310710794581 87.0 3.4 0.30924387324796665 54.0 4.0 0.25227057834467553 
13.000155920248147 71.0 6.0 0.34455963653862914 21.0 3.8 0.8909126989996403 20.0 NaN 0.5400310710794581 87.0 3.4 0.30924387324796665 54.0 4.0 0.25227057834467553 
14.000155920248147 71.0 6.0 0.34455963653862914 27.0 3.8 0.7112221554593625 20.0 NaN 0.5400310710794581 87.0 3.4 0.30924387324796665 54.0 4.0 0.25227057834467553 
15.000155920248147 71.0 6.0 0.34455963653862914 29.0 3.8 0.6208242411571782 20.0 NaN 0.5400310710794581 87.0 3.4 0.30924387324796665 54.0 4.0 0.25227057834467553 
16.000155920248147 71.0 6.0 0.34455963653862914 25.0 5.0 0.5970686385700676 20.0 NaN 0.5400310710794581 87.0 3.4 0.30924387324796665 54.0 4.0 0.25227057834467553 
17.000155920248147 71.0 6.0 0.34455963653862914 23.0 5.0 0.5806000215474583 20.0 NaN 0.5400310710794581 87.0 3.4 0.30924387324796665 54.0 4.0 0.25227057834467553 
18.000155920248147 71.0 6.0 0.34455963653862914 36.0 2.1666666666666665 0.2812605526230372 20.0 NaN 0.5400310710794581 87.0 3.4 0.30924387324796665 54.0 4.0 0.25227057834467553 
19.000155920248147 71.0 6.0 0.34455963653862914 74.0 2.933333333333333 0.10643766552857463 20.0 NaN 0.5400310710794581 87.0 3.4 0.30924387324796665 54.0 4.0 0.25227057834467553 
20.000155920248147 71.0 6.0 0.34455963653862914 75.0 2.933333333333333 0.1050184966548603 20.0 NaN 0.5400310710794581 87.0 3.4 0.30924387324796665 54.0 4.0 0.25227057834467553 
21.000155920248147 71.0 6.0 0.34455963653862914 101.0 2.933333333333333 0.07798403216945071 20.0 NaN 0.5400310710794581 87.0 3.4 0.30924387324796665 54.0 4.0 0.25227057834467553 
22.000155920248147 71.0 6.0 0.34455963653862914 134.0 2.933333333333333 0.05877900932175017 20.0 NaN 0.5400310710794581 87.0 3.4 0.30924387324796665 54.0 4.0 0.25227057834467553 
23.000155920248147 71.0 6.0 0.34455963653862914 98.0 2.933333333333333 0.1657454481202162 20.0 NaN 0.5400310710794581 87.0 3.4 0.30924387324796665 54.0 4.0 0.25227057834467553 
24.000155920248147 71.0 6.0 0.34455963653862914 78.0 2.933333333333333 NaN 20.0 NaN 0.5400310710794581 87.0 3.4 0.30924387324796665 54.0 4.0 0.25227057834467553 
25.000155920248147 71.0 6.0 0.34455963653862914 76.0 2.933333333333333 NaN 20.0 NaN 0.5400310710794581 87.0 3.4 0.30924387324796665 54.0 4.0 0.25227057834467553 
26.000155920248147 71.0 6.0 0.34455963653862914 76.0 2.933333333333333 0.19057276455601815 20.0 NaN 0.5400310710794581 87.0 3.4 0.30924387324796665 54.0 4.0 0.25227057834467553 
27.000155920248147 71.0 6.0 0.34455963653862914 76.0 2.933333333333333 0.19057276455601815 20.0 NaN 0.5400310710794581 87.0 3.4 0.30924387324796665 54.0 4.0 0.25227057834467553 
28.000155920248147 71.0 6.0 0.34455963653862914 75.0 2.933333333333333 0.19978040141676506 20.0 NaN 0.5400310710794581 87.0 3.4 0.30924387324796665 54.0 4.0 0.25227057834467553 
29.000155920248147 71.0 6.0 0.34455963653862914 75.0 2.933333333333333 0.19978040141676506 20.0 NaN 0.5400310710794581 87.0 3.4 0.30924387324796665 54.0 4.0 0.25227057834467553 
30.000155920248147 71.0 6.0 0.34455963653862914 75.0 2.933333333333333 0.19978040141676506 20.0 NaN 0.5400310710794581 87.0 3.4 0.30924387324796665 54.0 4.0 0.25227057834467553 
31.000155920248147 71.0 6.0 0.34455963653862914 75.0 2.933333333333333 0.19978040141676506 20.0 NaN 0.5400310710794581 87.0 3.4 0.30924387324796665 54.0 4.0 0.25227057834467553 
32.00015592024815 71.0 6.0 0.34455963653862914 75.0 2.933333333333333 0.19978040141676506 20.0 NaN 0.5400310710794581 87.0 3.4 0.30924387324796665 54.0 4.0 0.25227057834467553 
33.00015592024815 71.0 6.0 0.34455963653862914 75.0 2.933333333333333 0.19978040141676506 20.0 NaN 0.5400310710794581 87.0 3.4 0.30924387324796665 54.0 4.0 0.25227057834467553 
34.00015592024815 71.0 6.0 0.34455963653862914 75.0 2.933333333333333 0.19978040141676506 20.0 NaN 0.5400310710794581 87.0 3.4 0.30924387324796665 54.0 4.0 0.25227057834467553 
#####################################################################
# End of data export. Simulation finished at: 2020-09-15T23:53+0000 #
#####################################################################
