#####################################################################
# Alchemist log file - simulation started at: 2020-09-15T19:55+0000 #
#####################################################################
# seed = 12.0, nodeCount = 800, grain = 9, deploymentType = Lobster
#
# The columns have the following meaning: 
# time leader-random[CountDistinct] HopCountClusterClosestNeighborDistance[leader-random] HopCountClusterIntraDistance[leader-random] leader-pageRank[CountDistinct] HopCountClusterClosestNeighborDistance[leader-pageRank] HopCountClusterIntraDistance[leader-pageRank] leader-harmonic[CountDistinct] HopCountClusterClosestNeighborDistance[leader-harmonic] HopCountClusterIntraDistance[leader-harmonic] leader-closeness[CountDistinct] HopCountClusterClosestNeighborDistance[leader-closeness] HopCountClusterIntraDistance[leader-closeness] leader-degree[CountDistinct] HopCountClusterClosestNeighborDistance[leader-degree] HopCountClusterIntraDistance[leader-degree] 
0.0 NaN NaN NaN NaN NaN NaN NaN NaN NaN NaN NaN NaN NaN NaN NaN 
1.0005590746559656 480.0 3.8181818181818183 0.19431743025493023 593.0 3.6284584980237153 0.08034342460986642 680.0 3.6284584980237153 0.054383753501400574 339.0 3.9444444444444446 0.376055160015337 602.0 3.6284584980237153 0.08010204081632652 
2.000559074655966 103.0 2.0 NaN 133.0 3.230769230769231 NaN 149.0 3.3333333333333335 0.8667031601990149 90.0 NaN 0.5295378695378695 137.0 3.3333333333333335 NaN 
3.000559074655966 29.0 NaN NaN 65.0 4.178571428571429 NaN 47.0 2.9523809523809526 NaN 22.0 NaN NaN 48.0 3.9047619047619047 NaN 
4.000559074655966 36.0 NaN NaN 44.0 8.0 NaN 25.0 2.9523809523809526 NaN 11.0 NaN NaN 13.0 NaN NaN 
5.000559074655966 104.0 NaN NaN 46.0 5.166666666666667 NaN 15.0 2.0 NaN 44.0 NaN NaN 45.0 NaN NaN 
6.000559074655966 188.0 NaN 0.05722337278549871 52.0 4.833333333333333 NaN 16.0 1.6666666666666667 NaN 118.0 NaN NaN 131.0 4.464285714285714 NaN 
7.000559074655966 229.0 NaN 0.12842297256874605 40.0 4.4 NaN 48.0 1.6666666666666667 NaN 157.0 NaN 0.11767070563973853 156.0 4.464285714285714 0.11910716435364324 
8.000559074655966 159.0 NaN NaN 38.0 4.833333333333333 NaN 133.0 1.6666666666666667 NaN 194.0 3.984848484848485 0.1031321346328468 127.0 4.464285714285714 NaN 
9.000559074655966 92.0 NaN NaN 38.0 4.833333333333333 NaN 145.0 1.6666666666666667 NaN 189.0 3.9272727272727272 0.12049894595470342 97.0 4.464285714285714 0.266553790094519 
10.000559074655966 73.0 NaN NaN 57.0 4.107142857142857 NaN 101.0 NaN NaN 145.0 2.6666666666666665 0.18528253415245252 90.0 4.464285714285714 NaN 
11.000559074655966 74.0 NaN 0.3338045071462987 84.0 3.8222222222222224 NaN 73.0 NaN NaN 142.0 2.6666666666666665 0.1899514810510456 88.0 4.464285714285714 NaN 
12.000559074655966 78.0 NaN NaN 51.0 3.9047619047619047 0.7390541426305824 84.0 NaN NaN 142.0 2.6666666666666665 0.1899514810510456 87.0 4.464285714285714 0.27252372175878736 
13.000559074655966 79.0 NaN NaN 43.0 3.9047619047619047 NaN 50.0 NaN NaN 142.0 2.6666666666666665 0.1899514810510456 87.0 4.464285714285714 0.27252372175878736 
14.000559074655966 106.0 NaN NaN 39.0 2.6 0.7779251934109678 53.0 NaN NaN 142.0 2.6666666666666665 0.1899514810510456 87.0 4.464285714285714 0.27252372175878736 
15.000559074655966 125.0 NaN NaN 32.0 NaN 0.7649356151839029 52.0 NaN 0.39840650057555244 142.0 2.6666666666666665 0.1899514810510456 87.0 4.464285714285714 0.27252372175878736 
16.000559074655968 100.0 NaN 0.3444207432271336 29.0 NaN 0.7679491770417703 45.0 NaN 0.5103808451095273 142.0 2.6666666666666665 0.1899514810510456 87.0 4.464285714285714 0.27252372175878736 
17.000559074655968 84.0 NaN NaN 26.0 NaN 0.7450055978144559 44.0 NaN 0.5057466435373411 142.0 2.6666666666666665 0.1899514810510456 87.0 4.464285714285714 0.27252372175878736 
18.000559074655968 80.0 NaN NaN 33.0 NaN 0.5865981952427813 44.0 NaN 0.5057466435373411 142.0 2.6666666666666665 0.1899514810510456 87.0 4.464285714285714 0.27252372175878736 
19.000559074655968 79.0 NaN NaN 53.0 NaN 0.29700037110824645 44.0 NaN 0.5057466435373411 142.0 2.6666666666666665 0.1899514810510456 87.0 4.464285714285714 0.27252372175878736 
20.000559074655968 79.0 NaN NaN 66.0 NaN 0.24029793080719009 44.0 NaN 0.5057466435373411 142.0 2.6666666666666665 0.1899514810510456 87.0 4.464285714285714 0.27252372175878736 
21.000559074655968 80.0 NaN 0.39195631521277874 101.0 NaN 0.16311796996026132 44.0 NaN 0.5057466435373411 142.0 2.6666666666666665 0.1899514810510456 87.0 4.464285714285714 0.27252372175878736 
22.000559074655968 80.0 NaN 0.39195631521277874 124.0 NaN 0.16846608924454132 44.0 NaN 0.5057466435373411 142.0 2.6666666666666665 0.1899514810510456 87.0 4.464285714285714 0.27252372175878736 
23.000559074655968 80.0 NaN 0.39195631521277874 73.0 NaN NaN 44.0 NaN 0.5057466435373411 142.0 2.6666666666666665 0.1899514810510456 87.0 4.464285714285714 0.27252372175878736 
24.000559074655968 80.0 NaN 0.39195631521277874 64.0 NaN NaN 44.0 NaN 0.5057466435373411 142.0 2.6666666666666665 0.1899514810510456 87.0 4.464285714285714 0.27252372175878736 
25.000559074655968 80.0 NaN 0.39195631521277874 63.0 NaN NaN 44.0 NaN 0.5057466435373411 142.0 2.6666666666666665 0.1899514810510456 87.0 4.464285714285714 0.27252372175878736 
26.000559074655968 80.0 NaN 0.39195631521277874 62.0 NaN 0.3899093034911982 44.0 NaN 0.5057466435373411 142.0 2.6666666666666665 0.1899514810510456 87.0 4.464285714285714 0.27252372175878736 
27.000559074655968 80.0 NaN 0.39195631521277874 61.0 NaN 0.37948222209607224 44.0 NaN 0.5057466435373411 142.0 2.6666666666666665 0.1899514810510456 87.0 4.464285714285714 0.27252372175878736 
28.000559074655968 80.0 NaN 0.39195631521277874 61.0 NaN 0.37948222209607224 44.0 NaN 0.5057466435373411 142.0 2.6666666666666665 0.1899514810510456 87.0 4.464285714285714 0.27252372175878736 
29.000559074655968 80.0 NaN 0.39195631521277874 61.0 NaN 0.37948222209607224 44.0 NaN 0.5057466435373411 142.0 2.6666666666666665 0.1899514810510456 87.0 4.464285714285714 0.27252372175878736 
30.000559074655968 80.0 NaN 0.39195631521277874 61.0 NaN 0.37948222209607224 44.0 NaN 0.5057466435373411 142.0 2.6666666666666665 0.1899514810510456 87.0 4.464285714285714 0.27252372175878736 
31.000559074655968 80.0 NaN 0.39195631521277874 61.0 NaN 0.37948222209607224 44.0 NaN 0.5057466435373411 142.0 2.6666666666666665 0.1899514810510456 87.0 4.464285714285714 0.27252372175878736 
32.00055907465597 80.0 NaN 0.39195631521277874 61.0 NaN 0.37948222209607224 44.0 NaN 0.5057466435373411 142.0 2.6666666666666665 0.1899514810510456 87.0 4.464285714285714 0.27252372175878736 
33.00055907465597 80.0 NaN 0.39195631521277874 61.0 NaN 0.37948222209607224 44.0 NaN 0.5057466435373411 142.0 2.6666666666666665 0.1899514810510456 87.0 4.464285714285714 0.27252372175878736 
34.00055907465597 80.0 NaN 0.39195631521277874 61.0 NaN 0.37948222209607224 44.0 NaN 0.5057466435373411 142.0 2.6666666666666665 0.1899514810510456 87.0 4.464285714285714 0.27252372175878736 
#####################################################################
# End of data export. Simulation finished at: 2020-09-15T20:15+0000 #
#####################################################################
