#####################################################################
# Alchemist log file - simulation started at: 2020-09-19T08:48+0000 #
#####################################################################
# seed = 77.0, nodeCount = 50, grain = 4, deploymentType = RandomEuclidean
#
# The columns have the following meaning: 
# time leader-random[CountDistinct] HopCountClusterClosestNeighborDistance[leader-random] HopCountClusterIntraDistance[leader-random] leader-pageRank[CountDistinct] HopCountClusterClosestNeighborDistance[leader-pageRank] HopCountClusterIntraDistance[leader-pageRank] leader-harmonic[CountDistinct] HopCountClusterClosestNeighborDistance[leader-harmonic] HopCountClusterIntraDistance[leader-harmonic] leader-closeness[CountDistinct] HopCountClusterClosestNeighborDistance[leader-closeness] HopCountClusterIntraDistance[leader-closeness] leader-degree[CountDistinct] HopCountClusterClosestNeighborDistance[leader-degree] HopCountClusterIntraDistance[leader-degree] 
0.0 NaN NaN NaN NaN NaN NaN NaN NaN NaN NaN NaN NaN NaN NaN NaN 
1.0287863523932428 33.0 3.5274725274725274 0.22121212121212122 47.0 3.9051383399209487 0.02482269503546099 49.0 3.8442028985507246 0.01020408163265306 27.0 3.7777777777777777 0.3333333333333333 41.0 4.102941176470588 0.08333333333333333 
2.028786352393243 26.0 3.712121212121212 0.4044871794871795 33.0 4.175 0.1616161616161616 32.0 4.032967032967033 0.234375 24.0 3.5238095238095237 0.4149305555555555 30.0 4.287878787878788 0.2494444444444444 
3.028786352393243 23.0 3.712121212121212 NaN 27.0 4.285714285714286 0.2623456790123457 26.0 4.287878787878788 NaN 24.0 3.5238095238095237 0.36944444444444446 26.0 4.287878787878788 NaN 
4.028786352393243 23.0 3.7818181818181817 0.40424430641821946 25.0 4.1208791208791204 0.22047619047619044 23.0 4.109090909090909 NaN 24.0 3.5238095238095237 0.36944444444444446 24.0 4.109090909090909 NaN 
5.028786352393243 23.0 3.7818181818181817 0.40424430641821946 25.0 4.1208791208791204 0.22714285714285712 24.0 3.984848484848485 0.27132936507936506 24.0 3.5238095238095237 0.36944444444444446 24.0 3.984848484848485 0.27132936507936506 
6.028786352393243 23.0 3.7818181818181817 0.40424430641821946 25.0 4.1208791208791204 0.22714285714285712 23.0 4.109090909090909 0.3048654244306418 24.0 3.5238095238095237 0.36944444444444446 23.0 4.109090909090909 0.3048654244306418 
7.028786352393243 23.0 3.7818181818181817 0.40424430641821946 25.0 4.1208791208791204 0.22714285714285712 22.0 4.109090909090909 0.32629870129870125 24.0 3.5238095238095237 0.36944444444444446 22.0 4.109090909090909 0.32629870129870125 
8.028786352393244 23.0 3.7818181818181817 0.40424430641821946 25.0 4.1208791208791204 0.22714285714285712 22.0 4.109090909090909 0.32629870129870125 24.0 3.5238095238095237 0.36944444444444446 22.0 4.109090909090909 0.32629870129870125 
9.028786352393244 23.0 3.7818181818181817 0.40424430641821946 25.0 4.1208791208791204 0.22714285714285712 22.0 4.109090909090909 0.32629870129870125 24.0 3.5238095238095237 0.36944444444444446 22.0 4.109090909090909 0.32629870129870125 
10.028786352393244 23.0 3.7818181818181817 0.40424430641821946 25.0 4.1208791208791204 0.22714285714285712 22.0 4.109090909090909 0.32629870129870125 24.0 3.5238095238095237 0.36944444444444446 22.0 4.109090909090909 0.32629870129870125 
11.028786352393244 23.0 3.7818181818181817 0.40424430641821946 25.0 4.1208791208791204 0.22714285714285712 22.0 4.109090909090909 0.32629870129870125 24.0 3.5238095238095237 0.36944444444444446 22.0 4.109090909090909 0.32629870129870125 
12.028786352393244 23.0 3.7818181818181817 0.40424430641821946 25.0 4.1208791208791204 0.22714285714285712 22.0 4.109090909090909 0.32629870129870125 24.0 3.5238095238095237 0.36944444444444446 22.0 4.109090909090909 0.32629870129870125 
13.028786352393244 23.0 3.7818181818181817 0.40424430641821946 25.0 4.1208791208791204 0.22714285714285712 22.0 4.109090909090909 0.32629870129870125 24.0 3.5238095238095237 0.36944444444444446 22.0 4.109090909090909 0.32629870129870125 
14.028786352393244 23.0 3.7818181818181817 0.40424430641821946 25.0 4.1208791208791204 0.22714285714285712 22.0 4.109090909090909 0.32629870129870125 24.0 3.5238095238095237 0.36944444444444446 22.0 4.109090909090909 0.32629870129870125 
15.028786352393244 23.0 3.7818181818181817 0.40424430641821946 25.0 4.1208791208791204 0.22714285714285712 22.0 4.109090909090909 0.32629870129870125 24.0 3.5238095238095237 0.36944444444444446 22.0 4.109090909090909 0.32629870129870125 
16.028786352393244 23.0 3.7818181818181817 0.40424430641821946 25.0 4.1208791208791204 0.22714285714285712 22.0 4.109090909090909 0.32629870129870125 24.0 3.5238095238095237 0.36944444444444446 22.0 4.109090909090909 0.32629870129870125 
17.028786352393244 23.0 3.7818181818181817 0.40424430641821946 25.0 4.1208791208791204 0.22714285714285712 22.0 4.109090909090909 0.32629870129870125 24.0 3.5238095238095237 0.36944444444444446 22.0 4.109090909090909 0.32629870129870125 
18.028786352393244 23.0 3.7818181818181817 0.40424430641821946 25.0 4.1208791208791204 0.22714285714285712 22.0 4.109090909090909 0.32629870129870125 24.0 3.5238095238095237 0.36944444444444446 22.0 4.109090909090909 0.32629870129870125 
19.028786352393244 23.0 3.7818181818181817 0.40424430641821946 25.0 4.1208791208791204 0.22714285714285712 22.0 4.109090909090909 0.32629870129870125 24.0 3.5238095238095237 0.36944444444444446 22.0 4.109090909090909 0.32629870129870125 
20.028786352393244 23.0 3.7818181818181817 0.40424430641821946 25.0 4.1208791208791204 0.22714285714285712 22.0 4.109090909090909 0.32629870129870125 24.0 3.5238095238095237 0.36944444444444446 22.0 4.109090909090909 0.32629870129870125 
21.028786352393244 23.0 3.7818181818181817 0.40424430641821946 25.0 4.1208791208791204 0.22714285714285712 22.0 4.109090909090909 0.32629870129870125 24.0 3.5238095238095237 0.36944444444444446 22.0 4.109090909090909 0.32629870129870125 
22.028786352393244 23.0 3.7818181818181817 0.40424430641821946 25.0 4.1208791208791204 0.22714285714285712 22.0 4.109090909090909 0.32629870129870125 24.0 3.5238095238095237 0.36944444444444446 22.0 4.109090909090909 0.32629870129870125 
23.028786352393244 23.0 3.7818181818181817 0.40424430641821946 25.0 4.1208791208791204 0.22714285714285712 22.0 4.109090909090909 0.32629870129870125 24.0 3.5238095238095237 0.36944444444444446 22.0 4.109090909090909 0.32629870129870125 
24.028786352393244 23.0 3.7818181818181817 0.40424430641821946 25.0 4.1208791208791204 0.22714285714285712 22.0 4.109090909090909 0.32629870129870125 24.0 3.5238095238095237 0.36944444444444446 22.0 4.109090909090909 0.32629870129870125 
25.028786352393244 23.0 3.7818181818181817 0.40424430641821946 22.0 4.109090909090909 0.32629870129870125 22.0 4.109090909090909 0.32629870129870125 24.0 3.5238095238095237 0.36944444444444446 22.0 4.109090909090909 0.32629870129870125 
26.028786352393244 23.0 3.7818181818181817 0.40424430641821946 22.0 4.109090909090909 0.32629870129870125 22.0 4.109090909090909 0.32629870129870125 24.0 3.5238095238095237 0.36944444444444446 22.0 4.109090909090909 0.32629870129870125 
27.028786352393244 23.0 3.7818181818181817 0.40424430641821946 22.0 4.109090909090909 0.32629870129870125 22.0 4.109090909090909 0.32629870129870125 24.0 3.5238095238095237 0.36944444444444446 22.0 4.109090909090909 0.32629870129870125 
28.028786352393244 23.0 3.7818181818181817 0.40424430641821946 22.0 4.109090909090909 0.32629870129870125 22.0 4.109090909090909 0.32629870129870125 24.0 3.5238095238095237 0.36944444444444446 22.0 4.109090909090909 0.32629870129870125 
29.028786352393244 23.0 3.7818181818181817 0.40424430641821946 22.0 4.109090909090909 0.32629870129870125 22.0 4.109090909090909 0.32629870129870125 24.0 3.5238095238095237 0.36944444444444446 22.0 4.109090909090909 0.32629870129870125 
30.028786352393244 23.0 3.7818181818181817 0.40424430641821946 22.0 4.109090909090909 0.32629870129870125 22.0 4.109090909090909 0.32629870129870125 24.0 3.5238095238095237 0.36944444444444446 22.0 4.109090909090909 0.32629870129870125 
31.028786352393244 23.0 3.7818181818181817 0.40424430641821946 22.0 4.109090909090909 0.32629870129870125 22.0 4.109090909090909 0.32629870129870125 24.0 3.5238095238095237 0.36944444444444446 22.0 4.109090909090909 0.32629870129870125 
#####################################################################
# End of data export. Simulation finished at: 2020-09-19T08:49+0000 #
#####################################################################
