#####################################################################
# Alchemist log file - simulation started at: 2020-09-16T12:44+0000 #
#####################################################################
# seed = 123.0, nodeCount = 100, grain = 2, deploymentType = BarabasiAlbert
#
# The columns have the following meaning: 
# time leader-random[CountDistinct] HopCountClusterClosestNeighborDistance[leader-random] HopCountClusterIntraDistance[leader-random] leader-pageRank[CountDistinct] HopCountClusterClosestNeighborDistance[leader-pageRank] HopCountClusterIntraDistance[leader-pageRank] leader-harmonic[CountDistinct] HopCountClusterClosestNeighborDistance[leader-harmonic] HopCountClusterIntraDistance[leader-harmonic] leader-closeness[CountDistinct] HopCountClusterClosestNeighborDistance[leader-closeness] HopCountClusterIntraDistance[leader-closeness] leader-degree[CountDistinct] HopCountClusterClosestNeighborDistance[leader-degree] HopCountClusterIntraDistance[leader-degree] 
0.0 NaN NaN NaN NaN NaN NaN NaN NaN NaN NaN NaN NaN NaN NaN NaN 
1.0118965599013048 71.0 4.757575757575758 0.16230717639168343 85.0 3.8285714285714287 0.043921568627450974 91.0 3.774891774891775 0.015384615384615384 61.0 4.761904761904762 0.2708821233411397 86.0 3.731578947368421 0.0375968992248062 
2.011896559901305 53.0 4.666666666666667 0.32246181491464515 35.0 3.7777777777777777 0.2729189857761286 41.0 3.466666666666667 0.2187519797275895 61.0 4.761904761904762 0.2708821233411397 39.0 4.036363636363636 0.28613400488400487 
3.011896559901305 53.0 4.666666666666667 0.28472596585804133 43.0 4.285714285714286 0.11920681063122922 49.0 4.285714285714286 0.09323979591836734 61.0 4.761904761904762 0.2708821233411397 49.0 4.928571428571429 0.10971209912536443 
4.011896559901305 53.0 4.666666666666667 0.28472596585804133 49.0 4.928571428571429 0.10971209912536443 56.0 4.6909090909090905 0.09944196428571428 61.0 4.761904761904762 0.2708821233411397 42.0 4.857142857142857 0.1827593537414966 
5.011896559901305 53.0 4.666666666666667 0.28472596585804133 41.0 4.857142857142857 0.19941202090592336 53.0 4.444444444444445 0.18368710691823897 61.0 4.761904761904762 0.2708821233411397 37.0 4.857142857142857 0.245744851994852 
6.011896559901305 53.0 4.666666666666667 0.28472596585804133 37.0 4.857142857142857 0.245744851994852 51.0 4.5 0.1752042483660131 61.0 4.761904761904762 0.2708821233411397 37.0 4.857142857142857 0.245744851994852 
7.011896559901305 53.0 4.666666666666667 0.28472596585804133 37.0 4.857142857142857 0.245744851994852 50.0 4.761904761904762 0.15204166666666669 61.0 4.761904761904762 0.2708821233411397 37.0 4.857142857142857 0.245744851994852 
8.011896559901306 53.0 4.666666666666667 0.28472596585804133 37.0 4.857142857142857 0.245744851994852 50.0 4.761904761904762 0.15204166666666669 61.0 4.761904761904762 0.2708821233411397 37.0 4.857142857142857 0.245744851994852 
9.011896559901306 53.0 4.666666666666667 0.28472596585804133 37.0 4.857142857142857 0.245744851994852 50.0 4.761904761904762 0.15204166666666669 61.0 4.761904761904762 0.2708821233411397 37.0 4.857142857142857 0.245744851994852 
10.011896559901306 53.0 4.666666666666667 0.28472596585804133 37.0 4.857142857142857 0.245744851994852 50.0 4.761904761904762 0.15204166666666669 61.0 4.761904761904762 0.2708821233411397 37.0 4.857142857142857 0.245744851994852 
11.011896559901306 53.0 4.666666666666667 0.28472596585804133 37.0 4.857142857142857 0.245744851994852 50.0 4.761904761904762 0.15204166666666669 61.0 4.761904761904762 0.2708821233411397 37.0 4.857142857142857 0.245744851994852 
12.011896559901306 53.0 4.666666666666667 0.28472596585804133 37.0 4.857142857142857 0.245744851994852 50.0 4.761904761904762 0.15204166666666669 61.0 4.761904761904762 0.2708821233411397 37.0 4.857142857142857 0.245744851994852 
13.011896559901306 53.0 4.666666666666667 0.28472596585804133 37.0 4.857142857142857 0.245744851994852 50.0 4.761904761904762 0.15204166666666669 61.0 4.761904761904762 0.2708821233411397 37.0 4.857142857142857 0.245744851994852 
14.011896559901306 53.0 4.666666666666667 0.28472596585804133 37.0 4.857142857142857 0.245744851994852 50.0 4.761904761904762 0.15204166666666669 61.0 4.761904761904762 0.2708821233411397 37.0 4.857142857142857 0.245744851994852 
15.011896559901306 53.0 4.666666666666667 0.28472596585804133 37.0 4.857142857142857 0.245744851994852 50.0 4.761904761904762 0.15204166666666669 61.0 4.761904761904762 0.2708821233411397 37.0 4.857142857142857 0.245744851994852 
16.011896559901306 53.0 4.666666666666667 0.28472596585804133 37.0 4.857142857142857 0.245744851994852 50.0 4.761904761904762 0.15204166666666669 61.0 4.761904761904762 0.2708821233411397 37.0 4.857142857142857 0.245744851994852 
17.011896559901306 53.0 4.666666666666667 0.28472596585804133 37.0 4.857142857142857 0.245744851994852 50.0 4.761904761904762 0.15204166666666669 61.0 4.761904761904762 0.2708821233411397 37.0 4.857142857142857 0.245744851994852 
18.011896559901306 53.0 4.666666666666667 0.28472596585804133 37.0 4.857142857142857 0.245744851994852 50.0 4.761904761904762 0.15204166666666669 61.0 4.761904761904762 0.2708821233411397 37.0 4.857142857142857 0.245744851994852 
19.011896559901306 53.0 4.666666666666667 0.28472596585804133 37.0 4.857142857142857 0.245744851994852 50.0 4.761904761904762 0.15204166666666669 61.0 4.761904761904762 0.2708821233411397 37.0 4.857142857142857 0.245744851994852 
20.011896559901306 53.0 4.666666666666667 0.28472596585804133 37.0 4.857142857142857 0.245744851994852 50.0 4.761904761904762 0.15204166666666669 61.0 4.761904761904762 0.2708821233411397 37.0 4.857142857142857 0.245744851994852 
21.011896559901306 53.0 4.666666666666667 0.28472596585804133 37.0 4.857142857142857 0.245744851994852 50.0 4.761904761904762 0.15204166666666669 61.0 4.761904761904762 0.2708821233411397 37.0 4.857142857142857 0.245744851994852 
22.011896559901306 53.0 4.666666666666667 0.28472596585804133 37.0 4.857142857142857 0.245744851994852 50.0 4.761904761904762 0.15204166666666669 61.0 4.761904761904762 0.2708821233411397 37.0 4.857142857142857 0.245744851994852 
23.011896559901306 53.0 4.666666666666667 0.28472596585804133 37.0 4.857142857142857 0.245744851994852 50.0 4.761904761904762 0.15204166666666669 61.0 4.761904761904762 0.2708821233411397 37.0 4.857142857142857 0.245744851994852 
24.011896559901306 53.0 4.666666666666667 0.28472596585804133 37.0 4.857142857142857 0.245744851994852 50.0 4.761904761904762 0.15204166666666669 61.0 4.761904761904762 0.2708821233411397 37.0 4.857142857142857 0.245744851994852 
25.011896559901306 53.0 4.666666666666667 0.28472596585804133 37.0 4.857142857142857 0.245744851994852 50.0 4.761904761904762 0.15204166666666669 61.0 4.761904761904762 0.2708821233411397 37.0 4.857142857142857 0.245744851994852 
26.011896559901306 53.0 4.666666666666667 0.28472596585804133 37.0 4.857142857142857 0.245744851994852 50.0 4.761904761904762 0.15204166666666669 61.0 4.761904761904762 0.2708821233411397 37.0 4.857142857142857 0.245744851994852 
27.011896559901306 53.0 4.666666666666667 0.28472596585804133 37.0 4.857142857142857 0.245744851994852 50.0 4.761904761904762 0.15204166666666669 61.0 4.761904761904762 0.2708821233411397 37.0 4.857142857142857 0.245744851994852 
28.011896559901306 53.0 4.666666666666667 0.28472596585804133 37.0 4.857142857142857 0.245744851994852 50.0 4.761904761904762 0.15204166666666669 61.0 4.761904761904762 0.2708821233411397 37.0 4.857142857142857 0.245744851994852 
29.011896559901306 53.0 4.666666666666667 0.28472596585804133 37.0 4.857142857142857 0.245744851994852 50.0 4.761904761904762 0.15204166666666669 61.0 4.761904761904762 0.2708821233411397 37.0 4.857142857142857 0.245744851994852 
30.011896559901306 53.0 4.666666666666667 0.28472596585804133 37.0 4.857142857142857 0.245744851994852 50.0 4.761904761904762 0.15204166666666669 61.0 4.761904761904762 0.2708821233411397 37.0 4.857142857142857 0.245744851994852 
31.011896559901306 53.0 4.666666666666667 0.28472596585804133 37.0 4.857142857142857 0.245744851994852 50.0 4.761904761904762 0.15204166666666669 61.0 4.761904761904762 0.2708821233411397 37.0 4.857142857142857 0.245744851994852 
32.0118965599013 53.0 4.666666666666667 0.28472596585804133 37.0 4.857142857142857 0.245744851994852 50.0 4.761904761904762 0.15204166666666669 61.0 4.761904761904762 0.2708821233411397 37.0 4.857142857142857 0.245744851994852 
33.0118965599013 53.0 4.666666666666667 0.28472596585804133 37.0 4.857142857142857 0.245744851994852 50.0 4.761904761904762 0.15204166666666669 61.0 4.761904761904762 0.2708821233411397 37.0 4.857142857142857 0.245744851994852 
34.0118965599013 53.0 4.666666666666667 0.28472596585804133 37.0 4.857142857142857 0.245744851994852 50.0 4.761904761904762 0.15204166666666669 61.0 4.761904761904762 0.2708821233411397 37.0 4.857142857142857 0.245744851994852 
35.0118965599013 53.0 4.666666666666667 0.28472596585804133 37.0 4.857142857142857 0.245744851994852 50.0 4.761904761904762 0.15204166666666669 61.0 4.761904761904762 0.2708821233411397 37.0 4.857142857142857 0.245744851994852 
#####################################################################
# End of data export. Simulation finished at: 2020-09-16T12:47+0000 #
#####################################################################
