#####################################################################
# Alchemist log file - simulation started at: 2020-09-18T15:24+0000 #
#####################################################################
# seed = 130.0, nodeCount = 400, grain = 8, deploymentType = Lobster
#
# The columns have the following meaning: 
# time leader-random[CountDistinct] HopCountClusterClosestNeighborDistance[leader-random] HopCountClusterIntraDistance[leader-random] leader-pageRank[CountDistinct] HopCountClusterClosestNeighborDistance[leader-pageRank] HopCountClusterIntraDistance[leader-pageRank] leader-harmonic[CountDistinct] HopCountClusterClosestNeighborDistance[leader-harmonic] HopCountClusterIntraDistance[leader-harmonic] leader-closeness[CountDistinct] HopCountClusterClosestNeighborDistance[leader-closeness] HopCountClusterIntraDistance[leader-closeness] leader-degree[CountDistinct] HopCountClusterClosestNeighborDistance[leader-degree] HopCountClusterIntraDistance[leader-degree] 
0.0 NaN NaN NaN NaN NaN NaN NaN NaN NaN NaN NaN NaN NaN NaN NaN 
1.0005148728356097 215.0 Infinity 0.21919284204167921 306.0 Infinity 0.07442810457516341 333.0 Infinity 0.05797940797940799 162.0 Infinity 0.39642619393436374 311.0 Infinity 0.07349946409431941 
2.00051487283561 53.0 Infinity NaN 69.0 Infinity NaN 83.0 Infinity 0.7954312139632366 42.0 NaN 0.6719846830279161 71.0 Infinity 0.7999620586768473 
3.00051487283561 18.0 Infinity NaN 35.0 Infinity NaN 38.0 Infinity NaN 22.0 NaN NaN 32.0 Infinity NaN 
4.00051487283561 12.0 Infinity NaN 25.0 Infinity NaN 18.0 Infinity NaN 39.0 NaN NaN 13.0 Infinity NaN 
5.00051487283561 34.0 Infinity NaN 27.0 Infinity NaN 13.0 Infinity NaN 137.0 Infinity NaN 23.0 Infinity NaN 
6.00051487283561 66.0 Infinity 0.1825622236136657 14.0 Infinity 1.0838753387533875 13.0 Infinity NaN 131.0 Infinity NaN 70.0 Infinity NaN 
7.00051487283561 98.0 Infinity 0.12975279005274085 38.0 Infinity 0.3668016403539456 33.0 Infinity NaN 81.0 Infinity 0.3521265044300274 88.0 NaN NaN 
8.000514872835609 76.0 Infinity 0.3010847380504641 19.0 Infinity 0.8365176618645332 47.0 Infinity NaN 77.0 Infinity 0.3713567413123954 62.0 NaN 0.29504608294930873 
9.000514872835609 62.0 Infinity 0.4024817526332877 15.0 Infinity 1.146950616064865 47.0 NaN 0.23745185933455393 77.0 Infinity 0.3713567413123954 44.0 NaN 0.49644209956709956 
10.000514872835609 58.0 Infinity 0.41644601143558346 19.0 Infinity NaN 25.0 NaN NaN 77.0 Infinity 0.3713567413123954 37.0 NaN NaN 
11.000514872835609 58.0 Infinity 0.41644601143558346 19.0 Infinity 0.9479525737420474 20.0 NaN NaN 77.0 Infinity 0.3713567413123954 35.0 NaN NaN 
12.000514872835609 58.0 Infinity 0.41644601143558346 18.0 Infinity 1.069516387751682 19.0 NaN NaN 77.0 Infinity 0.3713567413123954 34.0 NaN 0.41967787114845934 
13.000514872835609 58.0 Infinity 0.41644601143558346 18.0 Infinity 1.0735795685795686 19.0 NaN NaN 77.0 Infinity 0.3713567413123954 34.0 NaN 0.41967787114845934 
14.000514872835609 58.0 Infinity 0.41644601143558346 18.0 Infinity 1.0735795685795686 19.0 NaN 0.49790723098547557 77.0 Infinity 0.3713567413123954 34.0 NaN 0.41967787114845934 
15.000514872835609 58.0 Infinity 0.41644601143558346 18.0 Infinity 1.0735795685795686 19.0 NaN 0.49790723098547557 77.0 Infinity 0.3713567413123954 34.0 NaN 0.41967787114845934 
16.00051487283561 58.0 Infinity 0.41644601143558346 18.0 Infinity 1.0068349292033503 19.0 NaN 0.49790723098547557 77.0 Infinity 0.3713567413123954 34.0 NaN 0.41967787114845934 
17.00051487283561 58.0 Infinity 0.41644601143558346 18.0 Infinity 0.8238573067540133 19.0 NaN 0.49790723098547557 77.0 Infinity 0.3713567413123954 34.0 NaN 0.41967787114845934 
18.00051487283561 58.0 Infinity 0.41644601143558346 18.0 Infinity 0.912090696002064 19.0 NaN 0.49790723098547557 77.0 Infinity 0.3713567413123954 34.0 NaN 0.41967787114845934 
19.00051487283561 58.0 Infinity 0.41644601143558346 24.0 Infinity 0.7194064179514547 19.0 NaN 0.49790723098547557 77.0 Infinity 0.3713567413123954 34.0 NaN 0.41967787114845934 
20.00051487283561 58.0 Infinity 0.41644601143558346 23.0 Infinity 0.591469339700859 19.0 NaN 0.49790723098547557 77.0 Infinity 0.3713567413123954 34.0 NaN 0.41967787114845934 
21.00051487283561 58.0 Infinity 0.41644601143558346 32.0 Infinity 0.386449766023823 19.0 NaN 0.49790723098547557 77.0 Infinity 0.3713567413123954 34.0 NaN 0.41967787114845934 
22.00051487283561 58.0 Infinity 0.41644601143558346 65.0 NaN 0.15172300205876849 19.0 NaN 0.49790723098547557 77.0 Infinity 0.3713567413123954 34.0 NaN 0.41967787114845934 
23.00051487283561 58.0 Infinity 0.41644601143558346 45.0 NaN 0.3084294068504594 19.0 NaN 0.49790723098547557 77.0 Infinity 0.3713567413123954 34.0 NaN 0.41967787114845934 
24.00051487283561 58.0 Infinity 0.41644601143558346 34.0 NaN 0.41967787114845934 19.0 NaN 0.49790723098547557 77.0 Infinity 0.3713567413123954 34.0 NaN 0.41967787114845934 
25.00051487283561 58.0 Infinity 0.41644601143558346 34.0 NaN 0.41967787114845934 19.0 NaN 0.49790723098547557 77.0 Infinity 0.3713567413123954 34.0 NaN 0.41967787114845934 
26.00051487283561 58.0 Infinity 0.41644601143558346 34.0 NaN 0.41967787114845934 19.0 NaN 0.49790723098547557 77.0 Infinity 0.3713567413123954 34.0 NaN 0.41967787114845934 
27.00051487283561 58.0 Infinity 0.41644601143558346 34.0 NaN 0.41967787114845934 19.0 NaN 0.49790723098547557 77.0 Infinity 0.3713567413123954 34.0 NaN 0.41967787114845934 
28.00051487283561 58.0 Infinity 0.41644601143558346 34.0 NaN 0.41967787114845934 19.0 NaN 0.49790723098547557 77.0 Infinity 0.3713567413123954 34.0 NaN 0.41967787114845934 
29.00051487283561 58.0 Infinity 0.41644601143558346 34.0 NaN 0.41967787114845934 19.0 NaN 0.49790723098547557 77.0 Infinity 0.3713567413123954 34.0 NaN 0.41967787114845934 
30.00051487283561 58.0 Infinity 0.41644601143558346 34.0 NaN 0.41967787114845934 19.0 NaN 0.49790723098547557 77.0 Infinity 0.3713567413123954 34.0 NaN 0.41967787114845934 
31.00051487283561 58.0 Infinity 0.41644601143558346 34.0 NaN 0.41967787114845934 19.0 NaN 0.49790723098547557 77.0 Infinity 0.3713567413123954 34.0 NaN 0.41967787114845934 
32.00051487283561 58.0 Infinity 0.41644601143558346 34.0 NaN 0.41967787114845934 19.0 NaN 0.49790723098547557 77.0 Infinity 0.3713567413123954 34.0 NaN 0.41967787114845934 
33.00051487283561 58.0 Infinity 0.41644601143558346 34.0 NaN 0.41967787114845934 19.0 NaN 0.49790723098547557 77.0 Infinity 0.3713567413123954 34.0 NaN 0.41967787114845934 
34.00051487283561 58.0 Infinity 0.41644601143558346 34.0 NaN 0.41967787114845934 19.0 NaN 0.49790723098547557 77.0 Infinity 0.3713567413123954 34.0 NaN 0.41967787114845934 
35.00051487283561 58.0 Infinity 0.41644601143558346 34.0 NaN 0.41967787114845934 19.0 NaN 0.49790723098547557 77.0 Infinity 0.3713567413123954 34.0 NaN 0.41967787114845934 
36.00051487283561 58.0 Infinity 0.41644601143558346 34.0 NaN 0.41967787114845934 19.0 NaN 0.49790723098547557 77.0 Infinity 0.3713567413123954 34.0 NaN 0.41967787114845934 
#####################################################################
# End of data export. Simulation finished at: 2020-09-18T15:35+0000 #
#####################################################################
