#####################################################################
# Alchemist log file - simulation started at: 2020-09-16T08:23+0000 #
#####################################################################
# seed = 26.0, nodeCount = 800, grain = 6, deploymentType = Lobster
#
# The columns have the following meaning: 
# time leader-random[CountDistinct] HopCountClusterClosestNeighborDistance[leader-random] HopCountClusterIntraDistance[leader-random] leader-pageRank[CountDistinct] HopCountClusterClosestNeighborDistance[leader-pageRank] HopCountClusterIntraDistance[leader-pageRank] leader-harmonic[CountDistinct] HopCountClusterClosestNeighborDistance[leader-harmonic] HopCountClusterIntraDistance[leader-harmonic] leader-closeness[CountDistinct] HopCountClusterClosestNeighborDistance[leader-closeness] HopCountClusterIntraDistance[leader-closeness] leader-degree[CountDistinct] HopCountClusterClosestNeighborDistance[leader-degree] HopCountClusterIntraDistance[leader-degree] 
0.0 NaN NaN NaN NaN NaN NaN NaN NaN NaN NaN NaN NaN NaN NaN NaN 
1.0038656093890974 477.0 3.5 0.18678608434626653 603.0 3.43859649122807 0.07376196145330015 641.0 3.515151515151515 0.06860560136691181 367.0 3.8095238095238093 0.3289952216636205 598.0 3.441666666666667 0.07471704623878536 
2.0038656093890976 121.0 NaN NaN 152.0 3.381818181818182 NaN 150.0 3.358974358974359 0.8887927692873179 98.0 NaN 0.38464793979474865 136.0 3.3333333333333335 0.8011143615006259 
3.0038656093890976 120.0 2.6666666666666665 NaN 76.0 3.5555555555555554 NaN 46.0 2.9285714285714284 NaN 199.0 NaN NaN 65.0 3.4 NaN 
4.003865609389098 335.0 3.742424242424242 NaN 58.0 3.9545454545454546 NaN 25.0 2.9285714285714284 NaN 303.0 4.0 0.10182820305671131 57.0 NaN NaN 
5.003865609389098 389.0 4.0 0.09563789227922456 44.0 4.2 NaN 22.0 3.238095238095238 NaN 272.0 NaN 0.18114249744837863 171.0 4.0 NaN 
6.003865609389098 338.0 4.0 NaN 42.0 4.2 NaN 48.0 2.8 NaN 204.0 NaN 0.2620212688780628 231.0 4.0256410256410255 NaN 
7.003865609389098 250.0 4.0 NaN 56.0 4.2 NaN 112.0 2.8 NaN 196.0 NaN 0.27332869551637895 179.0 4.075757575757576 0.1539898238222261 
8.003865609389099 233.0 4.0 0.23704484342078444 65.0 4.2 NaN 156.0 2.4 NaN 196.0 NaN 0.27332869551637895 131.0 4.166666666666667 0.2381762078326964 
9.003865609389099 245.0 4.0 0.2155948098868212 81.0 4.2 NaN 228.0 2.0 NaN 196.0 NaN 0.27332869551637895 131.0 4.166666666666667 0.2381762078326964 
10.003865609389099 275.0 4.0 0.19934810335371345 86.0 4.2 0.46261628167389834 193.0 3.0 NaN 196.0 NaN 0.27332869551637895 131.0 4.166666666666667 0.2381762078326964 
11.003865609389099 286.0 4.0 0.2146008972985993 82.0 4.2 0.5176694078689493 108.0 NaN NaN 196.0 NaN 0.27332869551637895 131.0 4.166666666666667 0.2381762078326964 
12.003865609389099 252.0 4.0 NaN 84.0 4.2 0.49740743784032354 100.0 NaN NaN 196.0 NaN 0.27332869551637895 131.0 4.166666666666667 0.2381762078326964 
13.003865609389099 250.0 4.0 0.23245335394065708 87.0 4.2 0.46013795858872975 121.0 NaN NaN 196.0 NaN 0.27332869551637895 131.0 4.166666666666667 0.2381762078326964 
14.003865609389099 250.0 4.0 0.23245335394065708 83.0 4.2 0.5060846454957805 158.0 NaN NaN 196.0 NaN 0.27332869551637895 131.0 4.166666666666667 0.2381762078326964 
15.003865609389099 250.0 4.0 0.23245335394065708 79.0 4.2 0.48472827680636205 156.0 NaN NaN 196.0 NaN 0.27332869551637895 131.0 4.166666666666667 0.2381762078326964 
16.0038656093891 250.0 4.0 0.23245335394065708 104.0 3.933333333333333 0.3574045364824459 140.0 NaN NaN 196.0 NaN 0.27332869551637895 131.0 4.166666666666667 0.2381762078326964 
17.0038656093891 250.0 4.0 0.23245335394065708 155.0 3.8666666666666667 0.21465738811724389 119.0 NaN NaN 196.0 NaN 0.27332869551637895 131.0 4.166666666666667 0.2381762078326964 
18.0038656093891 250.0 4.0 0.23245335394065708 182.0 4.2 0.18781987899078598 115.0 NaN NaN 196.0 NaN 0.27332869551637895 131.0 4.166666666666667 0.2381762078326964 
19.0038656093891 250.0 4.0 0.23245335394065708 166.0 4.2 0.21865887127137196 114.0 NaN 0.23207332889245275 196.0 NaN 0.27332869551637895 131.0 4.166666666666667 0.2381762078326964 
20.0038656093891 250.0 4.0 0.23245335394065708 144.0 4.2 0.2422966826202403 114.0 NaN 0.23207332889245275 196.0 NaN 0.27332869551637895 131.0 4.166666666666667 0.2381762078326964 
21.0038656093891 250.0 4.0 0.23245335394065708 143.0 4.2 0.23696418453641796 114.0 NaN 0.23207332889245275 196.0 NaN 0.27332869551637895 131.0 4.166666666666667 0.2381762078326964 
22.0038656093891 250.0 4.0 0.23245335394065708 143.0 4.2 0.23696418453641796 114.0 NaN 0.23207332889245275 196.0 NaN 0.27332869551637895 131.0 4.166666666666667 0.2381762078326964 
23.0038656093891 250.0 4.0 0.23245335394065708 143.0 4.2 0.23696418453641796 114.0 NaN 0.23207332889245275 196.0 NaN 0.27332869551637895 131.0 4.166666666666667 0.2381762078326964 
24.0038656093891 250.0 4.0 0.23245335394065708 143.0 4.2 0.23696418453641796 114.0 NaN 0.23207332889245275 196.0 NaN 0.27332869551637895 131.0 4.166666666666667 0.2381762078326964 
25.0038656093891 250.0 4.0 0.23245335394065708 143.0 4.2 0.23696418453641796 114.0 NaN 0.23207332889245275 196.0 NaN 0.27332869551637895 131.0 4.166666666666667 0.2381762078326964 
26.0038656093891 250.0 4.0 0.23245335394065708 143.0 4.2 0.23801957727645795 114.0 NaN 0.23207332889245275 196.0 NaN 0.27332869551637895 131.0 4.166666666666667 0.2381762078326964 
27.0038656093891 250.0 4.0 0.23245335394065708 141.0 4.2 0.22688494015622512 114.0 NaN 0.23207332889245275 196.0 NaN 0.27332869551637895 131.0 4.166666666666667 0.2381762078326964 
28.0038656093891 250.0 4.0 0.23245335394065708 141.0 4.2 0.22688494015622512 114.0 NaN 0.23207332889245275 196.0 NaN 0.27332869551637895 131.0 4.166666666666667 0.2381762078326964 
29.0038656093891 250.0 4.0 0.23245335394065708 141.0 4.2 0.22688494015622512 114.0 NaN 0.23207332889245275 196.0 NaN 0.27332869551637895 131.0 4.166666666666667 0.2381762078326964 
30.0038656093891 250.0 4.0 0.23245335394065708 141.0 4.2 0.22688494015622512 114.0 NaN 0.23207332889245275 196.0 NaN 0.27332869551637895 131.0 4.166666666666667 0.2381762078326964 
31.0038656093891 250.0 4.0 0.23245335394065708 141.0 4.2 0.22688494015622512 114.0 NaN 0.23207332889245275 196.0 NaN 0.27332869551637895 131.0 4.166666666666667 0.2381762078326964 
32.003865609389095 250.0 4.0 0.23245335394065708 141.0 4.2 0.22688494015622512 114.0 NaN 0.23207332889245275 196.0 NaN 0.27332869551637895 131.0 4.166666666666667 0.2381762078326964 
33.003865609389095 250.0 4.0 0.23245335394065708 141.0 4.2 0.22688494015622512 114.0 NaN 0.23207332889245275 196.0 NaN 0.27332869551637895 131.0 4.166666666666667 0.2381762078326964 
34.003865609389095 250.0 4.0 0.23245335394065708 141.0 4.2 0.22688494015622512 114.0 NaN 0.23207332889245275 196.0 NaN 0.27332869551637895 131.0 4.166666666666667 0.2381762078326964 
35.003865609389095 250.0 4.0 0.23245335394065708 141.0 4.2 0.22688494015622512 114.0 NaN 0.23207332889245275 196.0 NaN 0.27332869551637895 131.0 4.166666666666667 0.2381762078326964 
36.003865609389095 250.0 4.0 0.23245335394065708 141.0 4.2 0.22688494015622512 114.0 NaN 0.23207332889245275 196.0 NaN 0.27332869551637895 131.0 4.166666666666667 0.2381762078326964 
37.003865609389095 250.0 4.0 0.23245335394065708 141.0 4.2 0.22688494015622512 114.0 NaN 0.23207332889245275 196.0 NaN 0.27332869551637895 131.0 4.166666666666667 0.2381762078326964 
38.003865609389095 250.0 4.0 0.23245335394065708 141.0 4.2 0.22688494015622512 114.0 NaN 0.23207332889245275 196.0 NaN 0.27332869551637895 131.0 4.166666666666667 0.2381762078326964 
39.003865609389095 250.0 4.0 0.23245335394065708 141.0 4.2 0.22688494015622512 114.0 NaN 0.23207332889245275 196.0 NaN 0.27332869551637895 131.0 4.166666666666667 0.2381762078326964 
#####################################################################
# End of data export. Simulation finished at: 2020-09-16T08:49+0000 #
#####################################################################
