#####################################################################
# Alchemist log file - simulation started at: 2020-09-16T11:26+0000 #
#####################################################################
# seed = 122.0, nodeCount = 200, grain = 5, deploymentType = Lobster
#
# The columns have the following meaning: 
# time leader-random[CountDistinct] HopCountClusterClosestNeighborDistance[leader-random] HopCountClusterIntraDistance[leader-random] leader-pageRank[CountDistinct] HopCountClusterClosestNeighborDistance[leader-pageRank] HopCountClusterIntraDistance[leader-pageRank] leader-harmonic[CountDistinct] HopCountClusterClosestNeighborDistance[leader-harmonic] HopCountClusterIntraDistance[leader-harmonic] leader-closeness[CountDistinct] HopCountClusterClosestNeighborDistance[leader-closeness] HopCountClusterIntraDistance[leader-closeness] leader-degree[CountDistinct] HopCountClusterClosestNeighborDistance[leader-degree] HopCountClusterIntraDistance[leader-degree] 
0.0 NaN NaN NaN NaN NaN NaN NaN NaN NaN NaN NaN NaN NaN NaN NaN 
1.0000113254860128 113.0 3.8095238095238093 0.2510843139161723 174.0 4.017316017316017 0.05814176245210728 187.0 3.986666666666667 0.03155080213903744 80.0 4.2 0.5191666666666666 176.0 4.189723320158103 0.05179924242424243 
2.000011325486013 37.0 3.2 NaN 36.0 3.4871794871794872 0.7497547398589065 44.0 3.7309941520467835 0.7112716664100064 54.0 2.0 0.33772582105915433 33.0 3.871794871794872 0.788014615855525 
3.000011325486013 31.0 3.3333333333333335 NaN 16.0 3.7777777777777777 NaN 14.0 3.533333333333333 NaN 90.0 3.3333333333333335 0.1763472893183038 18.0 3.3333333333333335 NaN 
4.000011325486013 70.0 4.0 0.24398886827458263 24.0 4.761904761904762 0.4442181843497633 21.0 2.9285714285714284 NaN 67.0 5.0 0.41045114563238216 73.0 4.8 NaN 
5.000011325486013 78.0 5.0 0.22537462537462544 16.0 4.8 0.6643670688579156 49.0 2.6666666666666665 NaN 66.0 NaN 0.4162578162578162 97.0 4.533333333333333 NaN 
6.000011325486013 64.0 5.0 0.3330830627705628 45.0 4.733333333333333 NaN 35.0 3.3333333333333335 NaN 67.0 NaN 0.3801942667614309 46.0 5.5 0.3075799800553339 
7.000011325486013 63.0 5.0 0.3391637463066035 56.0 4.733333333333333 NaN 38.0 3.3333333333333335 NaN 67.0 NaN 0.3801942667614309 35.0 5.5 0.397164640453677 
8.000011325486014 63.0 5.0 0.3391637463066035 38.0 5.4 0.35825440868497593 24.0 3.0 0.5181632084460551 67.0 NaN 0.3801942667614309 34.0 5.5 0.38003094914562235 
9.000011325486014 63.0 5.0 0.3391637463066035 35.0 5.4 0.39277145323892626 19.0 3.0 0.5820870724443526 67.0 NaN 0.3801942667614309 34.0 5.5 0.38003094914562235 
10.000011325486014 63.0 5.0 0.3391637463066035 35.0 5.4 0.39277145323892626 19.0 3.0 0.5820870724443526 67.0 NaN 0.3801942667614309 34.0 5.5 0.38003094914562235 
11.000011325486014 63.0 5.0 0.3391637463066035 35.0 5.4 0.39277145323892626 19.0 3.0 0.5820870724443526 67.0 NaN 0.3801942667614309 34.0 5.5 0.38003094914562235 
12.000011325486014 63.0 5.0 0.3391637463066035 35.0 5.4 0.39277145323892626 19.0 3.0 0.5820870724443526 67.0 NaN 0.3801942667614309 34.0 5.5 0.38003094914562235 
13.000011325486014 63.0 5.0 0.3391637463066035 35.0 5.4 0.3955309493818811 19.0 3.0 0.5820870724443526 67.0 NaN 0.3801942667614309 34.0 5.5 0.38003094914562235 
14.000011325486014 63.0 5.0 0.3391637463066035 34.0 5.5 0.38003094914562235 19.0 3.0 0.5820870724443526 67.0 NaN 0.3801942667614309 34.0 5.5 0.38003094914562235 
15.000011325486014 63.0 5.0 0.3391637463066035 34.0 5.5 0.38003094914562235 19.0 3.0 0.5820870724443526 67.0 NaN 0.3801942667614309 34.0 5.5 0.38003094914562235 
16.000011325486014 63.0 5.0 0.3391637463066035 34.0 5.5 0.38003094914562235 19.0 3.0 0.5820870724443526 67.0 NaN 0.3801942667614309 34.0 5.5 0.38003094914562235 
17.000011325486014 63.0 5.0 0.3391637463066035 34.0 5.5 0.38003094914562235 19.0 3.0 0.5820870724443526 67.0 NaN 0.3801942667614309 34.0 5.5 0.38003094914562235 
18.000011325486014 63.0 5.0 0.3391637463066035 34.0 5.5 0.38003094914562235 19.0 3.0 0.5820870724443526 67.0 NaN 0.3801942667614309 34.0 5.5 0.38003094914562235 
19.000011325486014 63.0 5.0 0.3391637463066035 34.0 5.5 0.38003094914562235 19.0 3.0 0.5820870724443526 67.0 NaN 0.3801942667614309 34.0 5.5 0.38003094914562235 
20.000011325486014 63.0 5.0 0.3391637463066035 34.0 5.5 0.38003094914562235 19.0 3.0 0.5820870724443526 67.0 NaN 0.3801942667614309 34.0 5.5 0.38003094914562235 
21.000011325486014 63.0 5.0 0.3391637463066035 34.0 5.5 0.38003094914562235 19.0 3.0 0.5820870724443526 67.0 NaN 0.3801942667614309 34.0 5.5 0.38003094914562235 
22.000011325486014 63.0 5.0 0.3391637463066035 34.0 5.5 0.38003094914562235 19.0 3.0 0.5820870724443526 67.0 NaN 0.3801942667614309 34.0 5.5 0.38003094914562235 
23.000011325486014 63.0 5.0 0.3391637463066035 34.0 5.5 0.38003094914562235 19.0 3.0 0.5820870724443526 67.0 NaN 0.3801942667614309 34.0 5.5 0.38003094914562235 
24.000011325486014 63.0 5.0 0.3391637463066035 34.0 5.5 0.38003094914562235 19.0 3.0 0.5820870724443526 67.0 NaN 0.3801942667614309 34.0 5.5 0.38003094914562235 
25.000011325486014 63.0 5.0 0.3391637463066035 34.0 5.5 0.38003094914562235 19.0 3.0 0.5820870724443526 67.0 NaN 0.3801942667614309 34.0 5.5 0.38003094914562235 
26.000011325486014 63.0 5.0 0.3391637463066035 34.0 5.5 0.38003094914562235 19.0 3.0 0.5820870724443526 67.0 NaN 0.3801942667614309 34.0 5.5 0.38003094914562235 
27.000011325486014 63.0 5.0 0.3391637463066035 34.0 5.5 0.38003094914562235 19.0 3.0 0.5820870724443526 67.0 NaN 0.3801942667614309 34.0 5.5 0.38003094914562235 
28.000011325486014 63.0 5.0 0.3391637463066035 34.0 5.5 0.38003094914562235 19.0 3.0 0.5820870724443526 67.0 NaN 0.3801942667614309 34.0 5.5 0.38003094914562235 
29.000011325486014 63.0 5.0 0.3391637463066035 34.0 5.5 0.38003094914562235 19.0 3.0 0.5820870724443526 67.0 NaN 0.3801942667614309 34.0 5.5 0.38003094914562235 
30.000011325486014 63.0 5.0 0.3391637463066035 34.0 5.5 0.38003094914562235 19.0 3.0 0.5820870724443526 67.0 NaN 0.3801942667614309 34.0 5.5 0.38003094914562235 
31.000011325486014 63.0 5.0 0.3391637463066035 34.0 5.5 0.38003094914562235 19.0 3.0 0.5820870724443526 67.0 NaN 0.3801942667614309 34.0 5.5 0.38003094914562235 
32.000011325486014 63.0 5.0 0.3391637463066035 34.0 5.5 0.38003094914562235 19.0 3.0 0.5820870724443526 67.0 NaN 0.3801942667614309 34.0 5.5 0.38003094914562235 
33.000011325486014 63.0 5.0 0.3391637463066035 34.0 5.5 0.38003094914562235 19.0 3.0 0.5820870724443526 67.0 NaN 0.3801942667614309 34.0 5.5 0.38003094914562235 
34.000011325486014 63.0 5.0 0.3391637463066035 34.0 5.5 0.38003094914562235 19.0 3.0 0.5820870724443526 67.0 NaN 0.3801942667614309 34.0 5.5 0.38003094914562235 
35.000011325486014 63.0 5.0 0.3391637463066035 34.0 5.5 0.38003094914562235 19.0 3.0 0.5820870724443526 67.0 NaN 0.3801942667614309 34.0 5.5 0.38003094914562235 
36.000011325486014 63.0 5.0 0.3391637463066035 34.0 5.5 0.38003094914562235 19.0 3.0 0.5820870724443526 67.0 NaN 0.3801942667614309 34.0 5.5 0.38003094914562235 
37.000011325486014 63.0 5.0 0.3391637463066035 34.0 5.5 0.38003094914562235 19.0 3.0 0.5820870724443526 67.0 NaN 0.3801942667614309 34.0 5.5 0.38003094914562235 
#####################################################################
# End of data export. Simulation finished at: 2020-09-16T11:30+0000 #
#####################################################################
