#####################################################################
# Alchemist log file - simulation started at: 2020-09-16T12:10+0000 #
#####################################################################
# seed = 45.0, nodeCount = 100, grain = 3, deploymentType = RandomEuclidean
#
# The columns have the following meaning: 
# time leader-random[CountDistinct] HopCountClusterClosestNeighborDistance[leader-random] HopCountClusterIntraDistance[leader-random] leader-pageRank[CountDistinct] HopCountClusterClosestNeighborDistance[leader-pageRank] HopCountClusterIntraDistance[leader-pageRank] leader-harmonic[CountDistinct] HopCountClusterClosestNeighborDistance[leader-harmonic] HopCountClusterIntraDistance[leader-harmonic] leader-closeness[CountDistinct] HopCountClusterClosestNeighborDistance[leader-closeness] HopCountClusterIntraDistance[leader-closeness] leader-degree[CountDistinct] HopCountClusterClosestNeighborDistance[leader-degree] HopCountClusterIntraDistance[leader-degree] 
0.0 NaN NaN NaN NaN NaN NaN NaN NaN NaN NaN NaN NaN NaN NaN NaN 
1.0008997408520937 55.0 4.208791208791209 0.3127272727272727 92.0 3.5760869565217392 0.043478260869565216 96.0 3.56 0.020833333333333332 33.0 4.111111111111111 0.5716209716209715 84.0 3.705627705627706 0.08928571428571429 
2.000899740852094 36.0 3.672727272727273 NaN 49.0 3.7142857142857144 NaN 48.0 3.787878787878788 0.41232638888888884 33.0 3.7222222222222223 0.5574052210415847 40.0 4.266666666666667 0.5260416666666667 
3.000899740852094 39.0 3.672727272727273 NaN 42.0 3.2967032967032965 NaN 37.0 3.4 0.5647039897039897 32.0 3.6 0.5591991341991343 36.0 3.5555555555555554 NaN 
4.000899740852094 34.0 3.8545454545454545 0.5211834733893558 39.0 3.1538461538461537 NaN 42.0 3.378787878787879 NaN 31.0 3.7222222222222223 0.593366848205558 32.0 3.75 0.43377742049617046 
5.000899740852094 33.0 3.8545454545454545 0.542027417027417 36.0 3.340659340659341 0.31450917909251236 45.0 3.727272727272727 NaN 31.0 3.7222222222222223 0.593366848205558 29.0 4.095238095238095 0.5045130157199123 
6.000899740852094 33.0 3.8545454545454545 0.542027417027417 37.0 3.340659340659341 0.30660293160293156 38.0 3.688888888888889 0.4611139591402749 31.0 3.7222222222222223 0.593366848205558 29.0 4.095238095238095 0.5045130157199123 
7.000899740852094 33.0 3.8545454545454545 0.542027417027417 37.0 3.340659340659341 0.3208094458094457 37.0 3.418181818181818 0.44414706914706914 31.0 3.7222222222222223 0.593366848205558 29.0 4.095238095238095 0.5045130157199123 
8.000899740852095 33.0 3.8545454545454545 0.542027417027417 37.0 3.340659340659341 NaN 32.0 4.107142857142857 0.46406588203463195 31.0 3.7222222222222223 0.593366848205558 29.0 4.095238095238095 0.5045130157199123 
9.000899740852095 33.0 3.8545454545454545 0.542027417027417 36.0 3.340659340659341 0.3169511815345148 31.0 4.107142857142857 0.47796048037983513 31.0 3.7222222222222223 0.593366848205558 29.0 4.095238095238095 0.5045130157199123 
10.000899740852095 33.0 3.8545454545454545 0.542027417027417 36.0 3.340659340659341 0.3169511815345148 31.0 4.107142857142857 0.47911255411255405 31.0 3.7222222222222223 0.593366848205558 29.0 4.095238095238095 0.5045130157199123 
11.000899740852095 33.0 3.8545454545454545 0.542027417027417 36.0 3.340659340659341 0.3169511815345148 31.0 4.107142857142857 0.47911255411255405 31.0 3.7222222222222223 0.593366848205558 29.0 4.095238095238095 0.5045130157199123 
12.000899740852095 33.0 3.8545454545454545 0.542027417027417 36.0 3.340659340659341 0.3169511815345148 31.0 4.107142857142857 0.47911255411255405 31.0 3.7222222222222223 0.593366848205558 29.0 4.095238095238095 0.5045130157199123 
13.000899740852095 33.0 3.8545454545454545 0.542027417027417 36.0 3.340659340659341 0.3169511815345148 31.0 4.107142857142857 0.47911255411255405 31.0 3.7222222222222223 0.593366848205558 29.0 4.095238095238095 0.5045130157199123 
14.000899740852095 33.0 3.8545454545454545 0.542027417027417 35.0 3.5641025641025643 0.3402926438640724 31.0 4.107142857142857 0.47911255411255405 31.0 3.7222222222222223 0.593366848205558 29.0 4.095238095238095 0.5045130157199123 
15.000899740852095 33.0 3.8545454545454545 0.542027417027417 36.0 3.340659340659341 0.3169511815345148 31.0 4.107142857142857 0.47911255411255405 31.0 3.7222222222222223 0.593366848205558 29.0 4.095238095238095 0.5045130157199123 
16.000899740852095 33.0 3.8545454545454545 0.542027417027417 35.0 3.5641025641025643 0.3402926438640724 31.0 4.107142857142857 0.47911255411255405 31.0 3.7222222222222223 0.593366848205558 29.0 4.095238095238095 0.5045130157199123 
17.000899740852095 33.0 3.8545454545454545 0.542027417027417 34.0 3.742424242424242 0.352752231428702 31.0 4.107142857142857 0.47911255411255405 31.0 3.7222222222222223 0.593366848205558 29.0 4.095238095238095 0.5045130157199123 
18.000899740852095 33.0 3.8545454545454545 0.542027417027417 35.0 3.5641025641025643 0.3402926438640724 31.0 4.107142857142857 0.47911255411255405 31.0 3.7222222222222223 0.593366848205558 29.0 4.095238095238095 0.5045130157199123 
19.000899740852095 33.0 3.8545454545454545 0.542027417027417 35.0 3.5641025641025643 0.3402926438640724 31.0 4.107142857142857 0.47911255411255405 31.0 3.7222222222222223 0.593366848205558 29.0 4.095238095238095 0.5045130157199123 
20.000899740852095 33.0 3.8545454545454545 0.542027417027417 34.0 3.742424242424242 0.352752231428702 31.0 4.107142857142857 0.47911255411255405 31.0 3.7222222222222223 0.593366848205558 29.0 4.095238095238095 0.5045130157199123 
21.000899740852095 33.0 3.8545454545454545 0.542027417027417 34.0 3.742424242424242 0.352752231428702 31.0 4.107142857142857 0.47911255411255405 31.0 3.7222222222222223 0.593366848205558 29.0 4.095238095238095 0.5045130157199123 
22.000899740852095 33.0 3.8545454545454545 0.542027417027417 34.0 3.742424242424242 0.352752231428702 31.0 4.107142857142857 0.47911255411255405 31.0 3.7222222222222223 0.593366848205558 29.0 4.095238095238095 0.5045130157199123 
23.000899740852095 33.0 3.8545454545454545 0.542027417027417 34.0 3.742424242424242 0.352752231428702 31.0 4.107142857142857 0.47911255411255405 31.0 3.7222222222222223 0.593366848205558 29.0 4.095238095238095 0.5045130157199123 
24.000899740852095 33.0 3.8545454545454545 0.542027417027417 34.0 3.742424242424242 0.352752231428702 31.0 4.107142857142857 0.47911255411255405 31.0 3.7222222222222223 0.593366848205558 29.0 4.095238095238095 0.5045130157199123 
25.000899740852095 33.0 3.8545454545454545 0.542027417027417 31.0 3.911111111111111 0.4352766409218022 31.0 4.107142857142857 0.47911255411255405 31.0 3.7222222222222223 0.593366848205558 29.0 4.095238095238095 0.5045130157199123 
26.000899740852095 33.0 3.8545454545454545 0.542027417027417 29.0 4.222222222222222 0.499778478226754 31.0 4.107142857142857 0.47911255411255405 31.0 3.7222222222222223 0.593366848205558 29.0 4.095238095238095 0.5045130157199123 
27.000899740852095 33.0 3.8545454545454545 0.542027417027417 29.0 4.222222222222222 0.499778478226754 31.0 4.107142857142857 0.47911255411255405 31.0 3.7222222222222223 0.593366848205558 29.0 4.095238095238095 0.5045130157199123 
28.000899740852095 33.0 3.8545454545454545 0.542027417027417 29.0 4.222222222222222 0.499778478226754 31.0 4.107142857142857 0.47911255411255405 31.0 3.7222222222222223 0.593366848205558 29.0 4.095238095238095 0.5045130157199123 
29.000899740852095 33.0 3.8545454545454545 0.542027417027417 29.0 4.222222222222222 0.499778478226754 31.0 4.107142857142857 0.47911255411255405 31.0 3.7222222222222223 0.593366848205558 29.0 4.095238095238095 0.5045130157199123 
30.000899740852095 33.0 3.8545454545454545 0.542027417027417 29.0 4.222222222222222 0.499778478226754 31.0 4.107142857142857 0.47911255411255405 31.0 3.7222222222222223 0.593366848205558 29.0 4.095238095238095 0.5045130157199123 
31.000899740852095 33.0 3.8545454545454545 0.542027417027417 29.0 4.222222222222222 0.499778478226754 31.0 4.107142857142857 0.47911255411255405 31.0 3.7222222222222223 0.593366848205558 29.0 4.095238095238095 0.5045130157199123 
#####################################################################
# End of data export. Simulation finished at: 2020-09-16T12:14+0000 #
#####################################################################
