#####################################################################
# Alchemist log file - simulation started at: 2020-09-15T20:13+0000 #
#####################################################################
# seed = 13.0, nodeCount = 400, grain = 3, deploymentType = RandomEuclidean
#
# The columns have the following meaning: 
# time leader-random[CountDistinct] HopCountClusterClosestNeighborDistance[leader-random] HopCountClusterIntraDistance[leader-random] leader-pageRank[CountDistinct] HopCountClusterClosestNeighborDistance[leader-pageRank] HopCountClusterIntraDistance[leader-pageRank] leader-harmonic[CountDistinct] HopCountClusterClosestNeighborDistance[leader-harmonic] HopCountClusterIntraDistance[leader-harmonic] leader-closeness[CountDistinct] HopCountClusterClosestNeighborDistance[leader-closeness] HopCountClusterIntraDistance[leader-closeness] leader-degree[CountDistinct] HopCountClusterClosestNeighborDistance[leader-degree] HopCountClusterIntraDistance[leader-degree] 
0.0 NaN NaN NaN NaN NaN NaN NaN NaN NaN NaN NaN NaN NaN NaN NaN 
1.0002602723432414 88.0 3.6 0.5928682502880364 249.0 3.426470588235294 0.20904730031236055 323.0 3.5454545454545454 0.10552115583075336 36.0 NaN 1.0422556411527 247.0 3.466666666666667 0.22286164128269387 
2.000260272343241 30.0 4.0 NaN 46.0 2.6666666666666665 NaN 161.0 3.658333333333333 NaN 53.0 NaN NaN 59.0 5.0 NaN 
3.000260272343241 53.0 3.8333333333333335 NaN 42.0 4.0 NaN 130.0 3.8205128205128207 NaN 66.0 3.0 0.33605331036403263 55.0 NaN NaN 
4.000260272343241 43.0 4.0 0.7005359386013373 56.0 2.0 0.34686982049894016 99.0 3.8095238095238093 NaN 25.0 NaN 1.2286153047956114 74.0 4.0 NaN 
5.000260272343241 24.0 NaN 1.2939000381422108 33.0 NaN 0.8185792650012758 99.0 2.1333333333333333 NaN 27.0 NaN 1.0777302204897639 42.0 NaN 0.6772091285907076 
6.000260272343241 23.0 NaN 1.2660985905252056 30.0 NaN 0.8234530645172763 96.0 3.1666666666666665 NaN 26.0 NaN 1.099950613585524 30.0 NaN 0.8217038911381016 
7.000260272343241 23.0 NaN 1.2660985905252056 29.0 NaN 0.8179810027026011 121.0 4.044444444444444 NaN 25.0 NaN 1.1506153047956116 29.0 NaN 0.7936282516636418 
8.00026027234324 23.0 NaN 1.2660985905252056 26.0 NaN 0.9572352209631577 87.0 4.190476190476191 NaN 25.0 NaN 1.1506153047956116 25.0 NaN 0.9739421052631578 
9.00026027234324 23.0 NaN 1.2660985905252056 26.0 NaN 0.9572352209631577 77.0 4.0 NaN 25.0 NaN 1.1506153047956116 24.0 NaN 0.993689692982456 
10.00026027234324 23.0 NaN 1.2660985905252056 26.0 NaN 0.9572352209631577 62.0 3.6 NaN 25.0 NaN 1.1506153047956116 24.0 NaN 0.993689692982456 
11.00026027234324 23.0 NaN 1.2660985905252056 26.0 NaN 0.9572352209631577 53.0 4.5 NaN 25.0 NaN 1.1506153047956116 24.0 NaN 0.993689692982456 
12.00026027234324 23.0 NaN 1.2660985905252056 26.0 NaN 0.9572352209631577 34.0 NaN NaN 25.0 NaN 1.1506153047956116 24.0 NaN 0.993689692982456 
13.00026027234324 23.0 NaN 1.2660985905252056 26.0 NaN 0.9572352209631577 37.0 NaN NaN 25.0 NaN 1.1506153047956116 24.0 NaN 0.993689692982456 
14.00026027234324 23.0 NaN 1.2660985905252056 26.0 NaN 0.9572352209631577 37.0 5.0 0.7122780091430628 25.0 NaN 1.1506153047956116 24.0 NaN 0.993689692982456 
15.00026027234324 23.0 NaN 1.2660985905252056 26.0 NaN 0.9572352209631577 31.0 4.0 0.9092780539234406 25.0 NaN 1.1506153047956116 24.0 NaN 0.993689692982456 
16.00026027234324 23.0 NaN 1.2660985905252056 26.0 NaN 0.9572352209631577 24.0 NaN 1.1272619307622218 25.0 NaN 1.1506153047956116 24.0 NaN 0.993689692982456 
17.00026027234324 23.0 NaN 1.2660985905252056 26.0 NaN 0.9572352209631577 24.0 NaN 1.1272619307622218 25.0 NaN 1.1506153047956116 24.0 NaN 0.993689692982456 
18.00026027234324 23.0 NaN 1.2660985905252056 26.0 NaN 0.9572352209631577 24.0 NaN 1.1272619307622218 25.0 NaN 1.1506153047956116 24.0 NaN 0.993689692982456 
19.00026027234324 23.0 NaN 1.2660985905252056 26.0 NaN 0.9572352209631577 24.0 NaN 1.1272619307622218 25.0 NaN 1.1506153047956116 24.0 NaN 0.993689692982456 
20.00026027234324 23.0 NaN 1.2660985905252056 26.0 NaN 0.9572352209631577 24.0 NaN 1.1272619307622218 25.0 NaN 1.1506153047956116 24.0 NaN 0.993689692982456 
21.00026027234324 23.0 NaN 1.2660985905252056 26.0 NaN 0.9572352209631577 24.0 NaN 1.1272619307622218 25.0 NaN 1.1506153047956116 24.0 NaN 0.993689692982456 
22.00026027234324 23.0 NaN 1.2660985905252056 26.0 NaN 0.9572352209631577 24.0 NaN 1.1272619307622218 25.0 NaN 1.1506153047956116 24.0 NaN 0.993689692982456 
23.00026027234324 23.0 NaN 1.2660985905252056 26.0 NaN 0.9572352209631577 24.0 NaN 1.1272619307622218 25.0 NaN 1.1506153047956116 24.0 NaN 0.993689692982456 
24.00026027234324 23.0 NaN 1.2660985905252056 26.0 NaN 0.9572352209631577 24.0 NaN 1.1272619307622218 25.0 NaN 1.1506153047956116 24.0 NaN 0.993689692982456 
25.00026027234324 23.0 NaN 1.2660985905252056 26.0 NaN 0.9572352209631577 24.0 NaN 1.1272619307622218 25.0 NaN 1.1506153047956116 24.0 NaN 0.993689692982456 
26.00026027234324 23.0 NaN 1.2660985905252056 26.0 NaN 0.9572352209631577 24.0 NaN 1.1272619307622218 25.0 NaN 1.1506153047956116 24.0 NaN 0.993689692982456 
27.00026027234324 23.0 NaN 1.2660985905252056 26.0 NaN 0.9572352209631577 24.0 NaN 1.1272619307622218 25.0 NaN 1.1506153047956116 24.0 NaN 0.993689692982456 
28.00026027234324 23.0 NaN 1.2660985905252056 26.0 NaN 0.9572352209631577 24.0 NaN 1.1272619307622218 25.0 NaN 1.1506153047956116 24.0 NaN 0.993689692982456 
29.00026027234324 23.0 NaN 1.2660985905252056 26.0 NaN 0.9572352209631577 24.0 NaN 1.1272619307622218 25.0 NaN 1.1506153047956116 24.0 NaN 0.993689692982456 
30.00026027234324 23.0 NaN 1.2660985905252056 26.0 NaN 0.9572352209631577 24.0 NaN 1.1272619307622218 25.0 NaN 1.1506153047956116 24.0 NaN 0.993689692982456 
31.00026027234324 23.0 NaN 1.2660985905252056 26.0 NaN 0.9572352209631577 24.0 NaN 1.1272619307622218 25.0 NaN 1.1506153047956116 24.0 NaN 0.993689692982456 
32.00026027234324 23.0 NaN 1.2660985905252056 26.0 NaN 0.9572352209631577 24.0 NaN 1.1272619307622218 25.0 NaN 1.1506153047956116 24.0 NaN 0.993689692982456 
33.00026027234324 23.0 NaN 1.2660985905252056 26.0 NaN 0.9572352209631577 24.0 NaN 1.1272619307622218 25.0 NaN 1.1506153047956116 24.0 NaN 0.993689692982456 
34.00026027234324 23.0 NaN 1.2660985905252056 26.0 NaN 0.9572352209631577 24.0 NaN 1.1272619307622218 25.0 NaN 1.1506153047956116 24.0 NaN 0.993689692982456 
35.00026027234324 23.0 NaN 1.2660985905252056 26.0 NaN 0.9572352209631577 24.0 NaN 1.1272619307622218 25.0 NaN 1.1506153047956116 24.0 NaN 0.993689692982456 
36.00026027234324 23.0 NaN 1.2660985905252056 26.0 NaN 0.9572352209631577 24.0 NaN 1.1272619307622218 25.0 NaN 1.1506153047956116 24.0 NaN 0.993689692982456 
37.00026027234324 23.0 NaN 1.2660985905252056 26.0 NaN 0.9572352209631577 24.0 NaN 1.1272619307622218 25.0 NaN 1.1506153047956116 24.0 NaN 0.993689692982456 
38.00026027234324 23.0 NaN 1.2660985905252056 26.0 NaN 0.9572352209631577 24.0 NaN 1.1272619307622218 25.0 NaN 1.1506153047956116 24.0 NaN 0.993689692982456 
39.00026027234324 23.0 NaN 1.2660985905252056 26.0 NaN 0.9572352209631577 24.0 NaN 1.1272619307622218 25.0 NaN 1.1506153047956116 24.0 NaN 0.993689692982456 
40.00026027234324 23.0 NaN 1.2660985905252056 26.0 NaN 0.9572352209631577 24.0 NaN 1.1272619307622218 25.0 NaN 1.1506153047956116 24.0 NaN 0.993689692982456 
41.00026027234324 23.0 NaN 1.2660985905252056 26.0 NaN 0.9572352209631577 24.0 NaN 1.1272619307622218 25.0 NaN 1.1506153047956116 24.0 NaN 0.993689692982456 
42.00026027234324 23.0 NaN 1.2660985905252056 26.0 NaN 0.9572352209631577 24.0 NaN 1.1272619307622218 25.0 NaN 1.1506153047956116 24.0 NaN 0.993689692982456 
43.00026027234324 23.0 NaN 1.2660985905252056 26.0 NaN 0.9572352209631577 24.0 NaN 1.1272619307622218 25.0 NaN 1.1506153047956116 24.0 NaN 0.993689692982456 
44.00026027234324 23.0 NaN 1.2660985905252056 26.0 NaN 0.9572352209631577 24.0 NaN 1.1272619307622218 25.0 NaN 1.1506153047956116 24.0 NaN 0.993689692982456 
45.00026027234324 23.0 NaN 1.2660985905252056 26.0 NaN 0.9572352209631577 24.0 NaN 1.1272619307622218 25.0 NaN 1.1506153047956116 24.0 NaN 0.993689692982456 
46.00026027234324 23.0 NaN 1.2660985905252056 26.0 NaN 0.9572352209631577 24.0 NaN 1.1272619307622218 25.0 NaN 1.1506153047956116 24.0 NaN 0.993689692982456 
#####################################################################
# End of data export. Simulation finished at: 2020-09-15T20:29+0000 #
#####################################################################
