#####################################################################
# Alchemist log file - simulation started at: 2020-09-16T09:34+0000 #
#####################################################################
# seed = 32.0, nodeCount = 200, grain = 10, deploymentType = RandomEuclidean
#
# The columns have the following meaning: 
# time leader-random[CountDistinct] HopCountClusterClosestNeighborDistance[leader-random] HopCountClusterIntraDistance[leader-random] leader-pageRank[CountDistinct] HopCountClusterClosestNeighborDistance[leader-pageRank] HopCountClusterIntraDistance[leader-pageRank] leader-harmonic[CountDistinct] HopCountClusterClosestNeighborDistance[leader-harmonic] HopCountClusterIntraDistance[leader-harmonic] leader-closeness[CountDistinct] HopCountClusterClosestNeighborDistance[leader-closeness] HopCountClusterIntraDistance[leader-closeness] leader-degree[CountDistinct] HopCountClusterClosestNeighborDistance[leader-degree] HopCountClusterIntraDistance[leader-degree] 
0.0 NaN NaN NaN NaN NaN NaN NaN NaN NaN NaN NaN NaN NaN NaN NaN 
1.002396032480186 70.0 3.1666666666666665 0.44091836734693884 167.0 3.525 0.08333333333333333 187.0 3.6952380952380954 0.0303030303030303 44.0 3.8 0.670341999214153 156.0 3.358974358974359 0.11698717948717949 
2.0023960324801857 22.0 NaN NaN 49.0 NaN NaN 86.0 3.933333333333333 NaN 15.0 NaN 1.4563421030294095 49.0 NaN NaN 
3.0023960324801857 13.0 NaN NaN 18.0 NaN NaN 51.0 3.933333333333333 NaN 12.0 NaN NaN 17.0 NaN NaN 
4.002396032480186 11.0 NaN NaN 12.0 NaN NaN 32.0 4.0 0.8668828253284073 10.0 NaN NaN 12.0 NaN NaN 
5.002396032480186 9.0 NaN NaN 10.0 NaN NaN 23.0 5.0 NaN 9.0 NaN NaN 10.0 NaN NaN 
6.002396032480186 14.0 NaN NaN 9.0 NaN NaN 15.0 NaN NaN 9.0 NaN NaN 11.0 NaN NaN 
7.002396032480186 15.0 NaN NaN 10.0 NaN NaN 12.0 NaN NaN 9.0 NaN NaN 14.0 NaN NaN 
8.002396032480185 9.0 NaN NaN 14.0 NaN NaN 10.0 NaN NaN 13.0 NaN NaN 14.0 NaN NaN 
9.002396032480185 25.0 5.0 NaN 26.0 4.0 NaN 10.0 NaN NaN 53.0 3.2 NaN 29.0 4.0 NaN 
10.002396032480185 38.0 4.0 NaN 20.0 NaN 0.7527426810477658 14.0 NaN NaN 33.0 3.3333333333333335 0.5681031090122 32.0 NaN 0.4228333333333333 
11.002396032480185 19.0 NaN 1.1878841488748608 13.0 NaN 1.2196041246888703 27.0 2.6666666666666665 NaN 16.0 3.0 1.5317744755244755 16.0 NaN 1.09775 
12.002396032480185 11.0 NaN NaN 11.0 NaN 1.3364260867535136 22.0 3.3333333333333335 NaN 12.0 NaN NaN 13.0 NaN 1.1321666666666668 
13.002396032480185 10.0 NaN 1.902082488167681 11.0 NaN 1.3364260867535136 16.0 NaN NaN 10.0 NaN NaN 12.0 NaN 1.1557418300653595 
14.002396032480185 10.0 NaN 1.870133689839572 11.0 NaN 1.3364260867535136 27.0 NaN NaN 9.0 NaN 2.023961840628507 12.0 NaN 1.1557418300653595 
15.002396032480185 9.0 NaN 2.0531060472236944 11.0 NaN 1.3364260867535136 16.0 NaN NaN 9.0 NaN 2.023961840628507 12.0 NaN 1.1557418300653595 
16.002396032480185 9.0 NaN 2.0531060472236944 11.0 NaN 1.3364260867535136 11.0 NaN NaN 9.0 NaN 2.023961840628507 12.0 NaN 1.1557418300653595 
17.002396032480185 9.0 NaN 2.0531060472236944 11.0 NaN 1.3364260867535136 10.0 NaN 1.413402028762198 9.0 NaN 2.023961840628507 12.0 NaN 1.1557418300653595 
18.002396032480185 9.0 NaN 2.0531060472236944 11.0 NaN 1.3364260867535136 10.0 NaN 1.413402028762198 9.0 NaN 2.023961840628507 12.0 NaN 1.1557418300653595 
19.002396032480185 9.0 NaN 2.0531060472236944 11.0 NaN 1.3364260867535136 10.0 NaN 1.413402028762198 9.0 NaN 2.023961840628507 12.0 NaN 1.1557418300653595 
20.002396032480185 9.0 NaN 2.0531060472236944 11.0 NaN 1.3364260867535136 10.0 NaN 1.413402028762198 9.0 NaN 2.023961840628507 12.0 NaN 1.1557418300653595 
21.002396032480185 9.0 NaN 2.0531060472236944 11.0 NaN 1.3364260867535136 10.0 NaN 1.413402028762198 9.0 NaN 2.023961840628507 12.0 NaN 1.1557418300653595 
22.002396032480185 9.0 NaN 2.0531060472236944 11.0 NaN 1.3364260867535136 10.0 NaN 1.413402028762198 9.0 NaN 2.023961840628507 12.0 NaN 1.1557418300653595 
23.002396032480185 9.0 NaN 2.0531060472236944 11.0 NaN 1.3364260867535136 10.0 NaN 1.413402028762198 9.0 NaN 2.023961840628507 12.0 NaN 1.1557418300653595 
24.002396032480185 9.0 NaN 2.0531060472236944 11.0 NaN 1.3364260867535136 10.0 NaN 1.413402028762198 9.0 NaN 2.023961840628507 12.0 NaN 1.1557418300653595 
25.002396032480185 9.0 NaN 2.0531060472236944 10.0 NaN 1.520068695428865 10.0 NaN 1.413402028762198 9.0 NaN 2.023961840628507 12.0 NaN 1.1557418300653595 
26.002396032480185 9.0 NaN 2.0531060472236944 10.0 NaN 1.520068695428865 10.0 NaN 1.413402028762198 9.0 NaN 2.023961840628507 12.0 NaN 1.1557418300653595 
27.002396032480185 9.0 NaN 2.0531060472236944 10.0 NaN 1.520068695428865 10.0 NaN 1.413402028762198 9.0 NaN 2.023961840628507 12.0 NaN 1.1557418300653595 
28.002396032480185 9.0 NaN 2.0531060472236944 10.0 NaN 1.520068695428865 10.0 NaN 1.413402028762198 9.0 NaN 2.023961840628507 12.0 NaN 1.1557418300653595 
29.002396032480185 9.0 NaN 2.0531060472236944 10.0 NaN 1.520068695428865 10.0 NaN 1.413402028762198 9.0 NaN 2.023961840628507 12.0 NaN 1.1557418300653595 
30.002396032480185 9.0 NaN 2.0531060472236944 10.0 NaN 1.520068695428865 10.0 NaN 1.413402028762198 9.0 NaN 2.023961840628507 12.0 NaN 1.1557418300653595 
31.002396032480185 9.0 NaN 2.0531060472236944 10.0 NaN 1.520068695428865 10.0 NaN 1.413402028762198 9.0 NaN 2.023961840628507 12.0 NaN 1.1557418300653595 
32.002396032480185 9.0 NaN 2.0531060472236944 10.0 NaN 1.520068695428865 10.0 NaN 1.413402028762198 9.0 NaN 2.023961840628507 12.0 NaN 1.1557418300653595 
33.002396032480185 9.0 NaN 2.0531060472236944 10.0 NaN 1.520068695428865 10.0 NaN 1.413402028762198 9.0 NaN 2.023961840628507 12.0 NaN 1.1557418300653595 
34.002396032480185 9.0 NaN 2.0531060472236944 10.0 NaN 1.520068695428865 10.0 NaN 1.413402028762198 9.0 NaN 2.023961840628507 12.0 NaN 1.1557418300653595 
35.002396032480185 9.0 NaN 2.0531060472236944 10.0 NaN 1.520068695428865 10.0 NaN 1.413402028762198 9.0 NaN 2.023961840628507 12.0 NaN 1.1557418300653595 
36.002396032480185 9.0 NaN 2.0531060472236944 10.0 NaN 1.520068695428865 10.0 NaN 1.413402028762198 9.0 NaN 2.023961840628507 12.0 NaN 1.1557418300653595 
#####################################################################
# End of data export. Simulation finished at: 2020-09-16T09:38+0000 #
#####################################################################
