#####################################################################
# Alchemist log file - simulation started at: 2020-09-16T11:33+0000 #
#####################################################################
# seed = 42.0, nodeCount = 400, grain = 5, deploymentType = Lobster
#
# The columns have the following meaning: 
# time leader-random[CountDistinct] HopCountClusterClosestNeighborDistance[leader-random] HopCountClusterIntraDistance[leader-random] leader-pageRank[CountDistinct] HopCountClusterClosestNeighborDistance[leader-pageRank] HopCountClusterIntraDistance[leader-pageRank] leader-harmonic[CountDistinct] HopCountClusterClosestNeighborDistance[leader-harmonic] HopCountClusterIntraDistance[leader-harmonic] leader-closeness[CountDistinct] HopCountClusterClosestNeighborDistance[leader-closeness] HopCountClusterIntraDistance[leader-closeness] leader-degree[CountDistinct] HopCountClusterClosestNeighborDistance[leader-degree] HopCountClusterIntraDistance[leader-degree] 
0.0 NaN NaN NaN NaN NaN NaN NaN NaN NaN NaN NaN NaN NaN NaN NaN 
1.0016217091527713 238.0 3.8241758241758244 0.1689609177004134 305.0 3.5157894736842104 0.0638262011212831 336.0 3.45021645021645 0.0483985260770975 173.0 3.4 0.34392271184178697 307.0 3.5428571428571427 0.06932294090274546 
2.0016217091527713 115.0 5.2 NaN 57.0 3.2444444444444445 NaN 73.0 3.128205128205128 0.7581951958865739 142.0 4.666666666666667 NaN 56.0 3.272727272727273 NaN 
3.0016217091527713 162.0 4.6 NaN 60.0 4.0 NaN 43.0 2.9285714285714284 NaN 113.0 NaN NaN 34.0 3.466666666666667 NaN 
4.001621709152771 109.0 NaN 0.338513062894794 76.0 4.666666666666667 NaN 24.0 1.6666666666666667 NaN 179.0 3.9047619047619047 0.17094316635244494 98.0 NaN NaN 
5.001621709152771 108.0 NaN 0.3493194007787405 107.0 4.0 NaN 75.0 1.0 NaN 167.0 3.9285714285714284 0.2062803998628003 192.0 4.666666666666667 NaN 
6.001621709152771 107.0 NaN 0.35414170047449195 116.0 3.923076923076923 0.16816815900930937 87.0 1.0 NaN 162.0 3.9285714285714284 0.21732080021129943 146.0 4.666666666666667 NaN 
7.001621709152771 107.0 NaN 0.35414170047449195 92.0 3.8181818181818183 0.25850507053980126 98.0 NaN NaN 162.0 3.9285714285714284 0.21732080021129943 105.0 4.666666666666667 NaN 
8.001621709152772 107.0 NaN 0.35414170047449195 79.0 3.8214285714285716 0.3132801665358023 69.0 NaN 0.23593037442237375 162.0 3.9285714285714284 0.21732080021129943 104.0 4.666666666666667 0.15156767835339266 
9.001621709152772 107.0 NaN 0.35414170047449195 79.0 3.8214285714285716 0.3132801665358023 43.0 NaN 0.272939395940109 162.0 3.9285714285714284 0.21732080021129943 100.0 4.666666666666667 0.17013038548752837 
10.001621709152772 107.0 NaN 0.35414170047449195 83.0 3.8214285714285716 0.2977077911132101 43.0 NaN 0.272939395940109 162.0 3.9285714285714284 0.21732080021129943 100.0 4.666666666666667 0.17013038548752837 
11.001621709152772 107.0 NaN 0.35414170047449195 89.0 3.7777777777777777 0.2848876916590374 43.0 NaN 0.272939395940109 162.0 3.9285714285714284 0.21732080021129943 100.0 4.666666666666667 0.17013038548752837 
12.001621709152772 107.0 NaN 0.35414170047449195 99.0 3.911111111111111 0.26253552374188166 43.0 NaN 0.272939395940109 162.0 3.9285714285714284 0.21732080021129943 100.0 4.666666666666667 0.17013038548752837 
13.001621709152772 107.0 NaN 0.35414170047449195 85.0 3.7777777777777777 0.3196972072136826 43.0 NaN 0.272939395940109 162.0 3.9285714285714284 0.21732080021129943 100.0 4.666666666666667 0.17013038548752837 
14.001621709152772 107.0 NaN 0.35414170047449195 89.0 3.7777777777777777 0.32208327718349494 43.0 NaN 0.272939395940109 162.0 3.9285714285714284 0.21732080021129943 100.0 4.666666666666667 0.17013038548752837 
15.001621709152772 107.0 NaN 0.35414170047449195 72.0 3.7777777777777777 0.3339227948139214 43.0 NaN 0.272939395940109 162.0 3.9285714285714284 0.21732080021129943 100.0 4.666666666666667 0.17013038548752837 
16.001621709152772 107.0 NaN 0.35414170047449195 65.0 3.7777777777777777 0.3751599138831953 43.0 NaN 0.272939395940109 162.0 3.9285714285714284 0.21732080021129943 100.0 4.666666666666667 0.17013038548752837 
17.001621709152772 107.0 NaN 0.35414170047449195 58.0 3.7777777777777777 0.38274503993975095 43.0 NaN 0.272939395940109 162.0 3.9285714285714284 0.21732080021129943 100.0 4.666666666666667 0.17013038548752837 
18.001621709152772 107.0 NaN 0.35414170047449195 77.0 3.7777777777777777 0.3018173755443421 43.0 NaN 0.272939395940109 162.0 3.9285714285714284 0.21732080021129943 100.0 4.666666666666667 0.17013038548752837 
19.001621709152772 107.0 NaN 0.35414170047449195 135.0 3.9444444444444446 0.13882086167800453 43.0 NaN 0.272939395940109 162.0 3.9285714285714284 0.21732080021129943 100.0 4.666666666666667 0.17013038548752837 
20.001621709152772 107.0 NaN 0.35414170047449195 114.0 4.666666666666667 0.14822478083261623 43.0 NaN 0.272939395940109 162.0 3.9285714285714284 0.21732080021129943 100.0 4.666666666666667 0.17013038548752837 
21.001621709152772 107.0 NaN 0.35414170047449195 95.0 4.666666666666667 0.1809729578461754 43.0 NaN 0.272939395940109 162.0 3.9285714285714284 0.21732080021129943 100.0 4.666666666666667 0.17013038548752837 
22.001621709152772 107.0 NaN 0.35414170047449195 97.0 4.666666666666667 0.1728148303995138 43.0 NaN 0.272939395940109 162.0 3.9285714285714284 0.21732080021129943 100.0 4.666666666666667 0.17013038548752837 
23.001621709152772 107.0 NaN 0.35414170047449195 104.0 4.666666666666667 0.15156767835339266 43.0 NaN 0.272939395940109 162.0 3.9285714285714284 0.21732080021129943 100.0 4.666666666666667 0.17013038548752837 
24.001621709152772 107.0 NaN 0.35414170047449195 100.0 4.666666666666667 0.17013038548752837 43.0 NaN 0.272939395940109 162.0 3.9285714285714284 0.21732080021129943 100.0 4.666666666666667 0.17013038548752837 
25.001621709152772 107.0 NaN 0.35414170047449195 100.0 4.666666666666667 0.17013038548752837 43.0 NaN 0.272939395940109 162.0 3.9285714285714284 0.21732080021129943 100.0 4.666666666666667 0.17013038548752837 
26.001621709152772 107.0 NaN 0.35414170047449195 100.0 4.666666666666667 0.17013038548752837 43.0 NaN 0.272939395940109 162.0 3.9285714285714284 0.21732080021129943 100.0 4.666666666666667 0.17013038548752837 
27.001621709152772 107.0 NaN 0.35414170047449195 100.0 4.666666666666667 0.17013038548752837 43.0 NaN 0.272939395940109 162.0 3.9285714285714284 0.21732080021129943 100.0 4.666666666666667 0.17013038548752837 
28.001621709152772 107.0 NaN 0.35414170047449195 100.0 4.666666666666667 0.17013038548752837 43.0 NaN 0.272939395940109 162.0 3.9285714285714284 0.21732080021129943 100.0 4.666666666666667 0.17013038548752837 
29.001621709152772 107.0 NaN 0.35414170047449195 100.0 4.666666666666667 0.17013038548752837 43.0 NaN 0.272939395940109 162.0 3.9285714285714284 0.21732080021129943 100.0 4.666666666666667 0.17013038548752837 
30.001621709152772 107.0 NaN 0.35414170047449195 100.0 4.666666666666667 0.17013038548752837 43.0 NaN 0.272939395940109 162.0 3.9285714285714284 0.21732080021129943 100.0 4.666666666666667 0.17013038548752837 
31.001621709152772 107.0 NaN 0.35414170047449195 100.0 4.666666666666667 0.17013038548752837 43.0 NaN 0.272939395940109 162.0 3.9285714285714284 0.21732080021129943 100.0 4.666666666666667 0.17013038548752837 
32.00162170915277 107.0 NaN 0.35414170047449195 100.0 4.666666666666667 0.17013038548752837 43.0 NaN 0.272939395940109 162.0 3.9285714285714284 0.21732080021129943 100.0 4.666666666666667 0.17013038548752837 
33.00162170915277 107.0 NaN 0.35414170047449195 100.0 4.666666666666667 0.17013038548752837 43.0 NaN 0.272939395940109 162.0 3.9285714285714284 0.21732080021129943 100.0 4.666666666666667 0.17013038548752837 
34.00162170915277 107.0 NaN 0.35414170047449195 100.0 4.666666666666667 0.17013038548752837 43.0 NaN 0.272939395940109 162.0 3.9285714285714284 0.21732080021129943 100.0 4.666666666666667 0.17013038548752837 
#####################################################################
# End of data export. Simulation finished at: 2020-09-16T11:43+0000 #
#####################################################################
