#####################################################################
# Alchemist log file - simulation started at: 2020-09-16T09:20+0000 #
#####################################################################
# seed = 30.0, nodeCount = 50, grain = 2, deploymentType = Lobster
#
# The columns have the following meaning: 
# time leader-random[CountDistinct] HopCountClusterClosestNeighborDistance[leader-random] HopCountClusterIntraDistance[leader-random] leader-pageRank[CountDistinct] HopCountClusterClosestNeighborDistance[leader-pageRank] HopCountClusterIntraDistance[leader-pageRank] leader-harmonic[CountDistinct] HopCountClusterClosestNeighborDistance[leader-harmonic] HopCountClusterIntraDistance[leader-harmonic] leader-closeness[CountDistinct] HopCountClusterClosestNeighborDistance[leader-closeness] HopCountClusterIntraDistance[leader-closeness] leader-degree[CountDistinct] HopCountClusterClosestNeighborDistance[leader-degree] HopCountClusterIntraDistance[leader-degree] 
0.0 NaN NaN NaN NaN NaN NaN NaN NaN NaN NaN NaN NaN NaN NaN NaN 
1.0147292578108764 34.0 3.7472527472527473 0.15833333333333333 42.0 3.672514619883041 0.05873015873015873 46.0 3.6926406926406927 0.03623188405797101 27.0 3.7222222222222223 0.29691358024691356 43.0 3.7526315789473683 0.053488372093023255 
2.0147292578108766 28.0 3.8181818181818183 0.23333333333333334 23.0 3.090909090909091 0.3183574879227053 22.0 3.4395604395604398 0.5102272727272728 27.0 3.7222222222222223 0.29691358024691356 25.0 3.769230769230769 0.29600000000000004 
3.0147292578108766 28.0 3.8666666666666667 0.1619047619047619 26.0 3.871794871794872 0.2128205128205128 29.0 3.7333333333333334 0.23678160919540228 27.0 3.7222222222222223 0.29691358024691356 26.0 3.871794871794872 0.2128205128205128 
4.014729257810877 27.0 3.6666666666666665 0.18641975308641975 25.0 3.8484848484848486 0.20133333333333334 30.0 3.7948717948717947 0.12222222222222223 27.0 3.7222222222222223 0.29691358024691356 25.0 3.8484848484848486 0.20133333333333334 
5.014729257810877 27.0 3.6666666666666665 0.18641975308641975 25.0 3.8484848484848486 0.20133333333333334 28.0 3.7948717948717947 0.1976190476190476 27.0 3.7222222222222223 0.29691358024691356 25.0 3.8484848484848486 0.20133333333333334 
6.014729257810877 27.0 3.6666666666666665 0.18641975308641975 25.0 3.8484848484848486 0.20133333333333334 30.0 3.7948717948717947 0.1733333333333333 27.0 3.7222222222222223 0.29691358024691356 25.0 3.8484848484848486 0.20133333333333334 
7.014729257810877 27.0 3.6666666666666665 0.18641975308641975 25.0 3.8484848484848486 0.20133333333333334 30.0 3.893939393939394 0.13999999999999999 27.0 3.7222222222222223 0.29691358024691356 25.0 3.8484848484848486 0.20133333333333334 
8.014729257810878 27.0 3.6666666666666665 0.18641975308641975 25.0 3.8484848484848486 0.20133333333333334 30.0 3.893939393939394 0.13999999999999999 27.0 3.7222222222222223 0.29691358024691356 25.0 3.8484848484848486 0.20133333333333334 
9.014729257810878 27.0 3.6666666666666665 0.18641975308641975 25.0 3.8484848484848486 0.20133333333333334 30.0 3.893939393939394 0.13999999999999999 27.0 3.7222222222222223 0.29691358024691356 25.0 3.8484848484848486 0.20133333333333334 
10.014729257810878 27.0 3.6666666666666665 0.18641975308641975 25.0 3.8484848484848486 0.20133333333333334 30.0 3.893939393939394 0.13999999999999999 27.0 3.7222222222222223 0.29691358024691356 25.0 3.8484848484848486 0.20133333333333334 
11.014729257810878 27.0 3.6666666666666665 0.18641975308641975 25.0 3.8484848484848486 0.20133333333333334 30.0 3.893939393939394 0.13999999999999999 27.0 3.7222222222222223 0.29691358024691356 25.0 3.8484848484848486 0.20133333333333334 
12.014729257810878 27.0 3.6666666666666665 0.18641975308641975 25.0 3.8484848484848486 0.20133333333333334 30.0 3.893939393939394 0.13999999999999999 27.0 3.7222222222222223 0.29691358024691356 25.0 3.8484848484848486 0.20133333333333334 
13.014729257810878 27.0 3.6666666666666665 0.18641975308641975 25.0 3.8484848484848486 0.20133333333333334 30.0 3.893939393939394 0.13999999999999999 27.0 3.7222222222222223 0.29691358024691356 25.0 3.8484848484848486 0.20133333333333334 
14.014729257810878 27.0 3.6666666666666665 0.18641975308641975 25.0 3.8484848484848486 0.20133333333333334 30.0 3.893939393939394 0.13999999999999999 27.0 3.7222222222222223 0.29691358024691356 25.0 3.8484848484848486 0.20133333333333334 
15.014729257810878 27.0 3.6666666666666665 0.18641975308641975 25.0 3.8484848484848486 0.20133333333333334 30.0 3.893939393939394 0.13999999999999999 27.0 3.7222222222222223 0.29691358024691356 25.0 3.8484848484848486 0.20133333333333334 
16.014729257810878 27.0 3.6666666666666665 0.18641975308641975 25.0 3.8484848484848486 0.20133333333333334 30.0 3.893939393939394 0.13999999999999999 27.0 3.7222222222222223 0.29691358024691356 25.0 3.8484848484848486 0.20133333333333334 
17.014729257810878 27.0 3.6666666666666665 0.18641975308641975 25.0 3.8484848484848486 0.20133333333333334 30.0 3.893939393939394 0.13999999999999999 27.0 3.7222222222222223 0.29691358024691356 25.0 3.8484848484848486 0.20133333333333334 
18.014729257810878 27.0 3.6666666666666665 0.18641975308641975 25.0 3.8484848484848486 0.20133333333333334 30.0 3.893939393939394 0.13999999999999999 27.0 3.7222222222222223 0.29691358024691356 25.0 3.8484848484848486 0.20133333333333334 
19.014729257810878 27.0 3.6666666666666665 0.18641975308641975 25.0 3.8484848484848486 0.20133333333333334 30.0 3.893939393939394 0.13999999999999999 27.0 3.7222222222222223 0.29691358024691356 25.0 3.8484848484848486 0.20133333333333334 
20.014729257810878 27.0 3.6666666666666665 0.18641975308641975 25.0 3.8484848484848486 0.20133333333333334 30.0 3.893939393939394 0.13999999999999999 27.0 3.7222222222222223 0.29691358024691356 25.0 3.8484848484848486 0.20133333333333334 
21.014729257810878 27.0 3.6666666666666665 0.18641975308641975 25.0 3.8484848484848486 0.20133333333333334 30.0 3.893939393939394 0.13999999999999999 27.0 3.7222222222222223 0.29691358024691356 25.0 3.8484848484848486 0.20133333333333334 
22.014729257810878 27.0 3.6666666666666665 0.18641975308641975 25.0 3.8484848484848486 0.20133333333333334 30.0 3.893939393939394 0.13999999999999999 27.0 3.7222222222222223 0.29691358024691356 25.0 3.8484848484848486 0.20133333333333334 
23.014729257810878 27.0 3.6666666666666665 0.18641975308641975 25.0 3.8484848484848486 0.20133333333333334 30.0 3.893939393939394 0.13999999999999999 27.0 3.7222222222222223 0.29691358024691356 25.0 3.8484848484848486 0.20133333333333334 
24.014729257810878 27.0 3.6666666666666665 0.18641975308641975 25.0 3.8484848484848486 0.20133333333333334 30.0 3.893939393939394 0.13999999999999999 27.0 3.7222222222222223 0.29691358024691356 25.0 3.8484848484848486 0.20133333333333334 
25.014729257810878 27.0 3.6666666666666665 0.18641975308641975 25.0 3.8484848484848486 0.20133333333333334 30.0 3.893939393939394 0.13999999999999999 27.0 3.7222222222222223 0.29691358024691356 25.0 3.8484848484848486 0.20133333333333334 
26.014729257810878 27.0 3.6666666666666665 0.18641975308641975 25.0 3.8484848484848486 0.20133333333333334 30.0 3.893939393939394 0.13999999999999999 27.0 3.7222222222222223 0.29691358024691356 25.0 3.8484848484848486 0.20133333333333334 
27.014729257810878 27.0 3.6666666666666665 0.18641975308641975 25.0 3.8484848484848486 0.20133333333333334 30.0 3.893939393939394 0.13999999999999999 27.0 3.7222222222222223 0.29691358024691356 25.0 3.8484848484848486 0.20133333333333334 
28.014729257810878 27.0 3.6666666666666665 0.18641975308641975 25.0 3.8484848484848486 0.20133333333333334 30.0 3.893939393939394 0.13999999999999999 27.0 3.7222222222222223 0.29691358024691356 25.0 3.8484848484848486 0.20133333333333334 
29.014729257810878 27.0 3.6666666666666665 0.18641975308641975 25.0 3.8484848484848486 0.20133333333333334 30.0 3.893939393939394 0.13999999999999999 27.0 3.7222222222222223 0.29691358024691356 25.0 3.8484848484848486 0.20133333333333334 
30.014729257810878 27.0 3.6666666666666665 0.18641975308641975 25.0 3.8484848484848486 0.20133333333333334 30.0 3.893939393939394 0.13999999999999999 27.0 3.7222222222222223 0.29691358024691356 25.0 3.8484848484848486 0.20133333333333334 
31.014729257810878 27.0 3.6666666666666665 0.18641975308641975 25.0 3.8484848484848486 0.20133333333333334 30.0 3.893939393939394 0.13999999999999999 27.0 3.7222222222222223 0.29691358024691356 25.0 3.8484848484848486 0.20133333333333334 
32.01472925781088 27.0 3.6666666666666665 0.18641975308641975 25.0 3.8484848484848486 0.20133333333333334 30.0 3.893939393939394 0.13999999999999999 27.0 3.7222222222222223 0.29691358024691356 25.0 3.8484848484848486 0.20133333333333334 
33.01472925781088 27.0 3.6666666666666665 0.18641975308641975 25.0 3.8484848484848486 0.20133333333333334 30.0 3.893939393939394 0.13999999999999999 27.0 3.7222222222222223 0.29691358024691356 25.0 3.8484848484848486 0.20133333333333334 
34.01472925781088 27.0 3.6666666666666665 0.18641975308641975 25.0 3.8484848484848486 0.20133333333333334 30.0 3.893939393939394 0.13999999999999999 27.0 3.7222222222222223 0.29691358024691356 25.0 3.8484848484848486 0.20133333333333334 
#####################################################################
# End of data export. Simulation finished at: 2020-09-16T09:21+0000 #
#####################################################################
