#####################################################################
# Alchemist log file - simulation started at: 2020-09-16T22:30+0000 #
#####################################################################
# seed = 72.0, nodeCount = 50, grain = 5, deploymentType = Lobster
#
# The columns have the following meaning: 
# time leader-random[CountDistinct] HopCountClusterClosestNeighborDistance[leader-random] HopCountClusterIntraDistance[leader-random] leader-pageRank[CountDistinct] HopCountClusterClosestNeighborDistance[leader-pageRank] HopCountClusterIntraDistance[leader-pageRank] leader-harmonic[CountDistinct] HopCountClusterClosestNeighborDistance[leader-harmonic] HopCountClusterIntraDistance[leader-harmonic] leader-closeness[CountDistinct] HopCountClusterClosestNeighborDistance[leader-closeness] HopCountClusterIntraDistance[leader-closeness] leader-degree[CountDistinct] HopCountClusterClosestNeighborDistance[leader-degree] HopCountClusterIntraDistance[leader-degree] 
0.0 NaN NaN NaN NaN NaN NaN NaN NaN NaN NaN NaN NaN NaN NaN NaN 
1.0019796932952134 31.0 Infinity 0.21935483870967742 46.0 Infinity 0.03623188405797101 48.0 Infinity 0.020833333333333332 24.0 Infinity 0.33730158730158727 47.0 Infinity 0.031914893617021274 
2.0019796932952136 8.0 Infinity 0.69375 10.0 Infinity 0.8407692307692308 12.0 Infinity 0.8582070707070707 6.0 NaN 1.0625 11.0 Infinity 0.8612554112554114 
3.0019796932952136 6.0 Infinity 0.9500000000000001 4.0 Infinity 0.875 4.0 Infinity NaN 12.0 Infinity NaN 4.0 Infinity NaN 
4.001979693295214 11.0 Infinity 0.3 20.0 Infinity 0.18333333333333332 2.0 Infinity NaN 16.0 Infinity 0.2916666666666667 2.0 Infinity NaN 
5.001979693295214 11.0 Infinity 0.3 15.0 Infinity NaN 2.0 NaN 1.153061224489796 14.0 Infinity 0.40476190476190477 2.0 NaN 1.153061224489796 
6.001979693295214 11.0 Infinity 0.3 3.0 Infinity 0.7569444444444445 2.0 NaN 1.153061224489796 14.0 Infinity 0.40476190476190477 2.0 NaN 1.153061224489796 
7.001979693295214 11.0 Infinity 0.3 2.0 NaN 1.153061224489796 2.0 NaN 1.153061224489796 14.0 Infinity 0.40476190476190477 2.0 NaN 1.153061224489796 
8.001979693295214 11.0 Infinity 0.3 2.0 NaN 1.153061224489796 2.0 NaN 1.153061224489796 14.0 Infinity 0.40476190476190477 2.0 NaN 1.153061224489796 
9.001979693295214 11.0 Infinity 0.3 2.0 NaN 1.153061224489796 2.0 NaN 1.153061224489796 14.0 Infinity 0.40476190476190477 2.0 NaN 1.153061224489796 
10.001979693295214 11.0 Infinity 0.3 2.0 NaN 1.153061224489796 2.0 NaN 1.153061224489796 14.0 Infinity 0.40476190476190477 2.0 NaN 1.153061224489796 
11.001979693295214 11.0 Infinity 0.3 2.0 NaN 1.153061224489796 2.0 NaN 1.153061224489796 14.0 Infinity 0.40476190476190477 2.0 NaN 1.153061224489796 
12.001979693295214 11.0 Infinity 0.3 2.0 NaN 1.153061224489796 2.0 NaN 1.153061224489796 14.0 Infinity 0.40476190476190477 2.0 NaN 1.153061224489796 
13.001979693295214 11.0 Infinity 0.3 2.0 NaN 1.153061224489796 2.0 NaN 1.153061224489796 14.0 Infinity 0.40476190476190477 2.0 NaN 1.153061224489796 
14.001979693295214 11.0 Infinity 0.3 2.0 NaN 1.153061224489796 2.0 NaN 1.153061224489796 14.0 Infinity 0.40476190476190477 2.0 NaN 1.153061224489796 
15.001979693295214 11.0 Infinity 0.3 2.0 NaN 1.153061224489796 2.0 NaN 1.153061224489796 14.0 Infinity 0.40476190476190477 2.0 NaN 1.153061224489796 
16.001979693295212 11.0 Infinity 0.3 2.0 NaN 1.153061224489796 2.0 NaN 1.153061224489796 14.0 Infinity 0.40476190476190477 2.0 NaN 1.153061224489796 
17.001979693295212 11.0 Infinity 0.3 2.0 NaN 1.153061224489796 2.0 NaN 1.153061224489796 14.0 Infinity 0.40476190476190477 2.0 NaN 1.153061224489796 
18.001979693295212 11.0 Infinity 0.3 2.0 NaN 1.153061224489796 2.0 NaN 1.153061224489796 14.0 Infinity 0.40476190476190477 2.0 NaN 1.153061224489796 
19.001979693295212 11.0 Infinity 0.3 2.0 NaN 1.153061224489796 2.0 NaN 1.153061224489796 14.0 Infinity 0.40476190476190477 2.0 NaN 1.153061224489796 
20.001979693295212 11.0 Infinity 0.3 2.0 NaN 1.153061224489796 2.0 NaN 1.153061224489796 14.0 Infinity 0.40476190476190477 2.0 NaN 1.153061224489796 
21.001979693295212 11.0 Infinity 0.3 2.0 NaN 1.153061224489796 2.0 NaN 1.153061224489796 14.0 Infinity 0.40476190476190477 2.0 NaN 1.153061224489796 
22.001979693295212 11.0 Infinity 0.3 2.0 NaN 1.153061224489796 2.0 NaN 1.153061224489796 14.0 Infinity 0.40476190476190477 2.0 NaN 1.153061224489796 
23.001979693295212 11.0 Infinity 0.3 2.0 NaN 1.153061224489796 2.0 NaN 1.153061224489796 14.0 Infinity 0.40476190476190477 2.0 NaN 1.153061224489796 
24.001979693295212 11.0 Infinity 0.3 2.0 NaN 1.153061224489796 2.0 NaN 1.153061224489796 14.0 Infinity 0.40476190476190477 2.0 NaN 1.153061224489796 
25.001979693295212 11.0 Infinity 0.3 2.0 NaN 1.153061224489796 2.0 NaN 1.153061224489796 14.0 Infinity 0.40476190476190477 2.0 NaN 1.153061224489796 
26.001979693295212 11.0 Infinity 0.3 2.0 NaN 1.153061224489796 2.0 NaN 1.153061224489796 14.0 Infinity 0.40476190476190477 2.0 NaN 1.153061224489796 
27.001979693295212 11.0 Infinity 0.3 2.0 NaN 1.153061224489796 2.0 NaN 1.153061224489796 14.0 Infinity 0.40476190476190477 2.0 NaN 1.153061224489796 
28.001979693295212 11.0 Infinity 0.3 2.0 NaN 1.153061224489796 2.0 NaN 1.153061224489796 14.0 Infinity 0.40476190476190477 2.0 NaN 1.153061224489796 
29.001979693295212 11.0 Infinity 0.3 2.0 NaN 1.153061224489796 2.0 NaN 1.153061224489796 14.0 Infinity 0.40476190476190477 2.0 NaN 1.153061224489796 
30.001979693295212 11.0 Infinity 0.3 2.0 NaN 1.153061224489796 2.0 NaN 1.153061224489796 14.0 Infinity 0.40476190476190477 2.0 NaN 1.153061224489796 
31.001979693295212 11.0 Infinity 0.3 2.0 NaN 1.153061224489796 2.0 NaN 1.153061224489796 14.0 Infinity 0.40476190476190477 2.0 NaN 1.153061224489796 
32.00197969329521 11.0 Infinity 0.3 2.0 NaN 1.153061224489796 2.0 NaN 1.153061224489796 14.0 Infinity 0.40476190476190477 2.0 NaN 1.153061224489796 
33.00197969329521 11.0 Infinity 0.3 2.0 NaN 1.153061224489796 2.0 NaN 1.153061224489796 14.0 Infinity 0.40476190476190477 2.0 NaN 1.153061224489796 
34.00197969329521 11.0 Infinity 0.3 2.0 NaN 1.153061224489796 2.0 NaN 1.153061224489796 14.0 Infinity 0.40476190476190477 2.0 NaN 1.153061224489796 
#####################################################################
# End of data export. Simulation finished at: 2020-09-16T22:31+0000 #
#####################################################################
