#####################################################################
# Alchemist log file - simulation started at: 2020-09-16T07:27+0000 #
#####################################################################
# seed = 113.0, nodeCount = 800, grain = 5, deploymentType = RandomEuclidean
#
# The columns have the following meaning: 
# time leader-random[CountDistinct] HopCountClusterClosestNeighborDistance[leader-random] HopCountClusterIntraDistance[leader-random] leader-pageRank[CountDistinct] HopCountClusterClosestNeighborDistance[leader-pageRank] HopCountClusterIntraDistance[leader-pageRank] leader-harmonic[CountDistinct] HopCountClusterClosestNeighborDistance[leader-harmonic] HopCountClusterIntraDistance[leader-harmonic] leader-closeness[CountDistinct] HopCountClusterClosestNeighborDistance[leader-closeness] HopCountClusterIntraDistance[leader-closeness] leader-degree[CountDistinct] HopCountClusterClosestNeighborDistance[leader-degree] HopCountClusterIntraDistance[leader-degree] 
0.0 NaN NaN NaN NaN NaN NaN NaN NaN NaN NaN NaN NaN NaN NaN NaN 
1.0016775384368832 92.0 NaN 0.7413045830687581 364.0 4.945454545454545 0.3529171423814283 564.0 4.084967320261438 0.16507303275920296 37.0 NaN 1.243912050877642 396.0 4.944444444444445 0.3323109129927314 
2.0016775384368835 17.0 NaN NaN 34.0 NaN NaN 202.0 4.8 NaN 10.0 NaN NaN 52.0 NaN NaN 
3.0016775384368835 10.0 NaN NaN 14.0 NaN NaN 60.0 2.0 NaN 10.0 NaN NaN 15.0 NaN NaN 
4.0016775384368835 46.0 NaN NaN 68.0 NaN NaN 96.0 NaN NaN 40.0 5.0 NaN 17.0 NaN NaN 
5.0016775384368835 26.0 4.0 0.6957369948596083 145.0 3.3333333333333335 NaN 128.0 2.0 NaN 63.0 4.0 0.27688522569361346 121.0 4.2 NaN 
6.0016775384368835 31.0 NaN 0.47282207179852165 34.0 3.0 NaN 66.0 NaN NaN 19.0 NaN 1.362244012385293 92.0 4.666666666666667 0.2714593657205592 
7.0016775384368835 14.0 NaN 1.3552667164970784 10.0 NaN NaN 101.0 4.333333333333333 NaN 12.0 NaN NaN 12.0 NaN NaN 
8.001677538436883 8.0 NaN 2.014379797348148 12.0 NaN 1.491485351780596 115.0 4.6 NaN 12.0 NaN 1.7516875921525144 9.0 NaN NaN 
9.001677538436883 8.0 NaN 2.014379797348148 21.0 NaN 0.7764067619799481 44.0 7.0 NaN 12.0 NaN 1.7516875921525144 17.0 NaN 1.066185204536931 
10.001677538436883 8.0 NaN 2.014379797348148 18.0 NaN 0.9530301111988284 35.0 4.333333333333333 NaN 11.0 NaN 1.9563864641663793 101.0 2.7333333333333334 0.19442924481301674 
11.001677538436883 8.0 NaN 2.014379797348148 13.0 NaN 1.450990410377865 132.0 4.0 NaN 11.0 NaN 1.9563864641663793 29.0 NaN 0.9531432817787175 
12.001677538436883 8.0 NaN 2.014379797348148 11.0 NaN 1.5367765455980829 110.0 2.6666666666666665 0.2645459000992744 11.0 NaN 1.9563864641663793 10.0 NaN NaN 
13.001677538436883 8.0 NaN 2.014379797348148 11.0 NaN 1.5367765455980829 40.0 NaN NaN 11.0 NaN 1.9563864641663793 10.0 NaN NaN 
14.001677538436883 8.0 NaN 2.014379797348148 11.0 NaN 1.5367765455980829 13.0 NaN NaN 11.0 NaN 1.9563864641663793 21.0 NaN NaN 
15.001677538436883 8.0 NaN 2.014379797348148 11.0 NaN 1.5367765455980829 54.0 3.0 NaN 11.0 NaN 1.9563864641663793 15.0 NaN 1.1692151695770117 
16.001677538436883 8.0 NaN 2.014379797348148 11.0 NaN 1.5367765455980829 70.0 NaN 0.2894020581258158 11.0 NaN 1.9563864641663793 9.0 NaN NaN 
17.001677538436883 8.0 NaN 2.014379797348148 11.0 NaN 1.5367765455980829 13.0 NaN NaN 11.0 NaN 1.9563864641663793 8.0 NaN 2.0661673318457856 
18.001677538436883 8.0 NaN 2.014379797348148 11.0 NaN 1.5367765455980829 20.0 NaN NaN 11.0 NaN 1.9563864641663793 8.0 NaN 2.0661673318457856 
19.001677538436883 8.0 NaN 2.014379797348148 11.0 NaN 1.5367765455980829 27.0 NaN 0.7893778248940805 11.0 NaN 1.9563864641663793 8.0 NaN 2.0661673318457856 
20.001677538436883 8.0 NaN 2.014379797348148 11.0 NaN 1.5367765455980829 16.0 NaN 1.3373375253962065 11.0 NaN 1.9563864641663793 8.0 NaN 2.0661673318457856 
21.001677538436883 8.0 NaN 2.014379797348148 11.0 NaN 1.5367765455980829 11.0 NaN NaN 11.0 NaN 1.9563864641663793 8.0 NaN 2.0661673318457856 
22.001677538436883 8.0 NaN 2.014379797348148 11.0 NaN 1.5367765455980829 10.0 NaN 1.9620306810280195 11.0 NaN 1.9563864641663793 8.0 NaN 2.0661673318457856 
23.001677538436883 8.0 NaN 2.014379797348148 11.0 NaN 1.5367765455980829 10.0 NaN 1.9620306810280195 11.0 NaN 1.9563864641663793 8.0 NaN 2.0661673318457856 
24.001677538436883 8.0 NaN 2.014379797348148 11.0 NaN 1.5367765455980829 10.0 NaN 1.9620306810280195 11.0 NaN 1.9563864641663793 8.0 NaN 2.0661673318457856 
25.001677538436883 8.0 NaN 2.014379797348148 11.0 NaN 1.5367765455980829 10.0 NaN 1.9620306810280195 11.0 NaN 1.9563864641663793 8.0 NaN 2.0661673318457856 
26.001677538436883 8.0 NaN 2.014379797348148 11.0 NaN 1.5367765455980829 10.0 NaN 1.9620306810280195 11.0 NaN 1.9563864641663793 8.0 NaN 2.0661673318457856 
27.001677538436883 8.0 NaN 2.014379797348148 11.0 NaN 1.5367765455980829 10.0 NaN 1.9620306810280195 11.0 NaN 1.9563864641663793 8.0 NaN 2.0661673318457856 
28.001677538436883 8.0 NaN 2.014379797348148 11.0 NaN 1.5367765455980829 10.0 NaN 1.9620306810280195 11.0 NaN 1.9563864641663793 8.0 NaN 2.0661673318457856 
29.001677538436883 8.0 NaN 2.014379797348148 11.0 NaN 1.5367765455980829 10.0 NaN 1.9620306810280195 11.0 NaN 1.9563864641663793 8.0 NaN 2.0661673318457856 
30.001677538436883 8.0 NaN 2.014379797348148 11.0 NaN 1.5367765455980829 10.0 NaN 1.9620306810280195 11.0 NaN 1.9563864641663793 8.0 NaN 2.0661673318457856 
31.001677538436883 8.0 NaN 2.014379797348148 11.0 NaN 1.5367765455980829 10.0 NaN 1.9620306810280195 11.0 NaN 1.9563864641663793 8.0 NaN 2.0661673318457856 
32.00167753843688 8.0 NaN 2.014379797348148 11.0 NaN 1.5367765455980829 10.0 NaN 1.9620306810280195 11.0 NaN 1.9563864641663793 8.0 NaN 2.0661673318457856 
33.00167753843688 8.0 NaN 2.014379797348148 11.0 NaN 1.5367765455980829 10.0 NaN 1.9620306810280195 11.0 NaN 1.9563864641663793 8.0 NaN 2.0661673318457856 
34.00167753843688 8.0 NaN 2.014379797348148 11.0 NaN 1.5367765455980829 10.0 NaN 1.9620306810280195 11.0 NaN 1.9563864641663793 8.0 NaN 2.0661673318457856 
35.00167753843688 8.0 NaN 2.014379797348148 11.0 NaN 1.5367765455980829 10.0 NaN 1.9620306810280195 11.0 NaN 1.9563864641663793 8.0 NaN 2.0661673318457856 
36.00167753843688 8.0 NaN 2.014379797348148 11.0 NaN 1.5367765455980829 10.0 NaN 1.9620306810280195 11.0 NaN 1.9563864641663793 8.0 NaN 2.0661673318457856 
37.00167753843688 8.0 NaN 2.014379797348148 11.0 NaN 1.5367765455980829 10.0 NaN 1.9620306810280195 11.0 NaN 1.9563864641663793 8.0 NaN 2.0661673318457856 
38.00167753843688 8.0 NaN 2.014379797348148 11.0 NaN 1.5367765455980829 10.0 NaN 1.9620306810280195 11.0 NaN 1.9563864641663793 8.0 NaN 2.0661673318457856 
39.00167753843688 8.0 NaN 2.014379797348148 11.0 NaN 1.5367765455980829 10.0 NaN 1.9620306810280195 11.0 NaN 1.9563864641663793 8.0 NaN 2.0661673318457856 
40.00167753843688 8.0 NaN 2.014379797348148 11.0 NaN 1.5367765455980829 10.0 NaN 1.9620306810280195 11.0 NaN 1.9563864641663793 8.0 NaN 2.0661673318457856 
41.00167753843688 8.0 NaN 2.014379797348148 11.0 NaN 1.5367765455980829 10.0 NaN 1.9620306810280195 11.0 NaN 1.9563864641663793 8.0 NaN 2.0661673318457856 
42.00167753843688 8.0 NaN 2.014379797348148 11.0 NaN 1.5367765455980829 10.0 NaN 1.9620306810280195 11.0 NaN 1.9563864641663793 8.0 NaN 2.0661673318457856 
43.00167753843688 8.0 NaN 2.014379797348148 11.0 NaN 1.5367765455980829 10.0 NaN 1.9620306810280195 11.0 NaN 1.9563864641663793 8.0 NaN 2.0661673318457856 
44.00167753843688 8.0 NaN 2.014379797348148 11.0 NaN 1.5367765455980829 10.0 NaN 1.9620306810280195 11.0 NaN 1.9563864641663793 8.0 NaN 2.0661673318457856 
45.00167753843688 8.0 NaN 2.014379797348148 11.0 NaN 1.5367765455980829 10.0 NaN 1.9620306810280195 11.0 NaN 1.9563864641663793 8.0 NaN 2.0661673318457856 
46.00167753843688 8.0 NaN 2.014379797348148 11.0 NaN 1.5367765455980829 10.0 NaN 1.9620306810280195 11.0 NaN 1.9563864641663793 8.0 NaN 2.0661673318457856 
47.00167753843688 8.0 NaN 2.014379797348148 11.0 NaN 1.5367765455980829 10.0 NaN 1.9620306810280195 11.0 NaN 1.9563864641663793 8.0 NaN 2.0661673318457856 
48.00167753843688 8.0 NaN 2.014379797348148 11.0 NaN 1.5367765455980829 10.0 NaN 1.9620306810280195 11.0 NaN 1.9563864641663793 8.0 NaN 2.0661673318457856 
49.00167753843688 8.0 NaN 2.014379797348148 11.0 NaN 1.5367765455980829 10.0 NaN 1.9620306810280195 11.0 NaN 1.9563864641663793 8.0 NaN 2.0661673318457856 
50.00167753843688 8.0 NaN 2.014379797348148 11.0 NaN 1.5367765455980829 10.0 NaN 1.9620306810280195 11.0 NaN 1.9563864641663793 8.0 NaN 2.0661673318457856 
51.00167753843688 8.0 NaN 2.014379797348148 11.0 NaN 1.5367765455980829 10.0 NaN 1.9620306810280195 11.0 NaN 1.9563864641663793 8.0 NaN 2.0661673318457856 
52.00167753843688 8.0 NaN 2.014379797348148 11.0 NaN 1.5367765455980829 10.0 NaN 1.9620306810280195 11.0 NaN 1.9563864641663793 8.0 NaN 2.0661673318457856 
#####################################################################
# End of data export. Simulation finished at: 2020-09-16T07:50+0000 #
#####################################################################
