#####################################################################
# Alchemist log file - simulation started at: 2020-09-16T11:46+0000 #
#####################################################################
# seed = 122.0, nodeCount = 50, grain = 2, deploymentType = RandomEuclidean
#
# The columns have the following meaning: 
# time leader-random[CountDistinct] HopCountClusterClosestNeighborDistance[leader-random] HopCountClusterIntraDistance[leader-random] leader-pageRank[CountDistinct] HopCountClusterClosestNeighborDistance[leader-pageRank] HopCountClusterIntraDistance[leader-pageRank] leader-harmonic[CountDistinct] HopCountClusterClosestNeighborDistance[leader-harmonic] HopCountClusterIntraDistance[leader-harmonic] leader-closeness[CountDistinct] HopCountClusterClosestNeighborDistance[leader-closeness] HopCountClusterIntraDistance[leader-closeness] leader-degree[CountDistinct] HopCountClusterClosestNeighborDistance[leader-degree] HopCountClusterIntraDistance[leader-degree] 
0.0 NaN NaN NaN NaN NaN NaN NaN NaN NaN NaN NaN NaN NaN NaN NaN 
1.017888782293526 35.0 3.857142857142857 0.20476190476190476 50.0 3.986666666666667 0.0 49.0 3.960144927536232 0.01020408163265306 31.0 3.6666666666666665 0.27419354838709675 48.0 4.015810276679842 0.020833333333333332 
2.017888782293526 31.0 3.934065934065934 0.25 41.0 3.968421052631579 0.09756097560975609 34.0 4.095238095238095 0.26960784313725494 31.0 3.6666666666666665 0.27419354838709675 33.0 4.116666666666666 0.32070707070707066 
3.017888782293526 31.0 3.934065934065934 0.25 38.0 3.889473684210526 0.09868421052631579 33.0 3.980952380952381 0.2904040404040404 31.0 3.6666666666666665 0.27419354838709675 32.0 3.8461538461538463 0.21354166666666666 
4.017888782293526 31.0 3.934065934065934 0.25 38.0 3.889473684210526 0.09868421052631579 34.0 3.676190476190476 0.18137254901960784 31.0 3.6666666666666665 0.27419354838709675 30.0 3.8545454545454545 0.2611111111111111 
5.017888782293526 31.0 3.934065934065934 0.25 37.0 3.847953216374269 0.10585585585585586 32.0 3.5641025641025643 0.22395833333333331 31.0 3.6666666666666665 0.27419354838709675 30.0 3.8545454545454545 0.2611111111111111 
6.017888782293526 31.0 3.934065934065934 0.25 36.0 3.915032679738562 0.11342592592592592 29.0 3.5641025641025643 0.27586206896551724 31.0 3.6666666666666665 0.27419354838709675 30.0 3.8545454545454545 0.2611111111111111 
7.017888782293526 31.0 3.934065934065934 0.25 36.0 3.915032679738562 0.11342592592592592 29.0 3.5641025641025643 0.27586206896551724 31.0 3.6666666666666665 0.27419354838709675 30.0 3.8545454545454545 0.2611111111111111 
8.017888782293525 31.0 3.934065934065934 0.25 36.0 3.915032679738562 0.11342592592592592 29.0 3.5641025641025643 0.27586206896551724 31.0 3.6666666666666665 0.27419354838709675 30.0 3.8545454545454545 0.2611111111111111 
9.017888782293525 31.0 3.934065934065934 0.25 36.0 3.915032679738562 0.11342592592592592 29.0 3.5641025641025643 0.27586206896551724 31.0 3.6666666666666665 0.27419354838709675 30.0 3.8545454545454545 0.2611111111111111 
10.017888782293525 31.0 3.934065934065934 0.25 36.0 3.915032679738562 0.11342592592592592 29.0 3.5641025641025643 0.27586206896551724 31.0 3.6666666666666665 0.27419354838709675 30.0 3.8545454545454545 0.2611111111111111 
11.017888782293525 31.0 3.934065934065934 0.25 36.0 3.915032679738562 0.11342592592592592 29.0 3.5641025641025643 0.27586206896551724 31.0 3.6666666666666665 0.27419354838709675 30.0 3.8545454545454545 0.2611111111111111 
12.017888782293525 31.0 3.934065934065934 0.25 36.0 3.915032679738562 0.11342592592592592 29.0 3.5641025641025643 0.27586206896551724 31.0 3.6666666666666665 0.27419354838709675 30.0 3.8545454545454545 0.2611111111111111 
13.017888782293525 31.0 3.934065934065934 0.25 36.0 3.915032679738562 0.11342592592592592 29.0 3.5641025641025643 0.27586206896551724 31.0 3.6666666666666665 0.27419354838709675 30.0 3.8545454545454545 0.2611111111111111 
14.017888782293525 31.0 3.934065934065934 0.25 36.0 3.915032679738562 0.11342592592592592 29.0 3.5641025641025643 0.27586206896551724 31.0 3.6666666666666665 0.27419354838709675 30.0 3.8545454545454545 0.2611111111111111 
15.017888782293525 31.0 3.934065934065934 0.25 36.0 3.915032679738562 0.11342592592592592 29.0 3.5641025641025643 0.27586206896551724 31.0 3.6666666666666665 0.27419354838709675 30.0 3.8545454545454545 0.2611111111111111 
16.017888782293525 31.0 3.934065934065934 0.25 36.0 3.915032679738562 0.11342592592592592 29.0 3.5641025641025643 0.27586206896551724 31.0 3.6666666666666665 0.27419354838709675 30.0 3.8545454545454545 0.2611111111111111 
17.017888782293525 31.0 3.934065934065934 0.25 36.0 3.915032679738562 0.11342592592592592 29.0 3.5641025641025643 0.27586206896551724 31.0 3.6666666666666665 0.27419354838709675 30.0 3.8545454545454545 0.2611111111111111 
18.017888782293525 31.0 3.934065934065934 0.25 36.0 3.915032679738562 0.11342592592592592 29.0 3.5641025641025643 0.27586206896551724 31.0 3.6666666666666665 0.27419354838709675 30.0 3.8545454545454545 0.2611111111111111 
19.017888782293525 31.0 3.934065934065934 0.25 36.0 3.915032679738562 0.11342592592592592 29.0 3.5641025641025643 0.27586206896551724 31.0 3.6666666666666665 0.27419354838709675 30.0 3.8545454545454545 0.2611111111111111 
20.017888782293525 31.0 3.934065934065934 0.25 36.0 3.915032679738562 0.11342592592592592 29.0 3.5641025641025643 0.27586206896551724 31.0 3.6666666666666665 0.27419354838709675 30.0 3.8545454545454545 0.2611111111111111 
21.017888782293525 31.0 3.934065934065934 0.25 36.0 3.915032679738562 0.11342592592592592 29.0 3.5641025641025643 0.27586206896551724 31.0 3.6666666666666665 0.27419354838709675 30.0 3.8545454545454545 0.2611111111111111 
22.017888782293525 31.0 3.934065934065934 0.25 36.0 3.915032679738562 0.11342592592592592 29.0 3.5641025641025643 0.27586206896551724 31.0 3.6666666666666665 0.27419354838709675 30.0 3.8545454545454545 0.2611111111111111 
23.017888782293525 31.0 3.934065934065934 0.25 36.0 3.915032679738562 0.11342592592592592 29.0 3.5641025641025643 0.27586206896551724 31.0 3.6666666666666665 0.27419354838709675 30.0 3.8545454545454545 0.2611111111111111 
24.017888782293525 31.0 3.934065934065934 0.25 36.0 3.915032679738562 0.11342592592592592 29.0 3.5641025641025643 0.27586206896551724 31.0 3.6666666666666665 0.27419354838709675 30.0 3.8545454545454545 0.2611111111111111 
25.017888782293525 31.0 3.934065934065934 0.25 30.0 3.9047619047619047 0.2361111111111111 29.0 3.5641025641025643 0.27586206896551724 31.0 3.6666666666666665 0.27419354838709675 30.0 3.8545454545454545 0.2611111111111111 
26.017888782293525 31.0 3.934065934065934 0.25 28.0 4.153846153846154 0.2886904761904762 29.0 3.5641025641025643 0.27586206896551724 31.0 3.6666666666666665 0.27419354838709675 30.0 3.8545454545454545 0.2611111111111111 
27.017888782293525 31.0 3.934065934065934 0.25 28.0 4.153846153846154 0.2886904761904762 29.0 3.5641025641025643 0.27586206896551724 31.0 3.6666666666666665 0.27419354838709675 30.0 3.8545454545454545 0.2611111111111111 
28.017888782293525 31.0 3.934065934065934 0.25 28.0 4.153846153846154 0.2886904761904762 29.0 3.5641025641025643 0.27586206896551724 31.0 3.6666666666666665 0.27419354838709675 30.0 3.8545454545454545 0.2611111111111111 
29.017888782293525 31.0 3.934065934065934 0.25 28.0 4.153846153846154 0.2886904761904762 29.0 3.5641025641025643 0.27586206896551724 31.0 3.6666666666666665 0.27419354838709675 30.0 3.8545454545454545 0.2611111111111111 
30.017888782293525 31.0 3.934065934065934 0.25 28.0 4.153846153846154 0.2886904761904762 29.0 3.5641025641025643 0.27586206896551724 31.0 3.6666666666666665 0.27419354838709675 30.0 3.8545454545454545 0.2611111111111111 
31.017888782293525 31.0 3.934065934065934 0.25 28.0 4.153846153846154 0.2886904761904762 29.0 3.5641025641025643 0.27586206896551724 31.0 3.6666666666666665 0.27419354838709675 30.0 3.8545454545454545 0.2611111111111111 
32.017888782293525 31.0 3.934065934065934 0.25 28.0 4.153846153846154 0.2886904761904762 29.0 3.5641025641025643 0.27586206896551724 31.0 3.6666666666666665 0.27419354838709675 30.0 3.8545454545454545 0.2611111111111111 
33.017888782293525 31.0 3.934065934065934 0.25 28.0 4.153846153846154 0.2886904761904762 29.0 3.5641025641025643 0.27586206896551724 31.0 3.6666666666666665 0.27419354838709675 30.0 3.8545454545454545 0.2611111111111111 
#####################################################################
# End of data export. Simulation finished at: 2020-09-16T11:47+0000 #
#####################################################################
