#####################################################################
# Alchemist log file - simulation started at: 2020-09-16T07:01+0000 #
#####################################################################
# seed = 111.0, nodeCount = 400, grain = 4, deploymentType = Lobster
#
# The columns have the following meaning: 
# time leader-random[CountDistinct] HopCountClusterClosestNeighborDistance[leader-random] HopCountClusterIntraDistance[leader-random] leader-pageRank[CountDistinct] HopCountClusterClosestNeighborDistance[leader-pageRank] HopCountClusterIntraDistance[leader-pageRank] leader-harmonic[CountDistinct] HopCountClusterClosestNeighborDistance[leader-harmonic] HopCountClusterIntraDistance[leader-harmonic] leader-closeness[CountDistinct] HopCountClusterClosestNeighborDistance[leader-closeness] HopCountClusterIntraDistance[leader-closeness] leader-degree[CountDistinct] HopCountClusterClosestNeighborDistance[leader-degree] HopCountClusterIntraDistance[leader-degree] 
0.0 NaN NaN NaN NaN NaN NaN NaN NaN NaN NaN NaN NaN NaN NaN NaN 
1.0033984037455024 247.0 3.7714285714285714 0.18404344193817876 305.0 3.7333333333333334 0.07835545147020558 323.0 3.8528138528138527 0.06253132832080201 183.0 3.642857142857143 0.360559492116869 302.0 3.7333333333333334 0.0805660674865973 
2.0033984037455026 98.0 3.9047619047619047 NaN 71.0 3.6666666666666665 NaN 79.0 3.638095238095238 0.8566568394100038 144.0 4.2 0.39895303384886716 69.0 3.5636363636363635 NaN 
3.0033984037455026 209.0 5.035714285714286 NaN 57.0 3.4545454545454546 NaN 22.0 2.9285714285714284 NaN 150.0 4.166666666666667 0.4071384911384911 99.0 3.769230769230769 NaN 
4.003398403745503 239.0 4.8 0.16182260782844352 93.0 4.571428571428571 0.269303000041296 27.0 2.6666666666666665 NaN 146.0 4.466666666666667 0.4598692023349557 207.0 4.161764705882353 NaN 
5.003398403745503 177.0 4.8 0.34823450866046757 83.0 4.571428571428571 0.2874211130235227 96.0 2.8 NaN 146.0 4.466666666666667 0.4598692023349557 161.0 3.963636363636364 0.13416449648081222 
6.003398403745503 150.0 4.8 0.42794052974316127 84.0 4.095238095238095 NaN 138.0 2.2 NaN 146.0 4.466666666666667 0.4598692023349557 124.0 4.222222222222222 0.20904599717231714 
7.003398403745503 150.0 4.8 0.42794052974316127 108.0 4.6 0.23115270180328662 135.0 3.0 NaN 146.0 4.466666666666667 0.4598692023349557 120.0 4.222222222222222 NaN 
8.003398403745503 150.0 4.8 0.42794052974316127 125.0 4.6 0.19555769259979786 131.0 2.0 NaN 146.0 4.466666666666667 0.4598692023349557 120.0 4.222222222222222 0.1888322325047921 
9.003398403745503 150.0 4.8 0.42794052974316127 97.0 4.6 0.33558612816616074 132.0 2.0 NaN 146.0 4.466666666666667 0.4598692023349557 120.0 4.222222222222222 0.1888322325047921 
10.003398403745503 150.0 4.8 0.42794052974316127 84.0 4.6 NaN 127.0 2.0 NaN 146.0 4.466666666666667 0.4598692023349557 120.0 4.222222222222222 0.1888322325047921 
11.003398403745503 150.0 4.8 0.42794052974316127 86.0 4.6 NaN 132.0 2.0 0.17652954140567892 146.0 4.466666666666667 0.4598692023349557 120.0 4.222222222222222 0.1888322325047921 
12.003398403745503 150.0 4.8 0.42794052974316127 86.0 4.6 0.3298165701457171 120.0 2.0 0.1774166225303738 146.0 4.466666666666667 0.4598692023349557 120.0 4.222222222222222 0.1888322325047921 
13.003398403745503 150.0 4.8 0.42794052974316127 83.0 4.6 0.3425865009395929 118.0 2.0 NaN 146.0 4.466666666666667 0.4598692023349557 120.0 4.222222222222222 0.1888322325047921 
14.003398403745503 150.0 4.8 0.42794052974316127 101.0 4.285714285714286 0.2595039919958606 117.0 2.0 0.1784312894791315 146.0 4.466666666666667 0.4598692023349557 120.0 4.222222222222222 0.1888322325047921 
15.003398403745503 150.0 4.8 0.42794052974316127 130.0 4.285714285714286 0.21189957334808596 117.0 2.0 0.1784312894791315 146.0 4.466666666666667 0.4598692023349557 120.0 4.222222222222222 0.1888322325047921 
16.003398403745503 150.0 4.8 0.42794052974316127 142.0 4.571428571428571 0.18538225330580876 117.0 2.0 0.1784312894791315 146.0 4.466666666666667 0.4598692023349557 120.0 4.222222222222222 0.1888322325047921 
17.003398403745503 150.0 4.8 0.42794052974316127 134.0 4.476190476190476 0.19773705011247278 117.0 2.0 0.1784312894791315 146.0 4.466666666666667 0.4598692023349557 120.0 4.222222222222222 0.1888322325047921 
18.003398403745503 150.0 4.8 0.42794052974316127 148.0 4.476190476190476 0.16732535980895294 117.0 2.0 0.1784312894791315 146.0 4.466666666666667 0.4598692023349557 120.0 4.222222222222222 0.1888322325047921 
19.003398403745503 150.0 4.8 0.42794052974316127 159.0 4.311111111111111 0.17042444393118472 117.0 2.0 0.1784312894791315 146.0 4.466666666666667 0.4598692023349557 120.0 4.222222222222222 0.1888322325047921 
20.003398403745503 150.0 4.8 0.42794052974316127 143.0 4.321428571428571 0.205160578849892 117.0 2.0 0.1784312894791315 146.0 4.466666666666667 0.4598692023349557 120.0 4.222222222222222 0.1888322325047921 
21.003398403745503 150.0 4.8 0.42794052974316127 143.0 4.321428571428571 0.205160578849892 117.0 2.0 0.1784312894791315 146.0 4.466666666666667 0.4598692023349557 120.0 4.222222222222222 0.1888322325047921 
22.003398403745503 150.0 4.8 0.42794052974316127 143.0 4.321428571428571 0.205160578849892 117.0 2.0 0.1784312894791315 146.0 4.466666666666667 0.4598692023349557 120.0 4.222222222222222 0.1888322325047921 
23.003398403745503 150.0 4.8 0.42794052974316127 143.0 4.321428571428571 0.205160578849892 117.0 2.0 0.1784312894791315 146.0 4.466666666666667 0.4598692023349557 120.0 4.222222222222222 0.1888322325047921 
24.003398403745503 150.0 4.8 0.42794052974316127 143.0 4.321428571428571 0.205160578849892 117.0 2.0 0.1784312894791315 146.0 4.466666666666667 0.4598692023349557 120.0 4.222222222222222 0.1888322325047921 
25.003398403745503 150.0 4.8 0.42794052974316127 143.0 4.321428571428571 0.205160578849892 117.0 2.0 0.1784312894791315 146.0 4.466666666666667 0.4598692023349557 120.0 4.222222222222222 0.1888322325047921 
26.003398403745503 150.0 4.8 0.42794052974316127 143.0 4.321428571428571 0.205160578849892 117.0 2.0 0.1784312894791315 146.0 4.466666666666667 0.4598692023349557 120.0 4.222222222222222 0.1888322325047921 
27.003398403745503 150.0 4.8 0.42794052974316127 143.0 4.321428571428571 0.205160578849892 117.0 2.0 0.1784312894791315 146.0 4.466666666666667 0.4598692023349557 120.0 4.222222222222222 0.1888322325047921 
28.003398403745503 150.0 4.8 0.42794052974316127 143.0 4.321428571428571 0.205160578849892 117.0 2.0 0.1784312894791315 146.0 4.466666666666667 0.4598692023349557 120.0 4.222222222222222 0.1888322325047921 
29.003398403745503 150.0 4.8 0.42794052974316127 143.0 4.321428571428571 0.205160578849892 117.0 2.0 0.1784312894791315 146.0 4.466666666666667 0.4598692023349557 120.0 4.222222222222222 0.1888322325047921 
30.003398403745503 150.0 4.8 0.42794052974316127 143.0 4.321428571428571 0.205160578849892 117.0 2.0 0.1784312894791315 146.0 4.466666666666667 0.4598692023349557 120.0 4.222222222222222 0.1888322325047921 
31.003398403745503 150.0 4.8 0.42794052974316127 143.0 4.321428571428571 0.205160578849892 117.0 2.0 0.1784312894791315 146.0 4.466666666666667 0.4598692023349557 120.0 4.222222222222222 0.1888322325047921 
32.00339840374551 150.0 4.8 0.42794052974316127 143.0 4.321428571428571 0.205160578849892 117.0 2.0 0.1784312894791315 146.0 4.466666666666667 0.4598692023349557 120.0 4.222222222222222 0.1888322325047921 
33.00339840374551 150.0 4.8 0.42794052974316127 143.0 4.321428571428571 0.205160578849892 117.0 2.0 0.1784312894791315 146.0 4.466666666666667 0.4598692023349557 120.0 4.222222222222222 0.1888322325047921 
34.00339840374551 150.0 4.8 0.42794052974316127 143.0 4.321428571428571 0.205160578849892 117.0 2.0 0.1784312894791315 146.0 4.466666666666667 0.4598692023349557 120.0 4.222222222222222 0.1888322325047921 
35.00339840374551 150.0 4.8 0.42794052974316127 143.0 4.321428571428571 0.205160578849892 117.0 2.0 0.1784312894791315 146.0 4.466666666666667 0.4598692023349557 120.0 4.222222222222222 0.1888322325047921 
36.00339840374551 150.0 4.8 0.42794052974316127 143.0 4.321428571428571 0.205160578849892 117.0 2.0 0.1784312894791315 146.0 4.466666666666667 0.4598692023349557 120.0 4.222222222222222 0.1888322325047921 
#####################################################################
# End of data export. Simulation finished at: 2020-09-16T07:04+0000 #
#####################################################################
