#####################################################################
# Alchemist log file - simulation started at: 2020-09-16T23:43+0000 #
#####################################################################
# seed = 75.0, nodeCount = 800, grain = 4, deploymentType = RandomEuclidean
#
# The columns have the following meaning: 
# time leader-random[CountDistinct] HopCountClusterClosestNeighborDistance[leader-random] HopCountClusterIntraDistance[leader-random] leader-pageRank[CountDistinct] HopCountClusterClosestNeighborDistance[leader-pageRank] HopCountClusterIntraDistance[leader-pageRank] leader-harmonic[CountDistinct] HopCountClusterClosestNeighborDistance[leader-harmonic] HopCountClusterIntraDistance[leader-harmonic] leader-closeness[CountDistinct] HopCountClusterClosestNeighborDistance[leader-closeness] HopCountClusterIntraDistance[leader-closeness] leader-degree[CountDistinct] HopCountClusterClosestNeighborDistance[leader-degree] HopCountClusterIntraDistance[leader-degree] 
0.0 NaN NaN NaN NaN NaN NaN NaN NaN NaN NaN NaN NaN NaN NaN NaN 
1.0004625661154796 90.0 NaN 0.7176449869319681 340.0 Infinity 0.38715265535118487 551.0 Infinity 0.17823221847722762 32.0 NaN 1.2932777078051663 354.0 Infinity 0.36567735610443036 
2.0004625661154796 29.0 NaN NaN 37.0 NaN NaN 227.0 Infinity NaN 25.0 NaN NaN 53.0 NaN NaN 
3.0004625661154796 32.0 NaN NaN 20.0 NaN NaN 117.0 Infinity NaN 89.0 NaN NaN 16.0 NaN NaN 
4.00046256611548 61.0 NaN 0.33254354595970503 44.0 Infinity NaN 110.0 NaN NaN 50.0 NaN 0.48507163848466806 34.0 NaN NaN 
5.00046256611548 20.0 NaN 1.406929893099178 55.0 Infinity NaN 132.0 NaN NaN 16.0 NaN NaN 23.0 NaN 0.9307767706874103 
6.00046256611548 15.0 NaN 1.56328747651319 14.0 NaN 1.3766515771899315 100.0 NaN NaN 15.0 NaN NaN 19.0 NaN NaN 
7.00046256611548 15.0 NaN 1.56328747651319 14.0 NaN 1.3149030028555448 124.0 Infinity NaN 16.0 NaN 1.467818876368099 14.0 NaN NaN 
8.00046256611548 15.0 NaN 1.56328747651319 14.0 NaN 1.3149030028555448 71.0 Infinity NaN 14.0 NaN 1.7251263348968753 15.0 NaN 1.1445063286865136 
9.00046256611548 15.0 NaN 1.56328747651319 14.0 NaN 1.3149030028555448 74.0 Infinity NaN 14.0 NaN 1.7251263348968753 13.0 NaN 1.323026227849518 
10.00046256611548 15.0 NaN 1.56328747651319 14.0 NaN 1.3149030028555448 104.0 Infinity NaN 14.0 NaN 1.7251263348968753 13.0 NaN 1.323026227849518 
11.00046256611548 15.0 NaN 1.56328747651319 14.0 NaN 1.3149030028555448 94.0 Infinity NaN 14.0 NaN 1.7251263348968753 13.0 NaN 1.323026227849518 
12.00046256611548 15.0 NaN 1.56328747651319 14.0 NaN 1.3149030028555448 49.0 Infinity NaN 14.0 NaN 1.7251263348968753 13.0 NaN 1.323026227849518 
13.00046256611548 15.0 NaN 1.56328747651319 14.0 NaN 1.3149030028555448 34.0 Infinity NaN 14.0 NaN 1.7251263348968753 13.0 NaN 1.323026227849518 
14.00046256611548 15.0 NaN 1.56328747651319 14.0 NaN 1.3149030028555448 61.0 Infinity NaN 14.0 NaN 1.7251263348968753 13.0 NaN 1.323026227849518 
15.00046256611548 15.0 NaN 1.56328747651319 14.0 NaN 1.3149030028555448 47.0 NaN 0.6263260298410256 14.0 NaN 1.7251263348968753 13.0 NaN 1.323026227849518 
16.00046256611548 15.0 NaN 1.56328747651319 14.0 NaN 1.3149030028555448 25.0 NaN NaN 14.0 NaN 1.7251263348968753 13.0 NaN 1.323026227849518 
17.00046256611548 15.0 NaN 1.56328747651319 14.0 NaN 1.3149030028555448 50.0 Infinity NaN 14.0 NaN 1.7251263348968753 13.0 NaN 1.323026227849518 
18.00046256611548 15.0 NaN 1.56328747651319 14.0 NaN 1.3149030028555448 23.0 NaN 1.4338262113204403 14.0 NaN 1.7251263348968753 13.0 NaN 1.323026227849518 
19.00046256611548 15.0 NaN 1.56328747651319 14.0 NaN 1.3149030028555448 16.0 NaN 1.825279155834719 14.0 NaN 1.7251263348968753 13.0 NaN 1.323026227849518 
20.00046256611548 15.0 NaN 1.56328747651319 14.0 NaN 1.3149030028555448 17.0 NaN NaN 14.0 NaN 1.7251263348968753 13.0 NaN 1.323026227849518 
21.00046256611548 15.0 NaN 1.56328747651319 14.0 NaN 1.3149030028555448 33.0 NaN 0.7738379206556955 14.0 NaN 1.7251263348968753 13.0 NaN 1.323026227849518 
22.00046256611548 15.0 NaN 1.56328747651319 14.0 NaN 1.3149030028555448 19.0 NaN 1.4935956867528746 14.0 NaN 1.7251263348968753 13.0 NaN 1.323026227849518 
23.00046256611548 15.0 NaN 1.56328747651319 14.0 NaN 1.3149030028555448 16.0 NaN 1.7765962669079276 14.0 NaN 1.7251263348968753 13.0 NaN 1.323026227849518 
24.00046256611548 15.0 NaN 1.56328747651319 14.0 NaN 1.3149030028555448 16.0 NaN 1.7140962669079276 14.0 NaN 1.7251263348968753 13.0 NaN 1.323026227849518 
25.00046256611548 15.0 NaN 1.56328747651319 14.0 NaN 1.3149030028555448 16.0 NaN 1.7140962669079276 14.0 NaN 1.7251263348968753 13.0 NaN 1.323026227849518 
26.00046256611548 15.0 NaN 1.56328747651319 14.0 NaN 1.3149030028555448 16.0 NaN 1.7140962669079276 14.0 NaN 1.7251263348968753 13.0 NaN 1.323026227849518 
27.00046256611548 15.0 NaN 1.56328747651319 14.0 NaN 1.3149030028555448 16.0 NaN 1.7140962669079276 14.0 NaN 1.7251263348968753 13.0 NaN 1.323026227849518 
28.00046256611548 15.0 NaN 1.56328747651319 14.0 NaN 1.3149030028555448 16.0 NaN 1.7140962669079276 14.0 NaN 1.7251263348968753 13.0 NaN 1.323026227849518 
29.00046256611548 15.0 NaN 1.56328747651319 14.0 NaN 1.3149030028555448 16.0 NaN 1.7140962669079276 14.0 NaN 1.7251263348968753 13.0 NaN 1.323026227849518 
30.00046256611548 15.0 NaN 1.56328747651319 14.0 NaN 1.3149030028555448 16.0 NaN 1.7140962669079276 14.0 NaN 1.7251263348968753 13.0 NaN 1.323026227849518 
31.00046256611548 15.0 NaN 1.56328747651319 14.0 NaN 1.3149030028555448 16.0 NaN 1.7140962669079276 14.0 NaN 1.7251263348968753 13.0 NaN 1.323026227849518 
32.00046256611548 15.0 NaN 1.56328747651319 14.0 NaN 1.3149030028555448 16.0 NaN 1.7140962669079276 14.0 NaN 1.7251263348968753 13.0 NaN 1.323026227849518 
33.00046256611548 15.0 NaN 1.56328747651319 14.0 NaN 1.3149030028555448 16.0 NaN 1.7140962669079276 14.0 NaN 1.7251263348968753 13.0 NaN 1.323026227849518 
34.00046256611548 15.0 NaN 1.56328747651319 14.0 NaN 1.3149030028555448 16.0 NaN 1.7140962669079276 14.0 NaN 1.7251263348968753 13.0 NaN 1.323026227849518 
35.00046256611548 15.0 NaN 1.56328747651319 14.0 NaN 1.3149030028555448 16.0 NaN 1.7140962669079276 14.0 NaN 1.7251263348968753 13.0 NaN 1.323026227849518 
36.00046256611548 15.0 NaN 1.56328747651319 14.0 NaN 1.3149030028555448 16.0 NaN 1.7140962669079276 14.0 NaN 1.7251263348968753 13.0 NaN 1.323026227849518 
37.00046256611548 15.0 NaN 1.56328747651319 14.0 NaN 1.3149030028555448 16.0 NaN 1.7140962669079276 14.0 NaN 1.7251263348968753 13.0 NaN 1.323026227849518 
38.00046256611548 15.0 NaN 1.56328747651319 14.0 NaN 1.3149030028555448 16.0 NaN 1.7140962669079276 14.0 NaN 1.7251263348968753 13.0 NaN 1.323026227849518 
39.00046256611548 15.0 NaN 1.56328747651319 14.0 NaN 1.3149030028555448 16.0 NaN 1.7140962669079276 14.0 NaN 1.7251263348968753 13.0 NaN 1.323026227849518 
40.00046256611548 15.0 NaN 1.56328747651319 14.0 NaN 1.3149030028555448 16.0 NaN 1.7140962669079276 14.0 NaN 1.7251263348968753 13.0 NaN 1.323026227849518 
41.00046256611548 15.0 NaN 1.56328747651319 14.0 NaN 1.3149030028555448 16.0 NaN 1.7140962669079276 14.0 NaN 1.7251263348968753 13.0 NaN 1.323026227849518 
42.00046256611548 15.0 NaN 1.56328747651319 14.0 NaN 1.3149030028555448 16.0 NaN 1.7140962669079276 14.0 NaN 1.7251263348968753 13.0 NaN 1.323026227849518 
43.00046256611548 15.0 NaN 1.56328747651319 14.0 NaN 1.3149030028555448 16.0 NaN 1.7140962669079276 14.0 NaN 1.7251263348968753 13.0 NaN 1.323026227849518 
44.00046256611548 15.0 NaN 1.56328747651319 14.0 NaN 1.3149030028555448 16.0 NaN 1.7140962669079276 14.0 NaN 1.7251263348968753 13.0 NaN 1.323026227849518 
45.00046256611548 15.0 NaN 1.56328747651319 14.0 NaN 1.3149030028555448 16.0 NaN 1.7140962669079276 14.0 NaN 1.7251263348968753 13.0 NaN 1.323026227849518 
46.00046256611548 15.0 NaN 1.56328747651319 14.0 NaN 1.3149030028555448 16.0 NaN 1.7140962669079276 14.0 NaN 1.7251263348968753 13.0 NaN 1.323026227849518 
47.00046256611548 15.0 NaN 1.56328747651319 14.0 NaN 1.3149030028555448 16.0 NaN 1.7140962669079276 14.0 NaN 1.7251263348968753 13.0 NaN 1.323026227849518 
48.00046256611548 15.0 NaN 1.56328747651319 14.0 NaN 1.3149030028555448 16.0 NaN 1.7140962669079276 14.0 NaN 1.7251263348968753 13.0 NaN 1.323026227849518 
#####################################################################
# End of data export. Simulation finished at: 2020-09-17T11:13+0000 #
#####################################################################
