#####################################################################
# Alchemist log file - simulation started at: 2020-09-15T19:08+0000 #
#####################################################################
# seed = 7.0, nodeCount = 400, grain = 5, deploymentType = RandomEuclidean
#
# The columns have the following meaning: 
# time leader-random[CountDistinct] HopCountClusterClosestNeighborDistance[leader-random] HopCountClusterIntraDistance[leader-random] leader-pageRank[CountDistinct] HopCountClusterClosestNeighborDistance[leader-pageRank] HopCountClusterIntraDistance[leader-pageRank] leader-harmonic[CountDistinct] HopCountClusterClosestNeighborDistance[leader-harmonic] HopCountClusterIntraDistance[leader-harmonic] leader-closeness[CountDistinct] HopCountClusterClosestNeighborDistance[leader-closeness] HopCountClusterIntraDistance[leader-closeness] leader-degree[CountDistinct] HopCountClusterClosestNeighborDistance[leader-degree] HopCountClusterIntraDistance[leader-degree] 
0.0 NaN NaN NaN NaN NaN NaN NaN NaN NaN NaN NaN NaN NaN NaN NaN 
1.001616958347866 82.0 NaN 0.5889942248160699 247.0 3.6923076923076925 0.22430521570197678 324.0 3.6666666666666665 0.09866255144032923 38.0 NaN 1.1441222276108014 243.0 3.641025641025641 0.23716365938588155 
2.0016169583478662 18.0 NaN NaN 42.0 4.0 NaN 161.0 4.333333333333333 NaN 14.0 NaN NaN 56.0 4.0 NaN 
3.0016169583478662 23.0 NaN NaN 16.0 NaN NaN 84.0 4.321428571428571 NaN 25.0 NaN NaN 21.0 NaN NaN 
4.001616958347866 44.0 2.0 NaN 37.0 5.333333333333333 NaN 78.0 3.3333333333333335 NaN 59.0 3.6666666666666665 NaN 29.0 1.0 NaN 
5.001616958347866 36.0 NaN 0.6431424153985129 102.0 4.166666666666667 0.20823721971282655 71.0 3.2 NaN 43.0 4.666666666666667 NaN 47.0 4.0 NaN 
6.001616958347866 22.0 NaN 1.0416133189351413 55.0 4.6 NaN 73.0 3.4 NaN 23.0 4.666666666666667 NaN 71.0 4.666666666666667 NaN 
7.001616958347866 10.0 NaN 1.9478263634513637 27.0 NaN NaN 29.0 4.0 NaN 14.0 6.0 1.3997167443306655 24.0 NaN NaN 
8.001616958347867 10.0 NaN 1.9866247666706385 9.0 NaN NaN 18.0 NaN NaN 14.0 6.0 1.3997167443306655 11.0 NaN 1.4709544382490307 
9.001616958347867 10.0 NaN 1.9866247666706385 15.0 NaN NaN 18.0 NaN NaN 14.0 6.0 1.3997167443306655 9.0 NaN 1.7041674215547187 
10.001616958347867 10.0 NaN 1.9866247666706385 27.0 NaN 0.6481367407614113 18.0 NaN NaN 14.0 6.0 1.3997167443306655 9.0 NaN 1.7041674215547187 
11.001616958347867 10.0 NaN 1.9866247666706385 31.0 4.0 0.5012957480978804 11.0 NaN 1.6697238581309037 14.0 6.0 1.3997167443306655 9.0 NaN 1.7041674215547187 
12.001616958347867 10.0 NaN 1.9866247666706385 16.0 4.0 1.0858438452729764 10.0 NaN 1.8426732554382472 14.0 6.0 1.3997167443306655 9.0 NaN 1.7041674215547187 
13.001616958347867 10.0 NaN 1.9866247666706385 13.0 4.0 1.6159103736693043 10.0 NaN 1.8426732554382472 14.0 6.0 1.3997167443306655 9.0 NaN 1.7041674215547187 
14.001616958347867 10.0 NaN 1.9866247666706385 11.0 NaN NaN 10.0 NaN 1.8426732554382472 14.0 6.0 1.3997167443306655 9.0 NaN 1.7041674215547187 
15.001616958347867 10.0 NaN 1.9866247666706385 13.0 NaN NaN 10.0 NaN 1.8426732554382472 14.0 6.0 1.3997167443306655 9.0 NaN 1.7041674215547187 
16.001616958347867 10.0 NaN 1.9866247666706385 14.0 NaN 1.2921548707881636 10.0 NaN 1.8426732554382472 14.0 6.0 1.3997167443306655 9.0 NaN 1.7041674215547187 
17.001616958347867 10.0 NaN 1.9866247666706385 12.0 NaN 1.6325140159195242 10.0 NaN 1.8426732554382472 14.0 6.0 1.3997167443306655 9.0 NaN 1.7041674215547187 
18.001616958347867 10.0 NaN 1.9866247666706385 11.0 NaN 1.6900152900940264 10.0 NaN 1.8426732554382472 14.0 6.0 1.3997167443306655 9.0 NaN 1.7041674215547187 
19.001616958347867 10.0 NaN 1.9866247666706385 11.0 NaN 1.6900152900940264 10.0 NaN 1.8426732554382472 14.0 6.0 1.3997167443306655 9.0 NaN 1.7041674215547187 
20.001616958347867 10.0 NaN 1.9866247666706385 11.0 NaN 1.6900152900940264 10.0 NaN 1.8426732554382472 14.0 6.0 1.3997167443306655 9.0 NaN 1.7041674215547187 
21.001616958347867 10.0 NaN 1.9866247666706385 11.0 NaN 1.6900152900940264 10.0 NaN 1.8426732554382472 14.0 6.0 1.3997167443306655 9.0 NaN 1.7041674215547187 
22.001616958347867 10.0 NaN 1.9866247666706385 11.0 NaN 1.6900152900940264 10.0 NaN 1.8426732554382472 14.0 6.0 1.3997167443306655 9.0 NaN 1.7041674215547187 
23.001616958347867 10.0 NaN 1.9866247666706385 11.0 NaN 1.6900152900940264 10.0 NaN 1.8426732554382472 14.0 6.0 1.3997167443306655 9.0 NaN 1.7041674215547187 
24.001616958347867 10.0 NaN 1.9866247666706385 11.0 NaN 1.6900152900940264 10.0 NaN 1.8426732554382472 14.0 6.0 1.3997167443306655 9.0 NaN 1.7041674215547187 
25.001616958347867 10.0 NaN 1.9866247666706385 11.0 NaN 1.6900152900940264 10.0 NaN 1.8426732554382472 14.0 6.0 1.3997167443306655 9.0 NaN 1.7041674215547187 
26.001616958347867 10.0 NaN 1.9866247666706385 11.0 NaN 1.6900152900940264 10.0 NaN 1.8426732554382472 14.0 6.0 1.3997167443306655 9.0 NaN 1.7041674215547187 
27.001616958347867 10.0 NaN 1.9866247666706385 11.0 NaN 1.6900152900940264 10.0 NaN 1.8426732554382472 14.0 6.0 1.3997167443306655 9.0 NaN 1.7041674215547187 
28.001616958347867 10.0 NaN 1.9866247666706385 11.0 NaN 1.6900152900940264 10.0 NaN 1.8426732554382472 14.0 6.0 1.3997167443306655 9.0 NaN 1.7041674215547187 
29.001616958347867 10.0 NaN 1.9866247666706385 11.0 NaN 1.6900152900940264 10.0 NaN 1.8426732554382472 14.0 6.0 1.3997167443306655 9.0 NaN 1.7041674215547187 
30.001616958347867 10.0 NaN 1.9866247666706385 11.0 NaN 1.6900152900940264 10.0 NaN 1.8426732554382472 14.0 6.0 1.3997167443306655 9.0 NaN 1.7041674215547187 
31.001616958347867 10.0 NaN 1.9866247666706385 11.0 NaN 1.6900152900940264 10.0 NaN 1.8426732554382472 14.0 6.0 1.3997167443306655 9.0 NaN 1.7041674215547187 
32.00161695834787 10.0 NaN 1.9866247666706385 11.0 NaN 1.6900152900940264 10.0 NaN 1.8426732554382472 14.0 6.0 1.3997167443306655 9.0 NaN 1.7041674215547187 
33.00161695834787 10.0 NaN 1.9866247666706385 11.0 NaN 1.6900152900940264 10.0 NaN 1.8426732554382472 14.0 6.0 1.3997167443306655 9.0 NaN 1.7041674215547187 
34.00161695834787 10.0 NaN 1.9866247666706385 11.0 NaN 1.6900152900940264 10.0 NaN 1.8426732554382472 14.0 6.0 1.3997167443306655 9.0 NaN 1.7041674215547187 
35.00161695834787 10.0 NaN 1.9866247666706385 11.0 NaN 1.6900152900940264 10.0 NaN 1.8426732554382472 14.0 6.0 1.3997167443306655 9.0 NaN 1.7041674215547187 
36.00161695834787 10.0 NaN 1.9866247666706385 11.0 NaN 1.6900152900940264 10.0 NaN 1.8426732554382472 14.0 6.0 1.3997167443306655 9.0 NaN 1.7041674215547187 
37.00161695834787 10.0 NaN 1.9866247666706385 11.0 NaN 1.6900152900940264 10.0 NaN 1.8426732554382472 14.0 6.0 1.3997167443306655 9.0 NaN 1.7041674215547187 
38.00161695834787 10.0 NaN 1.9866247666706385 11.0 NaN 1.6900152900940264 10.0 NaN 1.8426732554382472 14.0 6.0 1.3997167443306655 9.0 NaN 1.7041674215547187 
39.00161695834787 10.0 NaN 1.9866247666706385 11.0 NaN 1.6900152900940264 10.0 NaN 1.8426732554382472 14.0 6.0 1.3997167443306655 9.0 NaN 1.7041674215547187 
40.00161695834787 10.0 NaN 1.9866247666706385 11.0 NaN 1.6900152900940264 10.0 NaN 1.8426732554382472 14.0 6.0 1.3997167443306655 9.0 NaN 1.7041674215547187 
41.00161695834787 10.0 NaN 1.9866247666706385 11.0 NaN 1.6900152900940264 10.0 NaN 1.8426732554382472 14.0 6.0 1.3997167443306655 9.0 NaN 1.7041674215547187 
42.00161695834787 10.0 NaN 1.9866247666706385 11.0 NaN 1.6900152900940264 10.0 NaN 1.8426732554382472 14.0 6.0 1.3997167443306655 9.0 NaN 1.7041674215547187 
#####################################################################
# End of data export. Simulation finished at: 2020-09-15T19:19+0000 #
#####################################################################
