#####################################################################
# Alchemist log file - simulation started at: 2020-09-18T20:33+0000 #
#####################################################################
# seed = 139.0, nodeCount = 100, grain = 7, deploymentType = Lobster
#
# The columns have the following meaning: 
# time leader-random[CountDistinct] HopCountClusterClosestNeighborDistance[leader-random] HopCountClusterIntraDistance[leader-random] leader-pageRank[CountDistinct] HopCountClusterClosestNeighborDistance[leader-pageRank] HopCountClusterIntraDistance[leader-pageRank] leader-harmonic[CountDistinct] HopCountClusterClosestNeighborDistance[leader-harmonic] HopCountClusterIntraDistance[leader-harmonic] leader-closeness[CountDistinct] HopCountClusterClosestNeighborDistance[leader-closeness] HopCountClusterIntraDistance[leader-closeness] leader-degree[CountDistinct] HopCountClusterClosestNeighborDistance[leader-degree] HopCountClusterIntraDistance[leader-degree] 
0.0 NaN NaN NaN NaN NaN NaN NaN NaN NaN NaN NaN NaN NaN NaN NaN 
1.0103547104635926 69.0 Infinity 0.17995169082125603 87.0 Infinity 0.046934865900383135 95.0 Infinity 0.022807017543859647 37.0 Infinity 0.5265765765765765 90.0 Infinity 0.03796296296296296 
2.0103547104635924 18.0 Infinity NaN 24.0 Infinity NaN 29.0 Infinity 0.7704022988505747 13.0 NaN 0.8703296703296703 24.0 Infinity 0.8417735042735042 
3.0103547104635924 7.0 Infinity NaN 11.0 Infinity NaN 11.0 Infinity NaN 23.0 Infinity 0.3433667781493869 7.0 Infinity NaN 
4.010354710463592 15.0 Infinity NaN 16.0 Infinity 0.49247685185185186 5.0 Infinity NaN 5.0 NaN 1.4894505494505494 3.0 Infinity NaN 
5.010354710463592 19.0 Infinity NaN 5.0 Infinity 1.6646296296296295 3.0 Infinity NaN 9.0 NaN 0.8380952380952381 2.0 Infinity NaN 
6.010354710463592 17.0 Infinity 0.2898134863701578 3.0 Infinity 2.166923076923077 1.0 NaN 3.03 18.0 Infinity 0.41904761904761906 1.0 NaN 3.03 
7.010354710463592 16.0 Infinity 0.31834349593495936 3.0 Infinity NaN 1.0 NaN 3.03 16.0 Infinity 0.5339285714285714 1.0 NaN 3.03 
8.010354710463591 16.0 Infinity 0.31834349593495936 3.0 Infinity NaN 1.0 NaN 3.03 11.0 Infinity 0.9054112554112553 1.0 NaN 3.03 
9.010354710463591 16.0 Infinity 0.31834349593495936 2.0 Infinity 2.513157894736842 1.0 NaN 3.03 11.0 Infinity 0.9054112554112553 1.0 NaN 3.03 
10.010354710463591 16.0 Infinity 0.31834349593495936 2.0 Infinity 2.513157894736842 1.0 NaN 3.03 11.0 Infinity 0.9054112554112553 1.0 NaN 3.03 
11.010354710463591 16.0 Infinity 0.31834349593495936 2.0 Infinity 2.5486778846153846 1.0 NaN 3.03 11.0 Infinity 0.9054112554112553 1.0 NaN 3.03 
12.010354710463591 16.0 Infinity 0.31834349593495936 2.0 Infinity 2.747395833333333 1.0 NaN 3.03 11.0 Infinity 0.9054112554112553 1.0 NaN 3.03 
13.010354710463591 16.0 Infinity 0.31834349593495936 2.0 Infinity 2.747395833333333 1.0 NaN 3.03 11.0 Infinity 0.9054112554112553 1.0 NaN 3.03 
14.010354710463591 16.0 Infinity 0.31834349593495936 2.0 Infinity 2.747395833333333 1.0 NaN 3.03 11.0 Infinity 0.9054112554112553 1.0 NaN 3.03 
15.010354710463591 16.0 Infinity 0.31834349593495936 2.0 Infinity 2.747395833333333 1.0 NaN 3.03 11.0 Infinity 0.9054112554112553 1.0 NaN 3.03 
16.01035471046359 16.0 Infinity 0.31834349593495936 2.0 Infinity 2.9675000000000002 1.0 NaN 3.03 11.0 Infinity 0.9054112554112553 1.0 NaN 3.03 
17.01035471046359 16.0 Infinity 0.31834349593495936 2.0 Infinity NaN 1.0 NaN 3.03 11.0 Infinity 0.9054112554112553 1.0 NaN 3.03 
18.01035471046359 16.0 Infinity 0.31834349593495936 4.0 Infinity NaN 1.0 NaN 3.03 11.0 Infinity 0.9054112554112553 1.0 NaN 3.03 
19.01035471046359 16.0 Infinity 0.31834349593495936 17.0 Infinity NaN 1.0 NaN 3.03 11.0 Infinity 0.9054112554112553 1.0 NaN 3.03 
20.01035471046359 16.0 Infinity 0.31834349593495936 20.0 Infinity 0.22312500000000002 1.0 NaN 3.03 11.0 Infinity 0.9054112554112553 1.0 NaN 3.03 
21.01035471046359 16.0 Infinity 0.31834349593495936 13.0 Infinity 0.49455128205128207 1.0 NaN 3.03 11.0 Infinity 0.9054112554112553 1.0 NaN 3.03 
22.01035471046359 16.0 Infinity 0.31834349593495936 12.0 Infinity 0.5524305555555556 1.0 NaN 3.03 11.0 Infinity 0.9054112554112553 1.0 NaN 3.03 
23.01035471046359 16.0 Infinity 0.31834349593495936 12.0 Infinity 0.5524305555555556 1.0 NaN 3.03 11.0 Infinity 0.9054112554112553 1.0 NaN 3.03 
24.01035471046359 16.0 Infinity 0.31834349593495936 12.0 Infinity 0.5524305555555556 1.0 NaN 3.03 11.0 Infinity 0.9054112554112553 1.0 NaN 3.03 
25.01035471046359 16.0 Infinity 0.31834349593495936 12.0 Infinity 0.5524305555555556 1.0 NaN 3.03 11.0 Infinity 0.9054112554112553 1.0 NaN 3.03 
26.01035471046359 16.0 Infinity 0.31834349593495936 12.0 Infinity 0.5524305555555556 1.0 NaN 3.03 11.0 Infinity 0.9054112554112553 1.0 NaN 3.03 
27.01035471046359 16.0 Infinity 0.31834349593495936 12.0 Infinity 0.5524305555555556 1.0 NaN 3.03 11.0 Infinity 0.9054112554112553 1.0 NaN 3.03 
28.01035471046359 16.0 Infinity 0.31834349593495936 12.0 Infinity 0.5524305555555556 1.0 NaN 3.03 11.0 Infinity 0.9054112554112553 1.0 NaN 3.03 
29.01035471046359 16.0 Infinity 0.31834349593495936 12.0 Infinity 0.5524305555555556 1.0 NaN 3.03 11.0 Infinity 0.9054112554112553 1.0 NaN 3.03 
30.01035471046359 16.0 Infinity 0.31834349593495936 12.0 Infinity 0.5524305555555556 1.0 NaN 3.03 11.0 Infinity 0.9054112554112553 1.0 NaN 3.03 
31.01035471046359 16.0 Infinity 0.31834349593495936 12.0 Infinity 0.5524305555555556 1.0 NaN 3.03 11.0 Infinity 0.9054112554112553 1.0 NaN 3.03 
32.01035471046359 16.0 Infinity 0.31834349593495936 12.0 Infinity 0.5524305555555556 1.0 NaN 3.03 11.0 Infinity 0.9054112554112553 1.0 NaN 3.03 
33.01035471046359 16.0 Infinity 0.31834349593495936 12.0 Infinity 0.5524305555555556 1.0 NaN 3.03 11.0 Infinity 0.9054112554112553 1.0 NaN 3.03 
#####################################################################
# End of data export. Simulation finished at: 2020-09-18T20:34+0000 #
#####################################################################
