#####################################################################
# Alchemist log file - simulation started at: 2020-09-15T22:48+0000 #
#####################################################################
# seed = 24.0, nodeCount = 400, grain = 10, deploymentType = RandomEuclidean
#
# The columns have the following meaning: 
# time leader-random[CountDistinct] HopCountClusterClosestNeighborDistance[leader-random] HopCountClusterIntraDistance[leader-random] leader-pageRank[CountDistinct] HopCountClusterClosestNeighborDistance[leader-pageRank] HopCountClusterIntraDistance[leader-pageRank] leader-harmonic[CountDistinct] HopCountClusterClosestNeighborDistance[leader-harmonic] HopCountClusterIntraDistance[leader-harmonic] leader-closeness[CountDistinct] HopCountClusterClosestNeighborDistance[leader-closeness] HopCountClusterIntraDistance[leader-closeness] leader-degree[CountDistinct] HopCountClusterClosestNeighborDistance[leader-degree] HopCountClusterIntraDistance[leader-degree] 
0.0 NaN NaN NaN NaN NaN NaN NaN NaN NaN NaN NaN NaN NaN NaN NaN 
1.005146584556465 84.0 3.466666666666667 0.606741500151965 261.0 3.9415204678362574 0.21080550994344094 328.0 3.6103896103896105 0.09745934959349595 38.0 4.0 1.1267324581418319 248.0 3.676190476190476 0.24671658986175105 
2.0051465845564653 16.0 3.0 NaN 41.0 1.0 NaN 151.0 3.606060606060606 NaN 6.0 NaN NaN 47.0 4.0 NaN 
3.0051465845564653 6.0 NaN NaN 12.0 NaN NaN 58.0 3.8 NaN 4.0 NaN NaN 12.0 3.0 NaN 
4.005146584556465 6.0 NaN NaN 4.0 NaN NaN 14.0 3.0 NaN 3.0 NaN NaN 3.0 NaN NaN 
5.005146584556465 4.0 NaN NaN 4.0 NaN NaN 7.0 NaN NaN 4.0 NaN NaN 2.0 NaN NaN 
6.005146584556465 8.0 NaN NaN 3.0 NaN NaN 5.0 NaN NaN 12.0 NaN NaN 2.0 NaN NaN 
7.005146584556465 27.0 NaN NaN 3.0 NaN NaN 4.0 NaN NaN 12.0 NaN 0.9809002482326911 2.0 NaN NaN 
8.005146584556465 51.0 2.6666666666666665 NaN 3.0 NaN NaN 3.0 NaN 1.6993299832495812 5.0 NaN 2.7927320243298874 5.0 4.0 NaN 
9.005146584556465 22.0 3.0 NaN 3.0 NaN NaN 2.0 NaN 3.0538847117794488 4.0 NaN 3.2677007446980735 6.0 4.0 0.9754028837998304 
10.005146584556465 32.0 3.0 NaN 8.0 NaN NaN 2.0 NaN 2.5538847117794488 4.0 NaN 3.2677007446980735 3.0 5.0 2.006361323155216 
11.005146584556465 14.0 5.0 NaN 12.0 NaN 0.8593401869611547 2.0 NaN 2.5538847117794488 4.0 NaN 3.2677007446980735 2.0 NaN 3.0928753180661577 
12.005146584556465 4.0 NaN NaN 4.0 NaN 3.003020560883464 2.0 NaN 2.5538847117794488 4.0 NaN 3.2677007446980735 2.0 NaN 3.0928753180661577 
13.005146584556465 3.0 NaN 4.056521739130435 3.0 NaN 3.6949365054203764 2.0 NaN 2.5538847117794488 4.0 NaN 3.2677007446980735 2.0 NaN 3.0928753180661577 
14.005146584556465 2.0 NaN 5.03693314633006 3.0 NaN 3.6949365054203764 2.0 NaN 2.5538847117794488 4.0 NaN 3.2677007446980735 2.0 NaN 3.0928753180661577 
15.005146584556465 2.0 NaN 5.03693314633006 3.0 NaN 3.6949365054203764 2.0 NaN 2.5538847117794488 4.0 NaN 3.2677007446980735 2.0 NaN 3.0928753180661577 
16.005146584556464 2.0 NaN 5.03693314633006 3.0 NaN 3.6949365054203764 2.0 NaN 2.5538847117794488 4.0 NaN 3.2677007446980735 2.0 NaN 3.0928753180661577 
17.005146584556464 2.0 NaN 5.03693314633006 3.0 NaN 3.6949365054203764 2.0 NaN 2.5538847117794488 4.0 NaN 3.2677007446980735 2.0 NaN 3.0928753180661577 
18.005146584556464 2.0 NaN 5.03693314633006 3.0 NaN 3.6949365054203764 2.0 NaN 2.5538847117794488 4.0 NaN 3.2677007446980735 2.0 NaN 3.0928753180661577 
19.005146584556464 2.0 NaN 5.03693314633006 3.0 NaN 3.6949365054203764 2.0 NaN 2.5538847117794488 4.0 NaN 3.2677007446980735 2.0 NaN 3.0928753180661577 
20.005146584556464 2.0 NaN 5.03693314633006 3.0 NaN 3.6949365054203764 2.0 NaN 2.5538847117794488 4.0 NaN 3.2677007446980735 2.0 NaN 3.0928753180661577 
21.005146584556464 2.0 NaN 5.03693314633006 3.0 NaN 3.6949365054203764 2.0 NaN 2.5538847117794488 4.0 NaN 3.2677007446980735 2.0 NaN 3.0928753180661577 
22.005146584556464 2.0 NaN 5.03693314633006 3.0 NaN 3.6949365054203764 2.0 NaN 2.5538847117794488 4.0 NaN 3.2677007446980735 2.0 NaN 3.0928753180661577 
23.005146584556464 2.0 NaN 5.03693314633006 3.0 NaN 3.6949365054203764 2.0 NaN 2.5538847117794488 4.0 NaN 3.2677007446980735 2.0 NaN 3.0928753180661577 
24.005146584556464 2.0 NaN 5.03693314633006 3.0 NaN 3.6949365054203764 2.0 NaN 2.5538847117794488 4.0 NaN 3.2677007446980735 2.0 NaN 3.0928753180661577 
25.005146584556464 2.0 NaN 5.03693314633006 3.0 NaN 3.6949365054203764 2.0 NaN 2.5538847117794488 4.0 NaN 3.2677007446980735 2.0 NaN 3.0928753180661577 
26.005146584556464 2.0 NaN 5.03693314633006 3.0 NaN 3.6949365054203764 2.0 NaN 2.5538847117794488 4.0 NaN 3.2677007446980735 2.0 NaN 3.0928753180661577 
27.005146584556464 2.0 NaN 5.03693314633006 3.0 NaN 3.6949365054203764 2.0 NaN 2.5538847117794488 4.0 NaN 3.2677007446980735 2.0 NaN 3.0928753180661577 
28.005146584556464 2.0 NaN 5.03693314633006 3.0 NaN 3.6949365054203764 2.0 NaN 2.5538847117794488 4.0 NaN 3.2677007446980735 2.0 NaN 3.0928753180661577 
29.005146584556464 2.0 NaN 5.03693314633006 3.0 NaN 3.6949365054203764 2.0 NaN 2.5538847117794488 4.0 NaN 3.2677007446980735 2.0 NaN 3.0928753180661577 
30.005146584556464 2.0 NaN 5.03693314633006 3.0 NaN 3.6949365054203764 2.0 NaN 2.5538847117794488 4.0 NaN 3.2677007446980735 2.0 NaN 3.0928753180661577 
31.005146584556464 2.0 NaN 5.03693314633006 3.0 NaN 3.6949365054203764 2.0 NaN 2.5538847117794488 4.0 NaN 3.2677007446980735 2.0 NaN 3.0928753180661577 
32.00514658455646 2.0 NaN 5.03693314633006 3.0 NaN 3.6949365054203764 2.0 NaN 2.5538847117794488 4.0 NaN 3.2677007446980735 2.0 NaN 3.0928753180661577 
33.00514658455646 2.0 NaN 5.03693314633006 3.0 NaN 3.6949365054203764 2.0 NaN 2.5538847117794488 4.0 NaN 3.2677007446980735 2.0 NaN 3.0928753180661577 
34.00514658455646 2.0 NaN 5.03693314633006 3.0 NaN 3.6949365054203764 2.0 NaN 2.5538847117794488 4.0 NaN 3.2677007446980735 2.0 NaN 3.0928753180661577 
35.00514658455646 2.0 NaN 5.03693314633006 3.0 NaN 3.6949365054203764 2.0 NaN 2.5538847117794488 4.0 NaN 3.2677007446980735 2.0 NaN 3.0928753180661577 
36.00514658455646 2.0 NaN 5.03693314633006 3.0 NaN 3.6949365054203764 2.0 NaN 2.5538847117794488 4.0 NaN 3.2677007446980735 2.0 NaN 3.0928753180661577 
37.00514658455646 2.0 NaN 5.03693314633006 3.0 NaN 3.6949365054203764 2.0 NaN 2.5538847117794488 4.0 NaN 3.2677007446980735 2.0 NaN 3.0928753180661577 
38.00514658455646 2.0 NaN 5.03693314633006 3.0 NaN 3.6949365054203764 2.0 NaN 2.5538847117794488 4.0 NaN 3.2677007446980735 2.0 NaN 3.0928753180661577 
39.00514658455646 2.0 NaN 5.03693314633006 3.0 NaN 3.6949365054203764 2.0 NaN 2.5538847117794488 4.0 NaN 3.2677007446980735 2.0 NaN 3.0928753180661577 
40.00514658455646 2.0 NaN 5.03693314633006 3.0 NaN 3.6949365054203764 2.0 NaN 2.5538847117794488 4.0 NaN 3.2677007446980735 2.0 NaN 3.0928753180661577 
41.00514658455646 2.0 NaN 5.03693314633006 3.0 NaN 3.6949365054203764 2.0 NaN 2.5538847117794488 4.0 NaN 3.2677007446980735 2.0 NaN 3.0928753180661577 
42.00514658455646 2.0 NaN 5.03693314633006 3.0 NaN 3.6949365054203764 2.0 NaN 2.5538847117794488 4.0 NaN 3.2677007446980735 2.0 NaN 3.0928753180661577 
#####################################################################
# End of data export. Simulation finished at: 2020-09-15T23:09+0000 #
#####################################################################
