#####################################################################
# Alchemist log file - simulation started at: 2020-09-15T21:31+0000 #
#####################################################################
# seed = 19.0, nodeCount = 400, grain = 6, deploymentType = Lobster
#
# The columns have the following meaning: 
# time leader-random[CountDistinct] HopCountClusterClosestNeighborDistance[leader-random] HopCountClusterIntraDistance[leader-random] leader-pageRank[CountDistinct] HopCountClusterClosestNeighborDistance[leader-pageRank] HopCountClusterIntraDistance[leader-pageRank] leader-harmonic[CountDistinct] HopCountClusterClosestNeighborDistance[leader-harmonic] HopCountClusterIntraDistance[leader-harmonic] leader-closeness[CountDistinct] HopCountClusterClosestNeighborDistance[leader-closeness] HopCountClusterIntraDistance[leader-closeness] leader-degree[CountDistinct] HopCountClusterClosestNeighborDistance[leader-degree] HopCountClusterIntraDistance[leader-degree] 
0.0 NaN NaN NaN NaN NaN NaN NaN NaN NaN NaN NaN NaN NaN NaN NaN 
1.004337754240159 228.0 4.5 0.18673308003294153 292.0 3.588744588744589 0.0786312241791694 313.0 3.588744588744589 0.06497794005781228 171.0 4.333333333333333 0.3482108047897521 296.0 3.588744588744589 0.0854890604890605 
2.004337754240159 55.0 4.0 NaN 95.0 3.1619047619047618 NaN 75.0 3.225 0.7915557335910276 58.0 3.0 0.3984507292905513 79.0 3.208791208791209 NaN 
3.004337754240159 129.0 3.3333333333333335 NaN 75.0 4.055555555555555 NaN 29.0 3.309090909090909 NaN 100.0 3.8 NaN 71.0 3.9444444444444446 NaN 
4.004337754240159 148.0 2.6666666666666665 NaN 97.0 3.5 NaN 14.0 2.0 NaN 84.0 4.5 0.28196006463401585 23.0 NaN NaN 
5.004337754240159 128.0 3.0 0.149551518050402 85.0 3.4 0.3030576810903908 40.0 2.0 NaN 72.0 4.5 0.35767364683492325 36.0 NaN NaN 
6.004337754240159 94.0 3.0 0.26756306004026364 56.0 3.2 0.47994236489134445 105.0 2.933333333333333 NaN 71.0 4.5 0.36388501275278595 83.0 NaN NaN 
7.004337754240159 92.0 3.0 0.27926732946142885 35.0 3.2 0.8145811117753411 74.0 NaN 0.17868658131816026 71.0 4.5 0.36388501275278595 61.0 NaN 0.3190659498683658 
8.004337754240158 92.0 3.0 0.27926732946142885 34.0 3.2 NaN 45.0 NaN 0.30362974230653755 71.0 4.5 0.36388501275278595 28.0 NaN NaN 
9.004337754240158 92.0 3.0 0.27926732946142885 37.0 3.2 0.7593843029557313 40.0 NaN NaN 71.0 4.5 0.36388501275278595 21.0 NaN NaN 
10.004337754240158 92.0 3.0 0.27926732946142885 38.0 3.2 0.7240496283165454 44.0 NaN NaN 71.0 4.5 0.36388501275278595 20.0 NaN 0.8434708763888331 
11.004337754240158 92.0 3.0 0.27926732946142885 34.0 3.2 0.8631535061577076 44.0 NaN 0.3024061262314859 71.0 4.5 0.36388501275278595 27.0 NaN 0.5869144538907181 
12.004337754240158 92.0 3.0 0.27926732946142885 32.0 3.2 0.8605689375109017 43.0 NaN 0.29781091986477626 71.0 4.5 0.36388501275278595 28.0 NaN 0.5451198900612877 
13.004337754240158 92.0 3.0 0.27926732946142885 32.0 3.2 0.8886457291675346 43.0 NaN 0.29781091986477626 71.0 4.5 0.36388501275278595 24.0 NaN 0.7123620939603912 
14.004337754240158 92.0 3.0 0.27926732946142885 35.0 2.5 0.6980439560439561 43.0 NaN 0.29781091986477626 71.0 4.5 0.36388501275278595 22.0 NaN 0.7998495570476994 
15.004337754240158 92.0 3.0 0.27926732946142885 57.0 2.6666666666666665 0.42035829326263446 43.0 NaN 0.29781091986477626 71.0 4.5 0.36388501275278595 22.0 NaN 0.7998495570476994 
16.004337754240158 92.0 3.0 0.27926732946142885 86.0 3.6 0.23102876683853768 43.0 NaN 0.29781091986477626 71.0 4.5 0.36388501275278595 22.0 NaN 0.7998495570476994 
17.004337754240158 92.0 3.0 0.27926732946142885 106.0 3.5 0.1981302573721469 43.0 NaN 0.29781091986477626 71.0 4.5 0.36388501275278595 22.0 NaN 0.7998495570476994 
18.004337754240158 92.0 3.0 0.27926732946142885 85.0 3.2 0.2631585170366381 43.0 NaN 0.29781091986477626 71.0 4.5 0.36388501275278595 22.0 NaN 0.7998495570476994 
19.004337754240158 92.0 3.0 0.27926732946142885 79.0 3.2 0.29399514943363414 43.0 NaN 0.29781091986477626 71.0 4.5 0.36388501275278595 22.0 NaN 0.7998495570476994 
20.004337754240158 92.0 3.0 0.27926732946142885 78.0 3.3333333333333335 0.298191668443467 43.0 NaN 0.29781091986477626 71.0 4.5 0.36388501275278595 22.0 NaN 0.7998495570476994 
21.004337754240158 92.0 3.0 0.27926732946142885 78.0 3.3333333333333335 0.28526655936451184 43.0 NaN 0.29781091986477626 71.0 4.5 0.36388501275278595 22.0 NaN 0.7998495570476994 
22.004337754240158 92.0 3.0 0.27926732946142885 78.0 3.3333333333333335 0.293831830750296 43.0 NaN 0.29781091986477626 71.0 4.5 0.36388501275278595 22.0 NaN 0.7998495570476994 
23.004337754240158 92.0 3.0 0.27926732946142885 78.0 3.3333333333333335 0.29695216720396583 43.0 NaN 0.29781091986477626 71.0 4.5 0.36388501275278595 22.0 NaN 0.7998495570476994 
24.004337754240158 92.0 3.0 0.27926732946142885 78.0 3.3333333333333335 0.298191668443467 43.0 NaN 0.29781091986477626 71.0 4.5 0.36388501275278595 22.0 NaN 0.7998495570476994 
25.004337754240158 92.0 3.0 0.27926732946142885 78.0 3.3333333333333335 0.298191668443467 43.0 NaN 0.29781091986477626 71.0 4.5 0.36388501275278595 22.0 NaN 0.7998495570476994 
26.004337754240158 92.0 3.0 0.27926732946142885 78.0 3.3333333333333335 0.3004512707030693 43.0 NaN 0.29781091986477626 71.0 4.5 0.36388501275278595 22.0 NaN 0.7998495570476994 
27.004337754240158 92.0 3.0 0.27926732946142885 76.0 3.3333333333333335 0.2821413360656116 43.0 NaN 0.29781091986477626 71.0 4.5 0.36388501275278595 22.0 NaN 0.7998495570476994 
28.004337754240158 92.0 3.0 0.27926732946142885 76.0 3.3333333333333335 0.2821413360656116 43.0 NaN 0.29781091986477626 71.0 4.5 0.36388501275278595 22.0 NaN 0.7998495570476994 
29.004337754240158 92.0 3.0 0.27926732946142885 76.0 3.3333333333333335 0.2821413360656116 43.0 NaN 0.29781091986477626 71.0 4.5 0.36388501275278595 22.0 NaN 0.7998495570476994 
30.004337754240158 92.0 3.0 0.27926732946142885 76.0 3.3333333333333335 0.2821413360656116 43.0 NaN 0.29781091986477626 71.0 4.5 0.36388501275278595 22.0 NaN 0.7998495570476994 
31.004337754240158 92.0 3.0 0.27926732946142885 76.0 3.3333333333333335 0.2821413360656116 43.0 NaN 0.29781091986477626 71.0 4.5 0.36388501275278595 22.0 NaN 0.7998495570476994 
32.004337754240154 92.0 3.0 0.27926732946142885 76.0 3.3333333333333335 0.2821413360656116 43.0 NaN 0.29781091986477626 71.0 4.5 0.36388501275278595 22.0 NaN 0.7998495570476994 
33.004337754240154 92.0 3.0 0.27926732946142885 76.0 3.3333333333333335 0.2821413360656116 43.0 NaN 0.29781091986477626 71.0 4.5 0.36388501275278595 22.0 NaN 0.7998495570476994 
34.004337754240154 92.0 3.0 0.27926732946142885 76.0 3.3333333333333335 0.2821413360656116 43.0 NaN 0.29781091986477626 71.0 4.5 0.36388501275278595 22.0 NaN 0.7998495570476994 
35.004337754240154 92.0 3.0 0.27926732946142885 76.0 3.3333333333333335 0.2821413360656116 43.0 NaN 0.29781091986477626 71.0 4.5 0.36388501275278595 22.0 NaN 0.7998495570476994 
36.004337754240154 92.0 3.0 0.27926732946142885 76.0 3.3333333333333335 0.2821413360656116 43.0 NaN 0.29781091986477626 71.0 4.5 0.36388501275278595 22.0 NaN 0.7998495570476994 
#####################################################################
# End of data export. Simulation finished at: 2020-09-15T21:41+0000 #
#####################################################################
