#####################################################################
# Alchemist log file - simulation started at: 2020-09-16T10:00+0000 #
#####################################################################
# seed = 34.0, nodeCount = 200, grain = 6, deploymentType = Lobster
#
# The columns have the following meaning: 
# time leader-random[CountDistinct] HopCountClusterClosestNeighborDistance[leader-random] HopCountClusterIntraDistance[leader-random] leader-pageRank[CountDistinct] HopCountClusterClosestNeighborDistance[leader-pageRank] HopCountClusterIntraDistance[leader-pageRank] leader-harmonic[CountDistinct] HopCountClusterClosestNeighborDistance[leader-harmonic] HopCountClusterIntraDistance[leader-harmonic] leader-closeness[CountDistinct] HopCountClusterClosestNeighborDistance[leader-closeness] HopCountClusterIntraDistance[leader-closeness] leader-degree[CountDistinct] HopCountClusterClosestNeighborDistance[leader-degree] HopCountClusterIntraDistance[leader-degree] 
0.0 NaN NaN NaN NaN NaN NaN NaN NaN NaN NaN NaN NaN NaN NaN NaN 
1.0051852976981563 124.0 2.7857142857142856 0.20870041565013103 168.0 3.552380952380952 0.05198412698412699 178.0 3.601449275362319 0.03932584269662922 93.0 2.8 0.39865492930009055 168.0 3.4842105263157896 0.05 
2.0051852976981563 37.0 2.6666666666666665 NaN 48.0 3.5441176470588234 NaN 47.0 3.463157894736842 0.8879432624113476 41.0 NaN 0.35499762716521177 38.0 3.4909090909090907 0.9297277284119392 
3.0051852976981563 35.0 4.0 NaN 22.0 3.4444444444444446 NaN 16.0 3.272727272727273 NaN 55.0 4.666666666666667 0.17447419399474193 14.0 3.4 NaN 
4.005185297698157 33.0 4.0 NaN 10.0 3.4 1.4367539931333035 8.0 3.4642857142857144 NaN 73.0 4.666666666666667 0.1454870624048706 14.0 2.0 NaN 
5.005185297698157 39.0 4.0 0.570913584623262 7.0 3.1666666666666665 1.520442254973172 7.0 3.5 NaN 64.0 4.666666666666667 0.21750868055555556 41.0 2.6666666666666665 NaN 
6.005185297698157 35.0 4.0 0.6837798990563968 6.0 2.0 1.5806535409834703 29.0 3.3333333333333335 NaN 60.0 4.666666666666667 0.24153306878306877 30.0 NaN 0.20348874858345478 
7.005185297698157 30.0 4.0 0.8185765488991296 10.0 2.0 0.742512077294686 42.0 NaN 0.08664858348402651 60.0 4.666666666666667 0.24153306878306877 10.0 NaN 0.7523116340318332 
8.005185297698157 30.0 4.0 0.8185765488991296 11.0 2.0 0.5157674304015768 28.0 NaN 0.3430681133212779 60.0 4.666666666666667 0.24153306878306877 10.0 NaN 0.7523116340318332 
9.005185297698157 30.0 4.0 0.8185765488991296 33.0 2.0 0.1980257116620753 20.0 NaN 0.36633431968875 60.0 4.666666666666667 0.24153306878306877 10.0 NaN 0.7523116340318332 
10.005185297698157 30.0 4.0 0.8185765488991296 25.0 2.0 NaN 20.0 NaN 0.36633431968875 60.0 4.666666666666667 0.24153306878306877 10.0 NaN 0.7523116340318332 
11.005185297698157 30.0 4.0 0.8185765488991296 27.0 2.6666666666666665 NaN 20.0 NaN 0.36633431968875 60.0 4.666666666666667 0.24153306878306877 10.0 NaN 0.7523116340318332 
12.005185297698157 30.0 4.0 0.8185765488991296 25.0 NaN NaN 20.0 NaN 0.36633431968875 60.0 4.666666666666667 0.24153306878306877 10.0 NaN 0.7523116340318332 
13.005185297698157 30.0 4.0 0.8185765488991296 10.0 NaN 0.7523116340318332 20.0 NaN 0.36633431968875 60.0 4.666666666666667 0.24153306878306877 10.0 NaN 0.7523116340318332 
14.005185297698157 30.0 4.0 0.8185765488991296 10.0 NaN 0.7523116340318332 20.0 NaN 0.36633431968875 60.0 4.666666666666667 0.24153306878306877 10.0 NaN 0.7523116340318332 
15.005185297698157 30.0 4.0 0.8185765488991296 10.0 NaN 0.7523116340318332 20.0 NaN 0.36633431968875 60.0 4.666666666666667 0.24153306878306877 10.0 NaN 0.7523116340318332 
16.005185297698155 30.0 4.0 0.8185765488991296 10.0 NaN 0.7523116340318332 20.0 NaN 0.36633431968875 60.0 4.666666666666667 0.24153306878306877 10.0 NaN 0.7523116340318332 
17.005185297698155 30.0 4.0 0.8185765488991296 10.0 NaN 0.7523116340318332 20.0 NaN 0.36633431968875 60.0 4.666666666666667 0.24153306878306877 10.0 NaN 0.7523116340318332 
18.005185297698155 30.0 4.0 0.8185765488991296 10.0 NaN 0.7523116340318332 20.0 NaN 0.36633431968875 60.0 4.666666666666667 0.24153306878306877 10.0 NaN 0.7523116340318332 
19.005185297698155 30.0 4.0 0.8185765488991296 10.0 NaN 0.7523116340318332 20.0 NaN 0.36633431968875 60.0 4.666666666666667 0.24153306878306877 10.0 NaN 0.7523116340318332 
20.005185297698155 30.0 4.0 0.8185765488991296 10.0 NaN 0.7523116340318332 20.0 NaN 0.36633431968875 60.0 4.666666666666667 0.24153306878306877 10.0 NaN 0.7523116340318332 
21.005185297698155 30.0 4.0 0.8185765488991296 10.0 NaN 0.7523116340318332 20.0 NaN 0.36633431968875 60.0 4.666666666666667 0.24153306878306877 10.0 NaN 0.7523116340318332 
22.005185297698155 30.0 4.0 0.8185765488991296 10.0 NaN 0.7523116340318332 20.0 NaN 0.36633431968875 60.0 4.666666666666667 0.24153306878306877 10.0 NaN 0.7523116340318332 
23.005185297698155 30.0 4.0 0.8185765488991296 10.0 NaN 0.7523116340318332 20.0 NaN 0.36633431968875 60.0 4.666666666666667 0.24153306878306877 10.0 NaN 0.7523116340318332 
24.005185297698155 30.0 4.0 0.8185765488991296 10.0 NaN 0.7523116340318332 20.0 NaN 0.36633431968875 60.0 4.666666666666667 0.24153306878306877 10.0 NaN 0.7523116340318332 
25.005185297698155 30.0 4.0 0.8185765488991296 10.0 NaN 0.7523116340318332 20.0 NaN 0.36633431968875 60.0 4.666666666666667 0.24153306878306877 10.0 NaN 0.7523116340318332 
26.005185297698155 30.0 4.0 0.8185765488991296 10.0 NaN 0.7523116340318332 20.0 NaN 0.36633431968875 60.0 4.666666666666667 0.24153306878306877 10.0 NaN 0.7523116340318332 
27.005185297698155 30.0 4.0 0.8185765488991296 10.0 NaN 0.7523116340318332 20.0 NaN 0.36633431968875 60.0 4.666666666666667 0.24153306878306877 10.0 NaN 0.7523116340318332 
28.005185297698155 30.0 4.0 0.8185765488991296 10.0 NaN 0.7523116340318332 20.0 NaN 0.36633431968875 60.0 4.666666666666667 0.24153306878306877 10.0 NaN 0.7523116340318332 
29.005185297698155 30.0 4.0 0.8185765488991296 10.0 NaN 0.7523116340318332 20.0 NaN 0.36633431968875 60.0 4.666666666666667 0.24153306878306877 10.0 NaN 0.7523116340318332 
30.005185297698155 30.0 4.0 0.8185765488991296 10.0 NaN 0.7523116340318332 20.0 NaN 0.36633431968875 60.0 4.666666666666667 0.24153306878306877 10.0 NaN 0.7523116340318332 
31.005185297698155 30.0 4.0 0.8185765488991296 10.0 NaN 0.7523116340318332 20.0 NaN 0.36633431968875 60.0 4.666666666666667 0.24153306878306877 10.0 NaN 0.7523116340318332 
32.005185297698155 30.0 4.0 0.8185765488991296 10.0 NaN 0.7523116340318332 20.0 NaN 0.36633431968875 60.0 4.666666666666667 0.24153306878306877 10.0 NaN 0.7523116340318332 
33.005185297698155 30.0 4.0 0.8185765488991296 10.0 NaN 0.7523116340318332 20.0 NaN 0.36633431968875 60.0 4.666666666666667 0.24153306878306877 10.0 NaN 0.7523116340318332 
34.005185297698155 30.0 4.0 0.8185765488991296 10.0 NaN 0.7523116340318332 20.0 NaN 0.36633431968875 60.0 4.666666666666667 0.24153306878306877 10.0 NaN 0.7523116340318332 
35.005185297698155 30.0 4.0 0.8185765488991296 10.0 NaN 0.7523116340318332 20.0 NaN 0.36633431968875 60.0 4.666666666666667 0.24153306878306877 10.0 NaN 0.7523116340318332 
36.005185297698155 30.0 4.0 0.8185765488991296 10.0 NaN 0.7523116340318332 20.0 NaN 0.36633431968875 60.0 4.666666666666667 0.24153306878306877 10.0 NaN 0.7523116340318332 
37.005185297698155 30.0 4.0 0.8185765488991296 10.0 NaN 0.7523116340318332 20.0 NaN 0.36633431968875 60.0 4.666666666666667 0.24153306878306877 10.0 NaN 0.7523116340318332 
38.005185297698155 30.0 4.0 0.8185765488991296 10.0 NaN 0.7523116340318332 20.0 NaN 0.36633431968875 60.0 4.666666666666667 0.24153306878306877 10.0 NaN 0.7523116340318332 
39.005185297698155 30.0 4.0 0.8185765488991296 10.0 NaN 0.7523116340318332 20.0 NaN 0.36633431968875 60.0 4.666666666666667 0.24153306878306877 10.0 NaN 0.7523116340318332 
#####################################################################
# End of data export. Simulation finished at: 2020-09-16T10:05+0000 #
#####################################################################
