#####################################################################
# Alchemist log file - simulation started at: 2020-09-16T22:41+0000 #
#####################################################################
# seed = 73.0, nodeCount = 800, grain = 10, deploymentType = Lobster
#
# The columns have the following meaning: 
# time leader-random[CountDistinct] HopCountClusterClosestNeighborDistance[leader-random] HopCountClusterIntraDistance[leader-random] leader-pageRank[CountDistinct] HopCountClusterClosestNeighborDistance[leader-pageRank] HopCountClusterIntraDistance[leader-pageRank] leader-harmonic[CountDistinct] HopCountClusterClosestNeighborDistance[leader-harmonic] HopCountClusterIntraDistance[leader-harmonic] leader-closeness[CountDistinct] HopCountClusterClosestNeighborDistance[leader-closeness] HopCountClusterIntraDistance[leader-closeness] leader-degree[CountDistinct] HopCountClusterClosestNeighborDistance[leader-degree] HopCountClusterIntraDistance[leader-degree] 
0.0 NaN NaN NaN NaN NaN NaN NaN NaN NaN NaN NaN NaN NaN NaN NaN 
1.0013612517207866 477.0 Infinity 0.200335158668492 621.0 Infinity 0.06640403343301891 680.0 Infinity 0.0460731792717087 373.0 Infinity 0.3268351566289381 619.0 Infinity 0.06995922763289482 
2.0013612517207866 98.0 Infinity NaN 131.0 Infinity NaN 140.0 Infinity 0.8469727981819111 85.0 NaN 0.4847130475192758 130.0 Infinity 0.8126110890533966 
3.0013612517207866 27.0 NaN NaN 69.0 Infinity NaN 48.0 Infinity 1.3557981011187916 25.0 NaN NaN 54.0 Infinity NaN 
4.001361251720787 11.0 NaN NaN 33.0 Infinity NaN 27.0 Infinity NaN 12.0 NaN NaN 19.0 Infinity NaN 
5.001361251720787 12.0 NaN NaN 36.0 Infinity NaN 21.0 Infinity NaN 22.0 NaN 0.7716970780119149 13.0 NaN NaN 
6.001361251720787 61.0 NaN NaN 54.0 Infinity NaN 18.0 Infinity NaN 67.0 Infinity NaN 34.0 NaN NaN 
7.001361251720787 160.0 NaN NaN 53.0 Infinity NaN 14.0 Infinity NaN 125.0 Infinity 0.14255260101473194 51.0 NaN NaN 
8.001361251720787 178.0 NaN 0.10674240264967977 43.0 Infinity 0.8559304364948243 14.0 Infinity NaN 125.0 Infinity 0.16935260101473198 60.0 NaN NaN 
9.001361251720787 84.0 NaN NaN 28.0 Infinity 1.3733931703313371 28.0 Infinity NaN 96.0 Infinity 0.2739586198728529 94.0 NaN NaN 
10.001361251720787 62.0 NaN NaN 28.0 Infinity 1.3733931703313371 78.0 Infinity NaN 93.0 Infinity 0.2857401831355204 89.0 NaN 0.2070487274574837 
11.001361251720787 59.0 NaN 0.4176836994039592 28.0 Infinity 1.3733931703313371 142.0 Infinity NaN 90.0 Infinity 0.3035981892400378 63.0 NaN NaN 
12.001361251720787 59.0 NaN 0.4176836994039592 28.0 Infinity 1.349888124605469 91.0 NaN NaN 90.0 Infinity 0.3035981892400378 59.0 NaN NaN 
13.001361251720787 59.0 NaN 0.4176836994039592 28.0 Infinity 1.3581409502572608 51.0 NaN NaN 90.0 Infinity 0.3035981892400378 58.0 NaN NaN 
14.001361251720787 59.0 NaN 0.4176836994039592 26.0 Infinity 1.247163066434563 44.0 NaN NaN 90.0 Infinity 0.3035981892400378 57.0 NaN 0.3451537774586777 
15.001361251720787 59.0 NaN 0.4176836994039592 24.0 Infinity 1.3516464055473267 43.0 NaN NaN 90.0 Infinity 0.3035981892400378 57.0 NaN 0.3451537774586777 
16.001361251720787 59.0 NaN 0.4176836994039592 24.0 Infinity 1.3588870048129758 42.0 NaN NaN 90.0 Infinity 0.3035981892400378 57.0 NaN 0.3451537774586777 
17.001361251720787 59.0 NaN 0.4176836994039592 20.0 Infinity 1.3289751364544515 41.0 NaN 0.397028159712299 90.0 Infinity 0.3035981892400378 57.0 NaN 0.3451537774586777 
18.001361251720787 59.0 NaN 0.4176836994039592 17.0 Infinity 1.3516295569322616 41.0 NaN 0.397028159712299 90.0 Infinity 0.3035981892400378 57.0 NaN 0.3451537774586777 
19.001361251720787 59.0 NaN 0.4176836994039592 15.0 NaN 1.4540480879553832 41.0 NaN 0.397028159712299 90.0 Infinity 0.3035981892400378 57.0 NaN 0.3451537774586777 
20.001361251720787 59.0 NaN 0.4176836994039592 12.0 NaN 1.3350423318819544 41.0 NaN 0.397028159712299 90.0 Infinity 0.3035981892400378 57.0 NaN 0.3451537774586777 
21.001361251720787 59.0 NaN 0.4176836994039592 10.0 NaN 1.4743167151091188 41.0 NaN 0.397028159712299 90.0 Infinity 0.3035981892400378 57.0 NaN 0.3451537774586777 
22.001361251720787 59.0 NaN 0.4176836994039592 33.0 NaN NaN 41.0 NaN 0.397028159712299 90.0 Infinity 0.3035981892400378 57.0 NaN 0.3451537774586777 
23.001361251720787 59.0 NaN 0.4176836994039592 70.0 NaN NaN 41.0 NaN 0.397028159712299 90.0 Infinity 0.3035981892400378 57.0 NaN 0.3451537774586777 
24.001361251720787 59.0 NaN 0.4176836994039592 87.0 NaN 0.15638539482879105 41.0 NaN 0.397028159712299 90.0 Infinity 0.3035981892400378 57.0 NaN 0.3451537774586777 
25.001361251720787 59.0 NaN 0.4176836994039592 58.0 NaN 0.32983671293284184 41.0 NaN 0.397028159712299 90.0 Infinity 0.3035981892400378 57.0 NaN 0.3451537774586777 
26.001361251720787 59.0 NaN 0.4176836994039592 45.0 NaN 0.436233985557885 41.0 NaN 0.397028159712299 90.0 Infinity 0.3035981892400378 57.0 NaN 0.3451537774586777 
27.001361251720787 59.0 NaN 0.4176836994039592 45.0 NaN 0.4373500881834216 41.0 NaN 0.397028159712299 90.0 Infinity 0.3035981892400378 57.0 NaN 0.3451537774586777 
28.001361251720787 59.0 NaN 0.4176836994039592 44.0 NaN 0.4243107208448118 41.0 NaN 0.397028159712299 90.0 Infinity 0.3035981892400378 57.0 NaN 0.3451537774586777 
29.001361251720787 59.0 NaN 0.4176836994039592 44.0 NaN 0.4243107208448118 41.0 NaN 0.397028159712299 90.0 Infinity 0.3035981892400378 57.0 NaN 0.3451537774586777 
30.001361251720787 59.0 NaN 0.4176836994039592 44.0 NaN 0.4243107208448118 41.0 NaN 0.397028159712299 90.0 Infinity 0.3035981892400378 57.0 NaN 0.3451537774586777 
31.001361251720787 59.0 NaN 0.4176836994039592 44.0 NaN 0.4243107208448118 41.0 NaN 0.397028159712299 90.0 Infinity 0.3035981892400378 57.0 NaN 0.3451537774586777 
32.00136125172079 59.0 NaN 0.4176836994039592 44.0 NaN 0.4243107208448118 41.0 NaN 0.397028159712299 90.0 Infinity 0.3035981892400378 57.0 NaN 0.3451537774586777 
33.00136125172079 59.0 NaN 0.4176836994039592 44.0 NaN 0.4243107208448118 41.0 NaN 0.397028159712299 90.0 Infinity 0.3035981892400378 57.0 NaN 0.3451537774586777 
34.00136125172079 59.0 NaN 0.4176836994039592 44.0 NaN 0.4243107208448118 41.0 NaN 0.397028159712299 90.0 Infinity 0.3035981892400378 57.0 NaN 0.3451537774586777 
35.00136125172079 59.0 NaN 0.4176836994039592 44.0 NaN 0.4243107208448118 41.0 NaN 0.397028159712299 90.0 Infinity 0.3035981892400378 57.0 NaN 0.3451537774586777 
36.00136125172079 59.0 NaN 0.4176836994039592 44.0 NaN 0.4243107208448118 41.0 NaN 0.397028159712299 90.0 Infinity 0.3035981892400378 57.0 NaN 0.3451537774586777 
#####################################################################
# End of data export. Simulation finished at: 2020-09-16T23:18+0000 #
#####################################################################
