#####################################################################
# Alchemist log file - simulation started at: 2020-09-16T16:31+0000 #
#####################################################################
# seed = 50.0, nodeCount = 800, grain = 6, deploymentType = Lobster
#
# The columns have the following meaning: 
# time leader-random[CountDistinct] HopCountClusterClosestNeighborDistance[leader-random] HopCountClusterIntraDistance[leader-random] leader-pageRank[CountDistinct] HopCountClusterClosestNeighborDistance[leader-pageRank] HopCountClusterIntraDistance[leader-pageRank] leader-harmonic[CountDistinct] HopCountClusterClosestNeighborDistance[leader-harmonic] HopCountClusterIntraDistance[leader-harmonic] leader-closeness[CountDistinct] HopCountClusterClosestNeighborDistance[leader-closeness] HopCountClusterIntraDistance[leader-closeness] leader-degree[CountDistinct] HopCountClusterClosestNeighborDistance[leader-degree] HopCountClusterIntraDistance[leader-degree] 
0.0 NaN NaN NaN NaN NaN NaN NaN NaN NaN NaN NaN NaN NaN NaN NaN 
1.0002492887847187 456.0 Infinity 0.19470105552342398 594.0 Infinity 0.07330635958086937 646.0 Infinity 0.0595016954150081 359.0 Infinity 0.3222769295225083 598.0 Infinity 0.07622630992196208 
2.000249288784719 88.0 Infinity NaN 120.0 Infinity NaN 134.0 Infinity 0.9071039398799783 126.0 Infinity 0.2628055353195409 119.0 Infinity 0.9273638391915786 
3.000249288784719 69.0 NaN NaN 60.0 Infinity NaN 38.0 Infinity NaN 188.0 Infinity NaN 41.0 Infinity NaN 
4.000249288784719 216.0 NaN NaN 77.0 Infinity 0.4855500394710616 23.0 Infinity NaN 266.0 Infinity 0.10688558072269436 32.0 Infinity NaN 
5.000249288784719 180.0 NaN 0.17099701684858765 126.0 Infinity 0.26247605811280666 22.0 Infinity NaN 271.0 Infinity 0.186388658217707 136.0 Infinity NaN 
6.000249288784719 145.0 NaN 0.256429246969128 133.0 Infinity 0.24317601607166453 62.0 Infinity NaN 195.0 Infinity 0.32896406689059104 226.0 Infinity 0.09329336447251922 
7.000249288784719 145.0 NaN 0.256429246969128 114.0 Infinity NaN 147.0 Infinity NaN 169.0 Infinity 0.3750740642200537 110.0 Infinity 0.2800123987532076 
8.000249288784719 145.0 NaN 0.256429246969128 86.0 Infinity 0.46463975093331455 215.0 Infinity NaN 169.0 Infinity 0.3750740642200537 91.0 Infinity 0.3557373979255358 
9.000249288784719 145.0 NaN 0.256429246969128 55.0 Infinity 0.7536840587532335 172.0 Infinity NaN 169.0 Infinity 0.3750740642200537 91.0 Infinity 0.3557373979255358 
10.000249288784719 145.0 NaN 0.256429246969128 60.0 Infinity 0.7010997800848852 176.0 Infinity NaN 169.0 Infinity 0.3750740642200537 91.0 Infinity 0.3557373979255358 
11.000249288784719 145.0 NaN 0.256429246969128 61.0 Infinity 0.7202515571007695 175.0 Infinity NaN 169.0 Infinity 0.3750740642200537 91.0 Infinity 0.3557373979255358 
12.000249288784719 145.0 NaN 0.256429246969128 56.0 Infinity 0.7869765305169893 114.0 NaN NaN 169.0 Infinity 0.3750740642200537 91.0 Infinity 0.3557373979255358 
13.000249288784719 145.0 NaN 0.256429246969128 56.0 Infinity 0.7300221934461929 101.0 NaN NaN 169.0 Infinity 0.3750740642200537 91.0 Infinity 0.3557373979255358 
14.000249288784719 145.0 NaN 0.256429246969128 65.0 Infinity 0.6186036003601482 130.0 NaN NaN 169.0 Infinity 0.3750740642200537 91.0 Infinity 0.3557373979255358 
15.000249288784719 145.0 NaN 0.256429246969128 80.0 Infinity 0.5028684302485219 193.0 NaN NaN 169.0 Infinity 0.3750740642200537 91.0 Infinity 0.3557373979255358 
16.00024928878472 145.0 NaN 0.256429246969128 78.0 Infinity 0.426206241728521 148.0 NaN 0.18003652797329794 169.0 Infinity 0.3750740642200537 91.0 Infinity 0.3557373979255358 
17.00024928878472 145.0 NaN 0.256429246969128 105.0 Infinity 0.24490410649571365 136.0 NaN 0.1920096694319089 169.0 Infinity 0.3750740642200537 91.0 Infinity 0.3557373979255358 
18.00024928878472 145.0 NaN 0.256429246969128 181.0 Infinity 0.14818051018397937 136.0 NaN 0.1920096694319089 169.0 Infinity 0.3750740642200537 91.0 Infinity 0.3557373979255358 
19.00024928878472 145.0 NaN 0.256429246969128 149.0 Infinity 0.2255034903110358 136.0 NaN 0.1920096694319089 169.0 Infinity 0.3750740642200537 91.0 Infinity 0.3557373979255358 
20.00024928878472 145.0 NaN 0.256429246969128 102.0 Infinity 0.3097449334202856 136.0 NaN 0.1920096694319089 169.0 Infinity 0.3750740642200537 91.0 Infinity 0.3557373979255358 
21.00024928878472 145.0 NaN 0.256429246969128 98.0 Infinity 0.32424253627128946 136.0 NaN 0.1920096694319089 169.0 Infinity 0.3750740642200537 91.0 Infinity 0.3557373979255358 
22.00024928878472 145.0 NaN 0.256429246969128 97.0 Infinity 0.3174095483009387 136.0 NaN 0.1920096694319089 169.0 Infinity 0.3750740642200537 91.0 Infinity 0.3557373979255358 
23.00024928878472 145.0 NaN 0.256429246969128 97.0 Infinity 0.3174095483009387 136.0 NaN 0.1920096694319089 169.0 Infinity 0.3750740642200537 91.0 Infinity 0.3557373979255358 
24.00024928878472 145.0 NaN 0.256429246969128 97.0 Infinity 0.3174095483009387 136.0 NaN 0.1920096694319089 169.0 Infinity 0.3750740642200537 91.0 Infinity 0.3557373979255358 
25.00024928878472 145.0 NaN 0.256429246969128 97.0 Infinity 0.3174095483009387 136.0 NaN 0.1920096694319089 169.0 Infinity 0.3750740642200537 91.0 Infinity 0.3557373979255358 
26.00024928878472 145.0 NaN 0.256429246969128 97.0 Infinity 0.3180606580712625 136.0 NaN 0.1920096694319089 169.0 Infinity 0.3750740642200537 91.0 Infinity 0.3557373979255358 
27.00024928878472 145.0 NaN 0.256429246969128 102.0 Infinity 0.29302672730579465 136.0 NaN 0.1920096694319089 169.0 Infinity 0.3750740642200537 91.0 Infinity 0.3557373979255358 
28.00024928878472 145.0 NaN 0.256429246969128 100.0 Infinity 0.2985188383291246 136.0 NaN 0.1920096694319089 169.0 Infinity 0.3750740642200537 91.0 Infinity 0.3557373979255358 
29.00024928878472 145.0 NaN 0.256429246969128 96.0 Infinity 0.3107633843172463 136.0 NaN 0.1920096694319089 169.0 Infinity 0.3750740642200537 91.0 Infinity 0.3557373979255358 
30.00024928878472 145.0 NaN 0.256429246969128 96.0 Infinity 0.3107633843172463 136.0 NaN 0.1920096694319089 169.0 Infinity 0.3750740642200537 91.0 Infinity 0.3557373979255358 
31.00024928878472 145.0 NaN 0.256429246969128 96.0 Infinity 0.3107633843172463 136.0 NaN 0.1920096694319089 169.0 Infinity 0.3750740642200537 91.0 Infinity 0.3557373979255358 
32.000249288784715 145.0 NaN 0.256429246969128 96.0 Infinity 0.3107633843172463 136.0 NaN 0.1920096694319089 169.0 Infinity 0.3750740642200537 91.0 Infinity 0.3557373979255358 
33.000249288784715 145.0 NaN 0.256429246969128 96.0 Infinity 0.3107633843172463 136.0 NaN 0.1920096694319089 169.0 Infinity 0.3750740642200537 91.0 Infinity 0.3557373979255358 
34.000249288784715 145.0 NaN 0.256429246969128 96.0 Infinity 0.3107633843172463 136.0 NaN 0.1920096694319089 169.0 Infinity 0.3750740642200537 91.0 Infinity 0.3557373979255358 
35.000249288784715 145.0 NaN 0.256429246969128 96.0 Infinity 0.3107633843172463 136.0 NaN 0.1920096694319089 169.0 Infinity 0.3750740642200537 91.0 Infinity 0.3557373979255358 
36.000249288784715 145.0 NaN 0.256429246969128 96.0 Infinity 0.3107633843172463 136.0 NaN 0.1920096694319089 169.0 Infinity 0.3750740642200537 91.0 Infinity 0.3557373979255358 
37.000249288784715 145.0 NaN 0.256429246969128 96.0 Infinity 0.3107633843172463 136.0 NaN 0.1920096694319089 169.0 Infinity 0.3750740642200537 91.0 Infinity 0.3557373979255358 
38.000249288784715 145.0 NaN 0.256429246969128 96.0 Infinity 0.3107633843172463 136.0 NaN 0.1920096694319089 169.0 Infinity 0.3750740642200537 91.0 Infinity 0.3557373979255358 
39.000249288784715 145.0 NaN 0.256429246969128 96.0 Infinity 0.3107633843172463 136.0 NaN 0.1920096694319089 169.0 Infinity 0.3750740642200537 91.0 Infinity 0.3557373979255358 
#####################################################################
# End of data export. Simulation finished at: 2020-09-16T16:58+0000 #
#####################################################################
