#####################################################################
# Alchemist log file - simulation started at: 2020-09-18T20:29+0000 #
#####################################################################
# seed = 139.0, nodeCount = 800, grain = 9, deploymentType = RandomEuclidean
#
# The columns have the following meaning: 
# time leader-random[CountDistinct] HopCountClusterClosestNeighborDistance[leader-random] HopCountClusterIntraDistance[leader-random] leader-pageRank[CountDistinct] HopCountClusterClosestNeighborDistance[leader-pageRank] HopCountClusterIntraDistance[leader-pageRank] leader-harmonic[CountDistinct] HopCountClusterClosestNeighborDistance[leader-harmonic] HopCountClusterIntraDistance[leader-harmonic] leader-closeness[CountDistinct] HopCountClusterClosestNeighborDistance[leader-closeness] HopCountClusterIntraDistance[leader-closeness] leader-degree[CountDistinct] HopCountClusterClosestNeighborDistance[leader-degree] HopCountClusterIntraDistance[leader-degree] 
0.0 NaN NaN NaN NaN NaN NaN NaN NaN NaN NaN NaN NaN NaN NaN NaN 
1.0004964461336365 88.0 Infinity 0.6866223393823131 356.0 Infinity 0.34502653991234866 565.0 Infinity 0.16864306784660774 33.0 NaN 1.46852402374892 364.0 Infinity 0.35681386002019333 
2.0004964461336368 6.0 NaN NaN 27.0 NaN NaN 177.0 Infinity NaN 5.0 NaN NaN 31.0 NaN NaN 
3.0004964461336368 3.0 NaN 5.062755143673136 4.0 NaN NaN 27.0 NaN NaN 2.0 NaN 4.774668960380703 5.0 NaN NaN 
4.000496446133637 3.0 NaN NaN 3.0 NaN NaN 12.0 NaN NaN 2.0 NaN 4.814664984412446 3.0 NaN NaN 
5.000496446133637 3.0 NaN NaN 3.0 NaN NaN 6.0 NaN NaN 2.0 NaN 4.826934049337137 3.0 NaN NaN 
6.000496446133637 3.0 NaN NaN 3.0 NaN NaN 4.0 NaN NaN 2.0 NaN 4.826934049337137 3.0 NaN NaN 
7.000496446133637 5.0 NaN NaN 4.0 NaN NaN 3.0 NaN NaN 2.0 NaN 4.826934049337137 27.0 Infinity NaN 
8.000496446133637 14.0 NaN NaN 59.0 NaN NaN 13.0 NaN NaN 2.0 NaN 4.826934049337137 92.0 Infinity NaN 
9.000496446133637 38.0 NaN NaN 47.0 Infinity 0.3566371465376049 40.0 Infinity NaN 2.0 NaN 4.826934049337137 26.0 Infinity NaN 
10.000496446133637 52.0 Infinity NaN 4.0 NaN 3.115252792647344 15.0 NaN 0.8939380231548907 2.0 NaN 4.826934049337137 4.0 NaN NaN 
11.000496446133637 7.0 NaN NaN 3.0 NaN 3.9903397554875872 4.0 NaN 2.022126784650564 2.0 NaN 4.826934049337137 3.0 NaN 3.2756643001222976 
12.000496446133637 3.0 NaN 3.1213690172342545 3.0 NaN 4.073796288987614 3.0 NaN 2.72160764269198 2.0 NaN 4.826934049337137 3.0 NaN 3.3045821678871117 
13.000496446133637 3.0 NaN 3.177190320114381 3.0 NaN 4.073796288987614 3.0 NaN 2.72160764269198 2.0 NaN 4.826934049337137 3.0 NaN 3.3045821678871117 
14.000496446133637 3.0 NaN 3.1912678419040716 3.0 NaN 4.073796288987614 3.0 NaN 2.72160764269198 2.0 NaN 4.826934049337137 3.0 NaN 3.3045821678871117 
15.000496446133637 3.0 NaN 3.205496001361239 3.0 NaN 4.073796288987614 3.0 NaN 2.72160764269198 2.0 NaN 4.826934049337137 3.0 NaN 3.3045821678871117 
16.00049644613364 3.0 NaN 3.205496001361239 4.0 NaN 3.039955059877965 3.0 NaN 2.72160764269198 2.0 NaN 4.826934049337137 3.0 NaN 3.3045821678871117 
17.00049644613364 3.0 NaN 3.205496001361239 40.0 NaN NaN 3.0 NaN 2.72160764269198 2.0 NaN 4.826934049337137 4.0 NaN 2.4784366259153336 
18.00049644613364 3.0 NaN 3.205496001361239 28.0 Infinity 0.5330292942682807 3.0 NaN 2.72160764269198 2.0 NaN 4.826934049337137 31.0 Infinity 0.2552821452793979 
19.00049644613364 3.0 NaN 3.205496001361239 6.0 NaN NaN 3.0 NaN 2.72160764269198 2.0 NaN 4.826934049337137 6.0 NaN 1.965783147435619 
20.00049644613364 3.0 NaN 3.205496001361239 4.0 NaN NaN 3.0 NaN 2.72160764269198 2.0 NaN 4.826934049337137 3.0 NaN 3.1781453862779157 
21.00049644613364 3.0 NaN 3.205496001361239 3.0 NaN 3.7208551125170257 3.0 NaN 2.72160764269198 2.0 NaN 4.826934049337137 3.0 NaN 3.1781453862779157 
22.00049644613364 3.0 NaN 3.205496001361239 3.0 NaN 3.7208551125170257 3.0 NaN 2.72160764269198 2.0 NaN 4.826934049337137 3.0 NaN 3.1781453862779157 
23.00049644613364 3.0 NaN 3.205496001361239 3.0 NaN 3.7208551125170257 3.0 NaN 2.72160764269198 2.0 NaN 4.826934049337137 3.0 NaN 3.1781453862779157 
24.00049644613364 3.0 NaN 3.205496001361239 3.0 NaN 3.7208551125170257 3.0 NaN 2.72160764269198 2.0 NaN 4.826934049337137 3.0 NaN 3.1781453862779157 
25.00049644613364 3.0 NaN 3.205496001361239 3.0 NaN 3.7208551125170257 3.0 NaN 2.72160764269198 2.0 NaN 4.826934049337137 3.0 NaN 3.1781453862779157 
26.00049644613364 3.0 NaN 3.205496001361239 3.0 NaN 3.7208551125170257 3.0 NaN 2.72160764269198 2.0 NaN 4.826934049337137 3.0 NaN 3.1781453862779157 
27.00049644613364 3.0 NaN 3.205496001361239 3.0 NaN 3.7208551125170257 3.0 NaN 2.72160764269198 2.0 NaN 4.826934049337137 3.0 NaN 3.1781453862779157 
28.00049644613364 3.0 NaN 3.205496001361239 3.0 NaN 3.7208551125170257 3.0 NaN 2.72160764269198 2.0 NaN 4.826934049337137 3.0 NaN 3.1781453862779157 
29.00049644613364 3.0 NaN 3.205496001361239 3.0 NaN 3.7208551125170257 3.0 NaN 2.72160764269198 2.0 NaN 4.826934049337137 3.0 NaN 3.1781453862779157 
30.00049644613364 3.0 NaN 3.205496001361239 3.0 NaN 3.7208551125170257 3.0 NaN 2.72160764269198 2.0 NaN 4.826934049337137 3.0 NaN 3.1781453862779157 
31.00049644613364 3.0 NaN 3.205496001361239 3.0 NaN 3.7208551125170257 3.0 NaN 2.72160764269198 2.0 NaN 4.826934049337137 3.0 NaN 3.1781453862779157 
32.00049644613364 3.0 NaN 3.205496001361239 3.0 NaN 3.7208551125170257 3.0 NaN 2.72160764269198 2.0 NaN 4.826934049337137 3.0 NaN 3.1781453862779157 
33.00049644613364 3.0 NaN 3.205496001361239 3.0 NaN 3.7208551125170257 3.0 NaN 2.72160764269198 2.0 NaN 4.826934049337137 3.0 NaN 3.1781453862779157 
34.00049644613364 3.0 NaN 3.205496001361239 3.0 NaN 3.7208551125170257 3.0 NaN 2.72160764269198 2.0 NaN 4.826934049337137 3.0 NaN 3.1781453862779157 
35.00049644613364 3.0 NaN 3.205496001361239 3.0 NaN 3.7208551125170257 3.0 NaN 2.72160764269198 2.0 NaN 4.826934049337137 3.0 NaN 3.1781453862779157 
36.00049644613364 3.0 NaN 3.205496001361239 3.0 NaN 3.7208551125170257 3.0 NaN 2.72160764269198 2.0 NaN 4.826934049337137 3.0 NaN 3.1781453862779157 
37.00049644613364 3.0 NaN 3.205496001361239 3.0 NaN 3.7208551125170257 3.0 NaN 2.72160764269198 2.0 NaN 4.826934049337137 3.0 NaN 3.1781453862779157 
38.00049644613364 3.0 NaN 3.205496001361239 3.0 NaN 3.7208551125170257 3.0 NaN 2.72160764269198 2.0 NaN 4.826934049337137 3.0 NaN 3.1781453862779157 
39.00049644613364 3.0 NaN 3.205496001361239 3.0 NaN 3.7208551125170257 3.0 NaN 2.72160764269198 2.0 NaN 4.826934049337137 3.0 NaN 3.1781453862779157 
40.00049644613364 3.0 NaN 3.205496001361239 3.0 NaN 3.7208551125170257 3.0 NaN 2.72160764269198 2.0 NaN 4.826934049337137 3.0 NaN 3.1781453862779157 
41.00049644613364 3.0 NaN 3.205496001361239 3.0 NaN 3.7208551125170257 3.0 NaN 2.72160764269198 2.0 NaN 4.826934049337137 3.0 NaN 3.1781453862779157 
42.00049644613364 3.0 NaN 3.205496001361239 3.0 NaN 3.7208551125170257 3.0 NaN 2.72160764269198 2.0 NaN 4.826934049337137 3.0 NaN 3.1781453862779157 
43.00049644613364 3.0 NaN 3.205496001361239 3.0 NaN 3.7208551125170257 3.0 NaN 2.72160764269198 2.0 NaN 4.826934049337137 3.0 NaN 3.1781453862779157 
44.00049644613364 3.0 NaN 3.205496001361239 3.0 NaN 3.7208551125170257 3.0 NaN 2.72160764269198 2.0 NaN 4.826934049337137 3.0 NaN 3.1781453862779157 
45.00049644613364 3.0 NaN 3.205496001361239 3.0 NaN 3.7208551125170257 3.0 NaN 2.72160764269198 2.0 NaN 4.826934049337137 3.0 NaN 3.1781453862779157 
46.00049644613364 3.0 NaN 3.205496001361239 3.0 NaN 3.7208551125170257 3.0 NaN 2.72160764269198 2.0 NaN 4.826934049337137 3.0 NaN 3.1781453862779157 
47.00049644613364 3.0 NaN 3.205496001361239 3.0 NaN 3.7208551125170257 3.0 NaN 2.72160764269198 2.0 NaN 4.826934049337137 3.0 NaN 3.1781453862779157 
48.00049644613364 3.0 NaN 3.205496001361239 3.0 NaN 3.7208551125170257 3.0 NaN 2.72160764269198 2.0 NaN 4.826934049337137 3.0 NaN 3.1781453862779157 
49.00049644613364 3.0 NaN 3.205496001361239 3.0 NaN 3.7208551125170257 3.0 NaN 2.72160764269198 2.0 NaN 4.826934049337137 3.0 NaN 3.1781453862779157 
#####################################################################
# End of data export. Simulation finished at: 2020-09-18T23:47+0000 #
#####################################################################
