#####################################################################
# Alchemist log file - simulation started at: 2020-09-16T20:00+0000 #
#####################################################################
# seed = 129.0, nodeCount = 200, grain = 9, deploymentType = Lobster
#
# The columns have the following meaning: 
# time leader-random[CountDistinct] HopCountClusterClosestNeighborDistance[leader-random] HopCountClusterIntraDistance[leader-random] leader-pageRank[CountDistinct] HopCountClusterClosestNeighborDistance[leader-pageRank] HopCountClusterIntraDistance[leader-pageRank] leader-harmonic[CountDistinct] HopCountClusterClosestNeighborDistance[leader-harmonic] HopCountClusterIntraDistance[leader-harmonic] leader-closeness[CountDistinct] HopCountClusterClosestNeighborDistance[leader-closeness] HopCountClusterIntraDistance[leader-closeness] leader-degree[CountDistinct] HopCountClusterClosestNeighborDistance[leader-degree] HopCountClusterIntraDistance[leader-degree] 
0.0 NaN NaN NaN NaN NaN NaN NaN NaN NaN NaN NaN NaN NaN NaN NaN 
1.0015864528876646 122.0 4.102564102564102 0.2316256830601093 166.0 3.957894736842105 0.06280120481927712 184.0 3.986666666666667 0.035144927536231885 84.0 4.285714285714286 0.4656746031746031 164.0 4.071895424836601 0.06864837398373985 
2.001586452887665 33.0 3.1666666666666665 NaN 44.0 3.5164835164835164 0.840987989283444 46.0 3.7083333333333335 0.8310331576635924 33.0 NaN NaN 37.0 3.381818181818182 0.856939081939082 
3.001586452887665 6.0 NaN NaN 18.0 3.6666666666666665 NaN 16.0 3.4444444444444446 NaN 9.0 NaN NaN 11.0 3.933333333333333 NaN 
4.001586452887665 3.0 NaN NaN 8.0 4.4 NaN 8.0 3.238095238095238 NaN 6.0 NaN NaN 4.0 4.333333333333333 NaN 
5.001586452887665 6.0 NaN NaN 5.0 5.333333333333333 NaN 6.0 2.466666666666667 NaN 5.0 NaN NaN 2.0 2.0 NaN 
6.001586452887665 9.0 NaN 0.521412037037037 4.0 4.0 NaN 4.0 2.1666666666666665 NaN 22.0 NaN 0.2797881729920565 1.0 NaN 3.895 
7.001586452887665 9.0 NaN 0.521412037037037 3.0 4.0 NaN 3.0 1.3333333333333333 NaN 49.0 NaN 0.1358232613433723 1.0 NaN 3.895 
8.001586452887665 9.0 NaN 0.521412037037037 2.0 4.0 3.3558407938733685 2.0 1.0 NaN 95.0 3.7142857142857144 0.08058252427184466 1.0 NaN 3.895 
9.001586452887665 9.0 NaN 0.521412037037037 2.0 4.0 NaN 1.0 NaN 3.625 59.0 3.2 0.35037299105918496 1.0 NaN 3.895 
10.001586452887665 9.0 NaN 0.521412037037037 2.0 4.0 NaN 1.0 NaN 3.625 37.0 2.6 NaN 1.0 NaN 3.895 
11.001586452887665 9.0 NaN 0.521412037037037 2.0 4.0 NaN 1.0 NaN 3.625 35.0 2.6666666666666665 0.5091835929256856 1.0 NaN 3.895 
12.001586452887665 9.0 NaN 0.521412037037037 6.0 4.0 NaN 1.0 NaN 3.625 35.0 2.6666666666666665 0.5091835929256856 1.0 NaN 3.895 
13.001586452887665 9.0 NaN 0.521412037037037 6.0 NaN 0.7461538461538462 1.0 NaN 3.625 35.0 2.6666666666666665 0.5091835929256856 1.0 NaN 3.895 
14.001586452887665 9.0 NaN 0.521412037037037 5.0 NaN 0.9953846153846154 1.0 NaN 3.625 35.0 2.6666666666666665 0.5091835929256856 1.0 NaN 3.895 
15.001586452887665 9.0 NaN 0.521412037037037 5.0 NaN 0.9953846153846154 1.0 NaN 3.625 35.0 2.6666666666666665 0.5091835929256856 1.0 NaN 3.895 
16.001586452887665 9.0 NaN 0.521412037037037 5.0 NaN 0.9953846153846154 1.0 NaN 3.625 35.0 2.6666666666666665 0.5091835929256856 1.0 NaN 3.895 
17.001586452887665 9.0 NaN 0.521412037037037 5.0 NaN 0.9953846153846154 1.0 NaN 3.625 35.0 2.6666666666666665 0.5091835929256856 1.0 NaN 3.895 
18.001586452887665 9.0 NaN 0.521412037037037 5.0 NaN 0.9953846153846154 1.0 NaN 3.625 35.0 2.6666666666666665 0.5091835929256856 1.0 NaN 3.895 
19.001586452887665 9.0 NaN 0.521412037037037 5.0 NaN 0.9953846153846154 1.0 NaN 3.625 35.0 2.6666666666666665 0.5091835929256856 1.0 NaN 3.895 
20.001586452887665 9.0 NaN 0.521412037037037 5.0 NaN 0.9953846153846154 1.0 NaN 3.625 35.0 2.6666666666666665 0.5091835929256856 1.0 NaN 3.895 
21.001586452887665 9.0 NaN 0.521412037037037 5.0 NaN 0.9953846153846154 1.0 NaN 3.625 35.0 2.6666666666666665 0.5091835929256856 1.0 NaN 3.895 
22.001586452887665 9.0 NaN 0.521412037037037 5.0 NaN 0.9953846153846154 1.0 NaN 3.625 35.0 2.6666666666666665 0.5091835929256856 1.0 NaN 3.895 
23.001586452887665 9.0 NaN 0.521412037037037 5.0 NaN 0.9953846153846154 1.0 NaN 3.625 35.0 2.6666666666666665 0.5091835929256856 1.0 NaN 3.895 
24.001586452887665 9.0 NaN 0.521412037037037 5.0 NaN 0.9953846153846154 1.0 NaN 3.625 35.0 2.6666666666666665 0.5091835929256856 1.0 NaN 3.895 
25.001586452887665 9.0 NaN 0.521412037037037 5.0 NaN 0.9953846153846154 1.0 NaN 3.625 35.0 2.6666666666666665 0.5091835929256856 1.0 NaN 3.895 
26.001586452887665 9.0 NaN 0.521412037037037 5.0 NaN 0.9953846153846154 1.0 NaN 3.625 35.0 2.6666666666666665 0.5091835929256856 1.0 NaN 3.895 
27.001586452887665 9.0 NaN 0.521412037037037 5.0 NaN 0.9953846153846154 1.0 NaN 3.625 35.0 2.6666666666666665 0.5091835929256856 1.0 NaN 3.895 
28.001586452887665 9.0 NaN 0.521412037037037 5.0 NaN 0.9953846153846154 1.0 NaN 3.625 35.0 2.6666666666666665 0.5091835929256856 1.0 NaN 3.895 
29.001586452887665 9.0 NaN 0.521412037037037 5.0 NaN 0.9953846153846154 1.0 NaN 3.625 35.0 2.6666666666666665 0.5091835929256856 1.0 NaN 3.895 
30.001586452887665 9.0 NaN 0.521412037037037 5.0 NaN 0.9953846153846154 1.0 NaN 3.625 35.0 2.6666666666666665 0.5091835929256856 1.0 NaN 3.895 
31.001586452887665 9.0 NaN 0.521412037037037 5.0 NaN 0.9953846153846154 1.0 NaN 3.625 35.0 2.6666666666666665 0.5091835929256856 1.0 NaN 3.895 
32.001586452887665 9.0 NaN 0.521412037037037 5.0 NaN 0.9953846153846154 1.0 NaN 3.625 35.0 2.6666666666666665 0.5091835929256856 1.0 NaN 3.895 
33.001586452887665 9.0 NaN 0.521412037037037 5.0 NaN 0.9953846153846154 1.0 NaN 3.625 35.0 2.6666666666666665 0.5091835929256856 1.0 NaN 3.895 
34.001586452887665 9.0 NaN 0.521412037037037 5.0 NaN 0.9953846153846154 1.0 NaN 3.625 35.0 2.6666666666666665 0.5091835929256856 1.0 NaN 3.895 
35.001586452887665 9.0 NaN 0.521412037037037 5.0 NaN 0.9953846153846154 1.0 NaN 3.625 35.0 2.6666666666666665 0.5091835929256856 1.0 NaN 3.895 
36.001586452887665 9.0 NaN 0.521412037037037 5.0 NaN 0.9953846153846154 1.0 NaN 3.625 35.0 2.6666666666666665 0.5091835929256856 1.0 NaN 3.895 
#####################################################################
# End of data export. Simulation finished at: 2020-09-16T20:10+0000 #
#####################################################################
