#####################################################################
# Alchemist log file - simulation started at: 2020-09-16T18:40+0000 #
#####################################################################
# seed = 59.0, nodeCount = 400, grain = 10, deploymentType = RandomEuclidean
#
# The columns have the following meaning: 
# time leader-random[CountDistinct] HopCountClusterClosestNeighborDistance[leader-random] HopCountClusterIntraDistance[leader-random] leader-pageRank[CountDistinct] HopCountClusterClosestNeighborDistance[leader-pageRank] HopCountClusterIntraDistance[leader-pageRank] leader-harmonic[CountDistinct] HopCountClusterClosestNeighborDistance[leader-harmonic] HopCountClusterIntraDistance[leader-harmonic] leader-closeness[CountDistinct] HopCountClusterClosestNeighborDistance[leader-closeness] HopCountClusterIntraDistance[leader-closeness] leader-degree[CountDistinct] HopCountClusterClosestNeighborDistance[leader-degree] HopCountClusterIntraDistance[leader-degree] 
0.0 NaN NaN NaN NaN NaN NaN NaN NaN NaN NaN NaN NaN NaN NaN NaN 
1.0029349002746486 68.0 Infinity 0.7880352368220012 230.0 Infinity 0.26009316770186336 327.0 Infinity 0.10423037716615699 33.0 NaN 1.266191970417105 224.0 Infinity 0.2992772108843537 
2.0029349002746484 11.0 NaN NaN 43.0 Infinity NaN 150.0 Infinity NaN 9.0 NaN NaN 47.0 Infinity NaN 
3.0029349002746484 5.0 NaN NaN 11.0 Infinity NaN 68.0 Infinity NaN 4.0 NaN NaN 13.0 NaN NaN 
4.002934900274648 5.0 NaN NaN 6.0 NaN NaN 20.0 NaN NaN 3.0 NaN NaN 9.0 NaN NaN 
5.002934900274648 8.0 NaN NaN 4.0 NaN NaN 12.0 NaN NaN 3.0 NaN NaN 6.0 NaN NaN 
6.002934900274648 12.0 NaN NaN 4.0 NaN NaN 4.0 NaN NaN 3.0 NaN NaN 4.0 NaN NaN 
7.002934900274648 5.0 NaN NaN 4.0 NaN NaN 4.0 NaN NaN 3.0 NaN NaN 4.0 NaN NaN 
8.00293490027465 4.0 NaN NaN 7.0 Infinity NaN 3.0 NaN NaN 3.0 NaN NaN 5.0 NaN NaN 
9.00293490027465 19.0 NaN NaN 6.0 Infinity 1.2739584207728252 11.0 Infinity NaN 11.0 NaN NaN 9.0 NaN NaN 
10.00293490027465 24.0 Infinity 0.6054875950915554 5.0 Infinity NaN 5.0 Infinity 1.344447300771208 26.0 Infinity NaN 30.0 NaN NaN 
11.00293490027465 5.0 NaN NaN 4.0 NaN 1.944270964492571 2.0 NaN 3.313390979200748 3.0 NaN 3.5458102620893315 42.0 Infinity 0.2944211017740429 
12.00293490027465 4.0 NaN 3.3893771834525586 4.0 NaN 1.944270964492571 2.0 NaN 3.313390979200748 2.0 NaN 5.087427666775849 9.0 NaN NaN 
13.00293490027465 4.0 NaN 3.3893771834525586 4.0 NaN 1.944270964492571 2.0 NaN 3.313390979200748 2.0 NaN 5.087427666775849 6.0 NaN NaN 
14.00293490027465 4.0 NaN 3.3893771834525586 4.0 NaN 1.944270964492571 2.0 NaN 3.313390979200748 2.0 NaN 5.087427666775849 5.0 NaN 2.05476846057572 
15.00293490027465 4.0 NaN 3.3893771834525586 4.0 NaN 1.944270964492571 2.0 NaN 3.313390979200748 2.0 NaN 5.087427666775849 5.0 NaN 2.05476846057572 
16.00293490027465 4.0 NaN 3.3893771834525586 4.0 NaN 1.944270964492571 2.0 NaN 3.313390979200748 2.0 NaN 5.087427666775849 5.0 NaN 2.05476846057572 
17.00293490027465 4.0 NaN 3.3893771834525586 4.0 NaN 1.944270964492571 2.0 NaN 3.313390979200748 2.0 NaN 5.087427666775849 5.0 NaN 2.05476846057572 
18.00293490027465 4.0 NaN 3.3893771834525586 4.0 NaN 1.944270964492571 2.0 NaN 3.313390979200748 2.0 NaN 5.087427666775849 5.0 NaN 2.05476846057572 
19.00293490027465 4.0 NaN 3.3893771834525586 4.0 NaN 1.944270964492571 2.0 NaN 3.313390979200748 2.0 NaN 5.087427666775849 5.0 NaN 2.05476846057572 
20.00293490027465 4.0 NaN 3.3893771834525586 4.0 NaN 1.944270964492571 2.0 NaN 3.313390979200748 2.0 NaN 5.087427666775849 5.0 NaN 2.05476846057572 
21.00293490027465 4.0 NaN 3.3893771834525586 4.0 NaN 1.944270964492571 2.0 NaN 3.313390979200748 2.0 NaN 5.087427666775849 5.0 NaN 2.05476846057572 
22.00293490027465 4.0 NaN 3.3893771834525586 4.0 NaN 1.944270964492571 2.0 NaN 3.313390979200748 2.0 NaN 5.087427666775849 5.0 NaN 2.05476846057572 
23.00293490027465 4.0 NaN 3.3893771834525586 4.0 NaN 1.944270964492571 2.0 NaN 3.313390979200748 2.0 NaN 5.087427666775849 5.0 NaN 2.05476846057572 
24.00293490027465 4.0 NaN 3.3893771834525586 4.0 NaN 1.944270964492571 2.0 NaN 3.313390979200748 2.0 NaN 5.087427666775849 5.0 NaN 2.05476846057572 
25.00293490027465 4.0 NaN 3.3893771834525586 4.0 NaN 1.944270964492571 2.0 NaN 3.313390979200748 2.0 NaN 5.087427666775849 5.0 NaN 2.05476846057572 
26.00293490027465 4.0 NaN 3.3893771834525586 4.0 NaN 1.944270964492571 2.0 NaN 3.313390979200748 2.0 NaN 5.087427666775849 5.0 NaN 2.05476846057572 
27.00293490027465 4.0 NaN 3.3893771834525586 4.0 NaN 1.944270964492571 2.0 NaN 3.313390979200748 2.0 NaN 5.087427666775849 5.0 NaN 2.05476846057572 
28.00293490027465 4.0 NaN 3.3893771834525586 4.0 NaN 1.944270964492571 2.0 NaN 3.313390979200748 2.0 NaN 5.087427666775849 5.0 NaN 2.05476846057572 
29.00293490027465 4.0 NaN 3.3893771834525586 4.0 NaN 1.944270964492571 2.0 NaN 3.313390979200748 2.0 NaN 5.087427666775849 5.0 NaN 2.05476846057572 
30.00293490027465 4.0 NaN 3.3893771834525586 4.0 NaN 1.944270964492571 2.0 NaN 3.313390979200748 2.0 NaN 5.087427666775849 5.0 NaN 2.05476846057572 
31.00293490027465 4.0 NaN 3.3893771834525586 4.0 NaN 1.944270964492571 2.0 NaN 3.313390979200748 2.0 NaN 5.087427666775849 5.0 NaN 2.05476846057572 
32.00293490027465 4.0 NaN 3.3893771834525586 4.0 NaN 1.944270964492571 2.0 NaN 3.313390979200748 2.0 NaN 5.087427666775849 5.0 NaN 2.05476846057572 
33.00293490027465 4.0 NaN 3.3893771834525586 4.0 NaN 1.944270964492571 2.0 NaN 3.313390979200748 2.0 NaN 5.087427666775849 5.0 NaN 2.05476846057572 
34.00293490027465 4.0 NaN 3.3893771834525586 4.0 NaN 1.944270964492571 2.0 NaN 3.313390979200748 2.0 NaN 5.087427666775849 5.0 NaN 2.05476846057572 
35.00293490027465 4.0 NaN 3.3893771834525586 4.0 NaN 1.944270964492571 2.0 NaN 3.313390979200748 2.0 NaN 5.087427666775849 5.0 NaN 2.05476846057572 
36.00293490027465 4.0 NaN 3.3893771834525586 4.0 NaN 1.944270964492571 2.0 NaN 3.313390979200748 2.0 NaN 5.087427666775849 5.0 NaN 2.05476846057572 
37.00293490027465 4.0 NaN 3.3893771834525586 4.0 NaN 1.944270964492571 2.0 NaN 3.313390979200748 2.0 NaN 5.087427666775849 5.0 NaN 2.05476846057572 
38.00293490027465 4.0 NaN 3.3893771834525586 4.0 NaN 1.944270964492571 2.0 NaN 3.313390979200748 2.0 NaN 5.087427666775849 5.0 NaN 2.05476846057572 
39.00293490027465 4.0 NaN 3.3893771834525586 4.0 NaN 1.944270964492571 2.0 NaN 3.313390979200748 2.0 NaN 5.087427666775849 5.0 NaN 2.05476846057572 
40.00293490027465 4.0 NaN 3.3893771834525586 4.0 NaN 1.944270964492571 2.0 NaN 3.313390979200748 2.0 NaN 5.087427666775849 5.0 NaN 2.05476846057572 
41.00293490027465 4.0 NaN 3.3893771834525586 4.0 NaN 1.944270964492571 2.0 NaN 3.313390979200748 2.0 NaN 5.087427666775849 5.0 NaN 2.05476846057572 
42.00293490027465 4.0 NaN 3.3893771834525586 4.0 NaN 1.944270964492571 2.0 NaN 3.313390979200748 2.0 NaN 5.087427666775849 5.0 NaN 2.05476846057572 
43.00293490027465 4.0 NaN 3.3893771834525586 4.0 NaN 1.944270964492571 2.0 NaN 3.313390979200748 2.0 NaN 5.087427666775849 5.0 NaN 2.05476846057572 
44.00293490027465 4.0 NaN 3.3893771834525586 4.0 NaN 1.944270964492571 2.0 NaN 3.313390979200748 2.0 NaN 5.087427666775849 5.0 NaN 2.05476846057572 
45.00293490027465 4.0 NaN 3.3893771834525586 4.0 NaN 1.944270964492571 2.0 NaN 3.313390979200748 2.0 NaN 5.087427666775849 5.0 NaN 2.05476846057572 
46.00293490027465 4.0 NaN 3.3893771834525586 4.0 NaN 1.944270964492571 2.0 NaN 3.313390979200748 2.0 NaN 5.087427666775849 5.0 NaN 2.05476846057572 
#####################################################################
# End of data export. Simulation finished at: 2020-09-16T18:56+0000 #
#####################################################################
