#####################################################################
# Alchemist log file - simulation started at: 2020-09-16T11:33+0000 #
#####################################################################
# seed = 122.0, nodeCount = 200, grain = 4, deploymentType = RandomEuclidean
#
# The columns have the following meaning: 
# time leader-random[CountDistinct] HopCountClusterClosestNeighborDistance[leader-random] HopCountClusterIntraDistance[leader-random] leader-pageRank[CountDistinct] HopCountClusterClosestNeighborDistance[leader-pageRank] HopCountClusterIntraDistance[leader-pageRank] leader-harmonic[CountDistinct] HopCountClusterClosestNeighborDistance[leader-harmonic] HopCountClusterIntraDistance[leader-harmonic] leader-closeness[CountDistinct] HopCountClusterClosestNeighborDistance[leader-closeness] HopCountClusterIntraDistance[leader-closeness] leader-degree[CountDistinct] HopCountClusterClosestNeighborDistance[leader-degree] HopCountClusterIntraDistance[leader-degree] 
0.0 NaN NaN NaN NaN NaN NaN NaN NaN NaN NaN NaN NaN NaN NaN NaN 
1.0000113254860128 72.0 3.2142857142857144 0.4792824074074074 160.0 3.6736842105263157 0.09222222222222222 184.0 3.8735177865612647 0.04030797101449275 40.0 2.6666666666666665 0.7331017246642246 155.0 3.961904761904762 0.11989247311827958 
2.000011325486013 30.0 3.2 NaN 45.0 3.8 NaN 95.0 4.0 0.505438596491228 25.0 NaN NaN 48.0 3.6666666666666665 NaN 
3.000011325486013 31.0 3.2 NaN 33.0 4.0 NaN 51.0 3.619047619047619 NaN 22.0 NaN NaN 32.0 4.0 NaN 
4.000011325486013 30.0 3.2 0.7019007361398668 52.0 4.380952380952381 NaN 62.0 4.072727272727272 NaN 22.0 NaN 1.1077998594542713 41.0 4.2 NaN 
5.000011325486013 23.0 3.2 0.9496841899960995 42.0 2.533333333333333 0.4358042067401674 44.0 3.4 NaN 19.0 NaN 1.3229203050990979 46.0 3.1666666666666665 0.36237658481683527 
6.000011325486013 22.0 3.2 1.056488016814104 24.0 2.6666666666666665 0.9876551071055383 37.0 3.4 NaN 19.0 NaN 1.3229203050990979 28.0 NaN NaN 
7.000011325486013 21.0 3.2 1.0639398271385851 20.0 3.0 1.032892588733106 34.0 3.4285714285714284 0.6494471066411198 19.0 NaN 1.3229203050990979 21.0 NaN NaN 
8.000011325486014 21.0 3.2 1.0639398271385851 23.0 4.0 0.8546892075940052 28.0 3.4 NaN 19.0 NaN 1.3229203050990979 39.0 4.0 0.49428181971285423 
9.000011325486014 21.0 3.2 1.0639398271385851 22.0 3.0 0.8935387170300964 31.0 3.3333333333333335 NaN 19.0 NaN 1.3229203050990979 30.0 4.0 0.7017727148330597 
10.000011325486014 21.0 3.2 1.0639398271385851 22.0 3.0 0.8935387170300964 30.0 3.3333333333333335 0.7492966233321912 19.0 NaN 1.3229203050990979 23.0 6.0 NaN 
11.000011325486014 21.0 3.2 1.0639398271385851 22.0 3.0 0.8935387170300964 31.0 3.6 NaN 19.0 NaN 1.3229203050990979 26.0 5.333333333333333 NaN 
12.000011325486014 21.0 3.2 1.0639398271385851 22.0 3.0 0.8935387170300964 32.0 3.3333333333333335 NaN 19.0 NaN 1.3229203050990979 27.0 6.0 0.7053299356309034 
13.000011325486014 21.0 3.2 1.0639398271385851 22.0 3.0 0.8935387170300964 26.0 3.0 0.8708809347002548 19.0 NaN 1.3229203050990979 23.0 NaN NaN 
14.000011325486014 21.0 3.2 1.0639398271385851 22.0 3.0 0.8935387170300964 23.0 3.0 0.9691359358447326 19.0 NaN 1.3229203050990979 21.0 NaN 0.9680772641785085 
15.000011325486014 21.0 3.2 1.0639398271385851 22.0 3.0 0.8935387170300964 21.0 3.3333333333333335 1.0052176651844427 19.0 NaN 1.3229203050990979 21.0 NaN 0.9680772641785085 
16.000011325486014 21.0 3.2 1.0639398271385851 22.0 3.0 0.8935387170300964 21.0 3.3333333333333335 1.0052176651844427 19.0 NaN 1.3229203050990979 21.0 NaN 0.9680772641785085 
17.000011325486014 21.0 3.2 1.0639398271385851 21.0 NaN 1.0075167511743868 21.0 3.3333333333333335 1.0052176651844427 19.0 NaN 1.3229203050990979 21.0 NaN 0.9680772641785085 
18.000011325486014 21.0 3.2 1.0639398271385851 22.0 3.0 0.8935387170300964 21.0 3.3333333333333335 1.0052176651844427 19.0 NaN 1.3229203050990979 21.0 NaN 0.9680772641785085 
19.000011325486014 21.0 3.2 1.0639398271385851 21.0 3.0 0.9598977035553391 21.0 3.3333333333333335 1.0052176651844427 19.0 NaN 1.3229203050990979 21.0 NaN 0.9680772641785085 
20.000011325486014 21.0 3.2 1.0639398271385851 20.0 NaN 1.0162259220664391 21.0 3.3333333333333335 1.0052176651844427 19.0 NaN 1.3229203050990979 21.0 NaN 0.9680772641785085 
21.000011325486014 21.0 3.2 1.0639398271385851 20.0 NaN 1.0162259220664391 21.0 3.3333333333333335 1.0052176651844427 19.0 NaN 1.3229203050990979 21.0 NaN 0.9680772641785085 
22.000011325486014 21.0 3.2 1.0639398271385851 20.0 NaN 1.0162259220664391 21.0 3.3333333333333335 1.0052176651844427 19.0 NaN 1.3229203050990979 21.0 NaN 0.9680772641785085 
23.000011325486014 21.0 3.2 1.0639398271385851 20.0 NaN 1.0162259220664391 21.0 3.3333333333333335 1.0052176651844427 19.0 NaN 1.3229203050990979 21.0 NaN 0.9680772641785085 
24.000011325486014 21.0 3.2 1.0639398271385851 20.0 NaN 1.0162259220664391 21.0 3.3333333333333335 1.0052176651844427 19.0 NaN 1.3229203050990979 21.0 NaN 0.9680772641785085 
25.000011325486014 21.0 3.2 1.0639398271385851 20.0 NaN 1.0162259220664391 21.0 3.3333333333333335 1.0052176651844427 19.0 NaN 1.3229203050990979 21.0 NaN 0.9680772641785085 
26.000011325486014 21.0 3.2 1.0639398271385851 20.0 NaN 1.0162259220664391 21.0 3.3333333333333335 1.0052176651844427 19.0 NaN 1.3229203050990979 21.0 NaN 0.9680772641785085 
27.000011325486014 21.0 3.2 1.0639398271385851 20.0 NaN 1.0162259220664391 21.0 3.3333333333333335 1.0052176651844427 19.0 NaN 1.3229203050990979 21.0 NaN 0.9680772641785085 
28.000011325486014 21.0 3.2 1.0639398271385851 20.0 NaN 1.0162259220664391 21.0 3.3333333333333335 1.0052176651844427 19.0 NaN 1.3229203050990979 21.0 NaN 0.9680772641785085 
29.000011325486014 21.0 3.2 1.0639398271385851 20.0 NaN 1.0162259220664391 21.0 3.3333333333333335 1.0052176651844427 19.0 NaN 1.3229203050990979 21.0 NaN 0.9680772641785085 
30.000011325486014 21.0 3.2 1.0639398271385851 20.0 NaN 1.0162259220664391 21.0 3.3333333333333335 1.0052176651844427 19.0 NaN 1.3229203050990979 21.0 NaN 0.9680772641785085 
31.000011325486014 21.0 3.2 1.0639398271385851 20.0 NaN 1.0162259220664391 21.0 3.3333333333333335 1.0052176651844427 19.0 NaN 1.3229203050990979 21.0 NaN 0.9680772641785085 
32.000011325486014 21.0 3.2 1.0639398271385851 20.0 NaN 1.0162259220664391 21.0 3.3333333333333335 1.0052176651844427 19.0 NaN 1.3229203050990979 21.0 NaN 0.9680772641785085 
33.000011325486014 21.0 3.2 1.0639398271385851 20.0 NaN 1.0162259220664391 21.0 3.3333333333333335 1.0052176651844427 19.0 NaN 1.3229203050990979 21.0 NaN 0.9680772641785085 
34.000011325486014 21.0 3.2 1.0639398271385851 20.0 NaN 1.0162259220664391 21.0 3.3333333333333335 1.0052176651844427 19.0 NaN 1.3229203050990979 21.0 NaN 0.9680772641785085 
#####################################################################
# End of data export. Simulation finished at: 2020-09-16T11:39+0000 #
#####################################################################
