#####################################################################
# Alchemist log file - simulation started at: 2020-09-16T18:17+0000 #
#####################################################################
# seed = 57.0, nodeCount = 800, grain = 7, deploymentType = Lobster
#
# The columns have the following meaning: 
# time leader-random[CountDistinct] HopCountClusterClosestNeighborDistance[leader-random] HopCountClusterIntraDistance[leader-random] leader-pageRank[CountDistinct] HopCountClusterClosestNeighborDistance[leader-pageRank] HopCountClusterIntraDistance[leader-pageRank] leader-harmonic[CountDistinct] HopCountClusterClosestNeighborDistance[leader-harmonic] HopCountClusterIntraDistance[leader-harmonic] leader-closeness[CountDistinct] HopCountClusterClosestNeighborDistance[leader-closeness] HopCountClusterIntraDistance[leader-closeness] leader-degree[CountDistinct] HopCountClusterClosestNeighborDistance[leader-degree] HopCountClusterIntraDistance[leader-degree] 
0.0 NaN NaN NaN NaN NaN NaN NaN NaN NaN NaN NaN NaN NaN NaN NaN 
1.0003714357398945 465.0 Infinity 0.18098377078741734 590.0 Infinity 0.06957902267224299 655.0 Infinity 0.06068278201865987 345.0 Infinity 0.3228104327117979 598.0 Infinity 0.07789977312288522 
2.0003714357398943 76.0 Infinity NaN 135.0 Infinity NaN 131.0 Infinity 0.8849036266729289 76.0 NaN 0.5344280424720494 130.0 Infinity 0.8244075059952352 
3.0003714357398943 36.0 NaN NaN 73.0 Infinity NaN 36.0 Infinity NaN 24.0 NaN NaN 43.0 Infinity NaN 
4.000371435739894 79.0 NaN NaN 79.0 Infinity NaN 18.0 Infinity NaN 161.0 Infinity NaN 27.0 NaN NaN 
5.000371435739894 188.0 Infinity 0.11230908382413345 37.0 Infinity NaN 37.0 Infinity NaN 346.0 Infinity NaN 69.0 NaN NaN 
6.000371435739894 188.0 Infinity NaN 51.0 Infinity NaN 80.0 Infinity NaN 298.0 NaN 0.1492160837320622 199.0 Infinity NaN 
7.000371435739894 157.0 NaN NaN 85.0 Infinity NaN 124.0 Infinity NaN 212.0 NaN 0.22897455298084074 202.0 Infinity 0.10520328382027035 
8.000371435739893 132.0 NaN NaN 127.0 Infinity NaN 125.0 Infinity NaN 179.0 NaN 0.25246386904948975 129.0 Infinity NaN 
9.000371435739893 121.0 NaN NaN 83.0 Infinity 0.5777782084202311 139.0 Infinity NaN 172.0 NaN 0.2310034259061096 101.0 Infinity NaN 
10.000371435739893 121.0 NaN 0.30558077002042083 55.0 Infinity NaN 137.0 Infinity NaN 171.0 NaN 0.2265399723705734 100.0 Infinity NaN 
11.000371435739893 121.0 NaN 0.30558077002042083 54.0 Infinity NaN 94.0 Infinity NaN 171.0 NaN 0.2265399723705734 99.0 Infinity 0.2464251858232976 
12.000371435739893 121.0 NaN 0.30558077002042083 53.0 Infinity NaN 125.0 Infinity NaN 171.0 NaN 0.2265399723705734 99.0 Infinity 0.2464251858232976 
13.000371435739893 121.0 NaN 0.30558077002042083 52.0 Infinity 0.7542506578409179 140.0 NaN 0.17690486497629357 171.0 NaN 0.2265399723705734 99.0 Infinity 0.2464251858232976 
14.000371435739893 121.0 NaN 0.30558077002042083 52.0 Infinity 0.7633945643323046 118.0 NaN 0.17998896583642351 171.0 NaN 0.2265399723705734 99.0 Infinity 0.2464251858232976 
15.000371435739893 121.0 NaN 0.30558077002042083 54.0 Infinity 0.6907219273384392 117.0 NaN NaN 171.0 NaN 0.2265399723705734 99.0 Infinity 0.2464251858232976 
16.000371435739893 121.0 NaN 0.30558077002042083 57.0 Infinity 0.6066038394255916 116.0 NaN 0.1681275768276074 171.0 NaN 0.2265399723705734 99.0 Infinity 0.2464251858232976 
17.000371435739893 121.0 NaN 0.30558077002042083 49.0 Infinity 0.6577580327082002 116.0 NaN 0.1681275768276074 171.0 NaN 0.2265399723705734 99.0 Infinity 0.2464251858232976 
18.000371435739893 121.0 NaN 0.30558077002042083 46.0 Infinity 0.6288864342042993 116.0 NaN 0.1681275768276074 171.0 NaN 0.2265399723705734 99.0 Infinity 0.2464251858232976 
19.000371435739893 121.0 NaN 0.30558077002042083 63.0 NaN 0.3467099058679991 116.0 NaN 0.1681275768276074 171.0 NaN 0.2265399723705734 99.0 Infinity 0.2464251858232976 
20.000371435739893 121.0 NaN 0.30558077002042083 83.0 Infinity 0.23906896469498726 116.0 NaN 0.1681275768276074 171.0 NaN 0.2265399723705734 99.0 Infinity 0.2464251858232976 
21.000371435739893 121.0 NaN 0.30558077002042083 106.0 Infinity 0.18719551009135796 116.0 NaN 0.1681275768276074 171.0 NaN 0.2265399723705734 99.0 Infinity 0.2464251858232976 
22.000371435739893 121.0 NaN 0.30558077002042083 105.0 Infinity 0.20008943558429154 116.0 NaN 0.1681275768276074 171.0 NaN 0.2265399723705734 99.0 Infinity 0.2464251858232976 
23.000371435739893 121.0 NaN 0.30558077002042083 85.0 Infinity 0.27910207588983915 116.0 NaN 0.1681275768276074 171.0 NaN 0.2265399723705734 99.0 Infinity 0.2464251858232976 
24.000371435739893 121.0 NaN 0.30558077002042083 85.0 Infinity 0.27910207588983915 116.0 NaN 0.1681275768276074 171.0 NaN 0.2265399723705734 99.0 Infinity 0.2464251858232976 
25.000371435739893 121.0 NaN 0.30558077002042083 85.0 Infinity 0.26107222349944476 116.0 NaN 0.1681275768276074 171.0 NaN 0.2265399723705734 99.0 Infinity 0.2464251858232976 
26.000371435739893 121.0 NaN 0.30558077002042083 85.0 Infinity 0.2764405708383803 116.0 NaN 0.1681275768276074 171.0 NaN 0.2265399723705734 99.0 Infinity 0.2464251858232976 
27.000371435739893 121.0 NaN 0.30558077002042083 85.0 Infinity NaN 116.0 NaN 0.1681275768276074 171.0 NaN 0.2265399723705734 99.0 Infinity 0.2464251858232976 
28.000371435739893 121.0 NaN 0.30558077002042083 84.0 Infinity 0.2711073005398441 116.0 NaN 0.1681275768276074 171.0 NaN 0.2265399723705734 99.0 Infinity 0.2464251858232976 
29.000371435739893 121.0 NaN 0.30558077002042083 84.0 Infinity 0.2711073005398441 116.0 NaN 0.1681275768276074 171.0 NaN 0.2265399723705734 99.0 Infinity 0.2464251858232976 
30.000371435739893 121.0 NaN 0.30558077002042083 84.0 Infinity 0.2711073005398441 116.0 NaN 0.1681275768276074 171.0 NaN 0.2265399723705734 99.0 Infinity 0.2464251858232976 
31.000371435739893 121.0 NaN 0.30558077002042083 84.0 Infinity 0.2711073005398441 116.0 NaN 0.1681275768276074 171.0 NaN 0.2265399723705734 99.0 Infinity 0.2464251858232976 
32.00037143573989 121.0 NaN 0.30558077002042083 84.0 Infinity 0.2711073005398441 116.0 NaN 0.1681275768276074 171.0 NaN 0.2265399723705734 99.0 Infinity 0.2464251858232976 
33.00037143573989 121.0 NaN 0.30558077002042083 84.0 Infinity 0.2711073005398441 116.0 NaN 0.1681275768276074 171.0 NaN 0.2265399723705734 99.0 Infinity 0.2464251858232976 
34.00037143573989 121.0 NaN 0.30558077002042083 84.0 Infinity 0.2711073005398441 116.0 NaN 0.1681275768276074 171.0 NaN 0.2265399723705734 99.0 Infinity 0.2464251858232976 
#####################################################################
# End of data export. Simulation finished at: 2020-09-16T18:45+0000 #
#####################################################################
