#####################################################################
# Alchemist log file - simulation started at: 2020-09-15T18:48+0000 #
#####################################################################
# seed = 5.0, nodeCount = 800, grain = 3, deploymentType = Lobster
#
# The columns have the following meaning: 
# time leader-random[CountDistinct] HopCountClusterClosestNeighborDistance[leader-random] HopCountClusterIntraDistance[leader-random] leader-pageRank[CountDistinct] HopCountClusterClosestNeighborDistance[leader-pageRank] HopCountClusterIntraDistance[leader-pageRank] leader-harmonic[CountDistinct] HopCountClusterClosestNeighborDistance[leader-harmonic] HopCountClusterIntraDistance[leader-harmonic] leader-closeness[CountDistinct] HopCountClusterClosestNeighborDistance[leader-closeness] HopCountClusterIntraDistance[leader-closeness] leader-degree[CountDistinct] HopCountClusterClosestNeighborDistance[leader-degree] HopCountClusterIntraDistance[leader-degree] 
0.0 NaN NaN NaN NaN NaN NaN NaN NaN NaN NaN NaN NaN NaN NaN NaN 
1.0031365367908396 473.0 3.7142857142857144 0.2125213933353468 615.0 3.8128654970760234 0.07251548586914441 695.0 3.742857142857143 0.04547961630695445 304.0 4.0 0.47586152882205524 623.0 4.071895424836601 0.0730139621391628 
2.00313653679084 252.0 3.3333333333333335 NaN 169.0 3.8088235294117645 NaN 144.0 3.764705882352941 0.8432944350894229 227.0 NaN 0.6200448474677552 175.0 4.116666666666666 NaN 
3.00313653679084 282.0 3.4 NaN 351.0 3.816993464052288 NaN 60.0 3.272727272727273 NaN 222.0 NaN 0.6677663052663054 366.0 3.8285714285714287 NaN 
4.00313653679084 240.0 3.4 0.5332203439676267 342.0 4.166666666666667 NaN 101.0 3.2666666666666666 NaN 211.0 NaN 0.7134792406119422 461.0 3.8333333333333335 NaN 
5.00313653679084 217.0 3.4 0.6079560091281191 306.0 4.25 NaN 178.0 3.418181818181818 NaN 211.0 NaN 0.7134792406119422 299.0 4.055555555555555 0.22958589782720798 
6.00313653679084 216.0 3.4 0.6112335832444531 300.0 4.25 0.2079162006896057 339.0 3.6483516483516483 NaN 211.0 NaN 0.7134792406119422 262.0 4.055555555555555 0.24438778807860695 
7.00313653679084 216.0 3.4 0.6112335832444531 278.0 4.25 0.23150001102167106 412.0 3.727272727272727 NaN 211.0 NaN 0.7134792406119422 262.0 4.055555555555555 0.24438778807860695 
8.00313653679084 216.0 3.4 0.6112335832444531 274.0 4.25 0.22479749389324938 318.0 3.8666666666666667 NaN 211.0 NaN 0.7134792406119422 262.0 4.055555555555555 0.24438778807860695 
9.00313653679084 216.0 3.4 0.6112335832444531 276.0 4.25 0.22316852654619684 383.0 4.121212121212121 NaN 211.0 NaN 0.7134792406119422 262.0 4.055555555555555 0.24438778807860695 
10.00313653679084 216.0 3.4 0.6112335832444531 274.0 4.25 0.22844712892974572 417.0 3.9444444444444446 NaN 211.0 NaN 0.7134792406119422 262.0 4.055555555555555 0.24438778807860695 
11.00313653679084 216.0 3.4 0.6112335832444531 272.0 4.25 0.23104600487775856 338.0 3.9444444444444446 NaN 211.0 NaN 0.7134792406119422 262.0 4.055555555555555 0.24438778807860695 
12.00313653679084 216.0 3.4 0.6112335832444531 272.0 4.25 0.23104600487775856 389.0 4.333333333333333 NaN 211.0 NaN 0.7134792406119422 262.0 4.055555555555555 0.24438778807860695 
13.00313653679084 216.0 3.4 0.6112335832444531 272.0 4.25 0.23104600487775856 367.0 4.214285714285714 0.12677217239456431 211.0 NaN 0.7134792406119422 262.0 4.055555555555555 0.24438778807860695 
14.00313653679084 216.0 3.4 0.6112335832444531 272.0 4.25 0.22873919980278742 301.0 4.214285714285714 NaN 211.0 NaN 0.7134792406119422 262.0 4.055555555555555 0.24438778807860695 
15.00313653679084 216.0 3.4 0.6112335832444531 283.0 4.111111111111111 0.22070642929051346 304.0 4.214285714285714 NaN 211.0 NaN 0.7134792406119422 262.0 4.055555555555555 0.24438778807860695 
16.00313653679084 216.0 3.4 0.6112335832444531 272.0 4.333333333333333 0.2440767931734691 323.0 4.214285714285714 NaN 211.0 NaN 0.7134792406119422 262.0 4.055555555555555 0.24438778807860695 
17.00313653679084 216.0 3.4 0.6112335832444531 256.0 4.666666666666667 0.26004374723158047 294.0 4.214285714285714 0.19210805986887172 211.0 NaN 0.7134792406119422 262.0 4.055555555555555 0.24438778807860695 
18.00313653679084 216.0 3.4 0.6112335832444531 256.0 4.666666666666667 0.2606243754849061 300.0 4.214285714285714 NaN 211.0 NaN 0.7134792406119422 262.0 4.055555555555555 0.24438778807860695 
19.00313653679084 216.0 3.4 0.6112335832444531 256.0 4.666666666666667 0.2611824111991918 303.0 4.214285714285714 0.16981051178548812 211.0 NaN 0.7134792406119422 262.0 4.055555555555555 0.24438778807860695 
20.00313653679084 216.0 3.4 0.6112335832444531 256.0 4.666666666666667 0.2611824111991918 294.0 4.214285714285714 NaN 211.0 NaN 0.7134792406119422 262.0 4.055555555555555 0.24438778807860695 
21.00313653679084 216.0 3.4 0.6112335832444531 260.0 4.857142857142857 0.25553228408238593 289.0 4.214285714285714 0.1676560037058924 211.0 NaN 0.7134792406119422 262.0 4.055555555555555 0.24438778807860695 
22.00313653679084 216.0 3.4 0.6112335832444531 260.0 4.857142857142857 0.2606604892105911 285.0 4.214285714285714 0.1713248598982558 211.0 NaN 0.7134792406119422 262.0 4.055555555555555 0.24438778807860695 
23.00313653679084 216.0 3.4 0.6112335832444531 233.0 4.857142857142857 0.30979361536454453 285.0 4.214285714285714 0.1713248598982558 211.0 NaN 0.7134792406119422 262.0 4.055555555555555 0.24438778807860695 
24.00313653679084 216.0 3.4 0.6112335832444531 224.0 4.857142857142857 0.30160457860469686 285.0 4.214285714285714 0.1713248598982558 211.0 NaN 0.7134792406119422 262.0 4.055555555555555 0.24438778807860695 
25.00313653679084 216.0 3.4 0.6112335832444531 224.0 4.857142857142857 0.30160457860469686 285.0 4.214285714285714 0.1713248598982558 211.0 NaN 0.7134792406119422 262.0 4.055555555555555 0.24438778807860695 
26.00313653679084 216.0 3.4 0.6112335832444531 224.0 4.857142857142857 0.30160457860469686 285.0 4.214285714285714 0.1713248598982558 211.0 NaN 0.7134792406119422 262.0 4.055555555555555 0.24438778807860695 
27.00313653679084 216.0 3.4 0.6112335832444531 231.0 4.857142857142857 0.29303465175246984 285.0 4.214285714285714 0.1713248598982558 211.0 NaN 0.7134792406119422 262.0 4.055555555555555 0.24438778807860695 
28.00313653679084 216.0 3.4 0.6112335832444531 235.0 4.777777777777778 0.2844602017530356 285.0 4.214285714285714 0.1713248598982558 211.0 NaN 0.7134792406119422 262.0 4.055555555555555 0.24438778807860695 
29.00313653679084 216.0 3.4 0.6112335832444531 260.0 4.388888888888889 0.24723646440498734 285.0 4.214285714285714 0.1713248598982558 211.0 NaN 0.7134792406119422 262.0 4.055555555555555 0.24438778807860695 
30.00313653679084 216.0 3.4 0.6112335832444531 264.0 4.75 0.23970257858066932 285.0 4.214285714285714 0.1713248598982558 211.0 NaN 0.7134792406119422 262.0 4.055555555555555 0.24438778807860695 
31.00313653679084 216.0 3.4 0.6112335832444531 264.0 4.75 0.23970257858066932 285.0 4.214285714285714 0.1713248598982558 211.0 NaN 0.7134792406119422 262.0 4.055555555555555 0.24438778807860695 
32.00313653679084 216.0 3.4 0.6112335832444531 264.0 4.75 0.23970257858066932 285.0 4.214285714285714 0.1713248598982558 211.0 NaN 0.7134792406119422 262.0 4.055555555555555 0.24438778807860695 
33.00313653679084 216.0 3.4 0.6112335832444531 264.0 4.75 0.23970257858066932 285.0 4.214285714285714 0.1713248598982558 211.0 NaN 0.7134792406119422 262.0 4.055555555555555 0.24438778807860695 
34.00313653679084 216.0 3.4 0.6112335832444531 264.0 4.75 0.23970257858066932 285.0 4.214285714285714 0.1713248598982558 211.0 NaN 0.7134792406119422 262.0 4.055555555555555 0.24438778807860695 
35.00313653679084 216.0 3.4 0.6112335832444531 264.0 4.75 0.23970257858066932 285.0 4.214285714285714 0.1713248598982558 211.0 NaN 0.7134792406119422 262.0 4.055555555555555 0.24438778807860695 
36.00313653679084 216.0 3.4 0.6112335832444531 264.0 4.75 0.23970257858066932 285.0 4.214285714285714 0.1713248598982558 211.0 NaN 0.7134792406119422 262.0 4.055555555555555 0.24438778807860695 
37.00313653679084 216.0 3.4 0.6112335832444531 264.0 4.75 0.23970257858066932 285.0 4.214285714285714 0.1713248598982558 211.0 NaN 0.7134792406119422 262.0 4.055555555555555 0.24438778807860695 
#####################################################################
# End of data export. Simulation finished at: 2020-09-15T19:04+0000 #
#####################################################################
