#####################################################################
# Alchemist log file - simulation started at: 2020-09-15T19:28+0000 #
#####################################################################
# seed = 9.0, nodeCount = 400, grain = 4, deploymentType = Lobster
#
# The columns have the following meaning: 
# time leader-random[CountDistinct] HopCountClusterClosestNeighborDistance[leader-random] HopCountClusterIntraDistance[leader-random] leader-pageRank[CountDistinct] HopCountClusterClosestNeighborDistance[leader-pageRank] HopCountClusterIntraDistance[leader-pageRank] leader-harmonic[CountDistinct] HopCountClusterClosestNeighborDistance[leader-harmonic] HopCountClusterIntraDistance[leader-harmonic] leader-closeness[CountDistinct] HopCountClusterClosestNeighborDistance[leader-closeness] HopCountClusterIntraDistance[leader-closeness] leader-degree[CountDistinct] HopCountClusterClosestNeighborDistance[leader-degree] HopCountClusterIntraDistance[leader-degree] 
0.0 NaN NaN NaN NaN NaN NaN NaN NaN NaN NaN NaN NaN NaN NaN NaN 
1.0015323036356916 240.0 3.8461538461538463 0.18973048941798934 326.0 3.761904761904762 0.05606680299931834 354.0 3.707509881422925 0.03731952291274325 180.0 4.0 0.32819583194583185 320.0 3.5584415584415585 0.0636656746031746 
2.001532303635692 106.0 3.8 NaN 74.0 3.227272727272727 NaN 73.0 3.3846153846153846 0.824684079132953 151.0 NaN 0.23044518027961733 70.0 3.227272727272727 0.8227388698394336 
3.001532303635692 196.0 3.787878787878788 NaN 131.0 4.121212121212121 NaN 23.0 3.4285714285714284 1.4548546223725136 188.0 4.166666666666667 0.1933416486695462 110.0 4.0 NaN 
4.001532303635692 196.0 4.333333333333333 0.23585899756348197 150.0 4.285714285714286 0.16464053803339523 40.0 2.9523809523809526 NaN 178.0 4.166666666666667 0.22937454079529773 254.0 4.166666666666667 NaN 
5.001532303635692 190.0 4.714285714285714 NaN 135.0 4.285714285714286 NaN 135.0 3.3333333333333335 NaN 177.0 4.166666666666667 0.2308049592393928 223.0 3.923076923076923 NaN 
6.001532303635692 140.0 4.466666666666667 0.4392649033297529 151.0 4.285714285714286 0.15056467937262644 163.0 3.1333333333333333 NaN 177.0 4.166666666666667 0.2308049592393928 156.0 3.9444444444444446 NaN 
7.001532303635692 129.0 4.466666666666667 0.4855809582094771 162.0 4.111111111111111 0.1430312076246054 148.0 3.9642857142857144 NaN 177.0 4.166666666666667 0.2308049592393928 152.0 3.9444444444444446 0.13032198409274554 
8.001532303635692 133.0 4.466666666666667 0.4599819995991345 140.0 4.051282051282051 0.17936327819868195 127.0 3.9642857142857144 NaN 177.0 4.166666666666667 0.2308049592393928 147.0 3.9444444444444446 NaN 
9.001532303635692 134.0 4.466666666666667 0.4565492981095887 134.0 4.111111111111111 NaN 126.0 3.9642857142857144 0.08991748214437291 177.0 4.166666666666667 0.2308049592393928 144.0 3.9444444444444446 NaN 
10.001532303635692 134.0 4.466666666666667 0.4565492981095887 132.0 4.111111111111111 NaN 115.0 3.9642857142857144 0.13040234275528392 177.0 4.166666666666667 0.2308049592393928 123.0 3.9285714285714284 0.1829194477744492 
11.001532303635692 134.0 4.466666666666667 0.4565492981095887 111.0 4.111111111111111 0.21913579245280596 111.0 3.9642857142857144 0.1408072319837026 177.0 4.166666666666667 0.2308049592393928 127.0 3.9285714285714284 NaN 
12.001532303635692 134.0 4.466666666666667 0.4565492981095887 109.0 4.111111111111111 0.22927284063236816 110.0 3.9642857142857144 0.1303793087482927 177.0 4.166666666666667 0.2308049592393928 135.0 3.9285714285714284 NaN 
13.001532303635692 134.0 4.466666666666667 0.4565492981095887 109.0 4.111111111111111 0.22927284063236816 110.0 3.9642857142857144 0.1303793087482927 177.0 4.166666666666667 0.2308049592393928 131.0 3.9285714285714284 0.16309012490054609 
14.001532303635692 134.0 4.466666666666667 0.4565492981095887 109.0 4.111111111111111 0.22927284063236816 110.0 3.9642857142857144 0.1303793087482927 177.0 4.166666666666667 0.2308049592393928 129.0 3.9285714285714284 0.17078661262510236 
15.001532303635692 134.0 4.466666666666667 0.4565492981095887 109.0 4.111111111111111 0.22927284063236816 110.0 3.9642857142857144 0.1303793087482927 177.0 4.166666666666667 0.2308049592393928 129.0 3.9285714285714284 0.17078661262510236 
16.001532303635692 134.0 4.466666666666667 0.4565492981095887 123.0 4.022222222222222 0.19416434237310545 110.0 3.9642857142857144 0.1303793087482927 177.0 4.166666666666667 0.2308049592393928 129.0 3.9285714285714284 0.17078661262510236 
17.001532303635692 134.0 4.466666666666667 0.4565492981095887 151.0 4.066666666666666 0.1450936127069708 110.0 3.9642857142857144 0.1303793087482927 177.0 4.166666666666667 0.2308049592393928 129.0 3.9285714285714284 0.17078661262510236 
18.001532303635692 134.0 4.466666666666667 0.4565492981095887 151.0 4.066666666666666 0.1450936127069708 110.0 3.9642857142857144 0.1303793087482927 177.0 4.166666666666667 0.2308049592393928 129.0 3.9285714285714284 0.17078661262510236 
19.001532303635692 134.0 4.466666666666667 0.4565492981095887 152.0 4.066666666666666 0.13542727943890737 110.0 3.9642857142857144 0.1303793087482927 177.0 4.166666666666667 0.2308049592393928 129.0 3.9285714285714284 0.17078661262510236 
20.001532303635692 134.0 4.466666666666667 0.4565492981095887 174.0 4.0 0.11894886975551161 110.0 3.9642857142857144 0.1303793087482927 177.0 4.166666666666667 0.2308049592393928 129.0 3.9285714285714284 0.17078661262510236 
21.001532303635692 134.0 4.466666666666667 0.4565492981095887 167.0 4.166666666666667 0.14164583997271565 110.0 3.9642857142857144 0.1303793087482927 177.0 4.166666666666667 0.2308049592393928 129.0 3.9285714285714284 0.17078661262510236 
22.001532303635692 134.0 4.466666666666667 0.4565492981095887 170.0 4.166666666666667 0.1441380375679684 110.0 3.9642857142857144 0.1303793087482927 177.0 4.166666666666667 0.2308049592393928 129.0 3.9285714285714284 0.17078661262510236 
23.001532303635692 134.0 4.466666666666667 0.4565492981095887 161.0 4.166666666666667 0.157519192810364 110.0 3.9642857142857144 0.1303793087482927 177.0 4.166666666666667 0.2308049592393928 129.0 3.9285714285714284 0.17078661262510236 
24.001532303635692 134.0 4.466666666666667 0.4565492981095887 157.0 4.166666666666667 0.18650600367535555 110.0 3.9642857142857144 0.1303793087482927 177.0 4.166666666666667 0.2308049592393928 129.0 3.9285714285714284 0.17078661262510236 
25.001532303635692 134.0 4.466666666666667 0.4565492981095887 136.0 4.166666666666667 0.20486410121324078 110.0 3.9642857142857144 0.1303793087482927 177.0 4.166666666666667 0.2308049592393928 129.0 3.9285714285714284 0.17078661262510236 
26.001532303635692 134.0 4.466666666666667 0.4565492981095887 144.0 4.166666666666667 NaN 110.0 3.9642857142857144 0.1303793087482927 177.0 4.166666666666667 0.2308049592393928 129.0 3.9285714285714284 0.17078661262510236 
27.001532303635692 134.0 4.466666666666667 0.4565492981095887 156.0 4.166666666666667 NaN 110.0 3.9642857142857144 0.1303793087482927 177.0 4.166666666666667 0.2308049592393928 129.0 3.9285714285714284 0.17078661262510236 
28.001532303635692 134.0 4.466666666666667 0.4565492981095887 149.0 4.166666666666667 0.1628457015369258 110.0 3.9642857142857144 0.1303793087482927 177.0 4.166666666666667 0.2308049592393928 129.0 3.9285714285714284 0.17078661262510236 
29.001532303635692 134.0 4.466666666666667 0.4565492981095887 139.0 3.9285714285714284 0.16646539792242232 110.0 3.9642857142857144 0.1303793087482927 177.0 4.166666666666667 0.2308049592393928 129.0 3.9285714285714284 0.17078661262510236 
30.001532303635692 134.0 4.466666666666667 0.4565492981095887 137.0 3.9285714285714284 0.16902535057400153 110.0 3.9642857142857144 0.1303793087482927 177.0 4.166666666666667 0.2308049592393928 129.0 3.9285714285714284 0.17078661262510236 
31.001532303635692 134.0 4.466666666666667 0.4565492981095887 137.0 3.9285714285714284 0.16902535057400153 110.0 3.9642857142857144 0.1303793087482927 177.0 4.166666666666667 0.2308049592393928 129.0 3.9285714285714284 0.17078661262510236 
32.00153230363569 134.0 4.466666666666667 0.4565492981095887 137.0 3.9285714285714284 0.16902535057400153 110.0 3.9642857142857144 0.1303793087482927 177.0 4.166666666666667 0.2308049592393928 129.0 3.9285714285714284 0.17078661262510236 
33.00153230363569 134.0 4.466666666666667 0.4565492981095887 137.0 3.9285714285714284 0.16902535057400153 110.0 3.9642857142857144 0.1303793087482927 177.0 4.166666666666667 0.2308049592393928 129.0 3.9285714285714284 0.17078661262510236 
34.00153230363569 134.0 4.466666666666667 0.4565492981095887 137.0 3.9285714285714284 0.16902535057400153 110.0 3.9642857142857144 0.1303793087482927 177.0 4.166666666666667 0.2308049592393928 129.0 3.9285714285714284 0.17078661262510236 
35.00153230363569 134.0 4.466666666666667 0.4565492981095887 137.0 3.9285714285714284 0.16902535057400153 110.0 3.9642857142857144 0.1303793087482927 177.0 4.166666666666667 0.2308049592393928 129.0 3.9285714285714284 0.17078661262510236 
36.00153230363569 134.0 4.466666666666667 0.4565492981095887 137.0 3.9285714285714284 0.16902535057400153 110.0 3.9642857142857144 0.1303793087482927 177.0 4.166666666666667 0.2308049592393928 129.0 3.9285714285714284 0.17078661262510236 
37.00153230363569 134.0 4.466666666666667 0.4565492981095887 137.0 3.9285714285714284 0.16902535057400153 110.0 3.9642857142857144 0.1303793087482927 177.0 4.166666666666667 0.2308049592393928 129.0 3.9285714285714284 0.17078661262510236 
#####################################################################
# End of data export. Simulation finished at: 2020-09-15T19:36+0000 #
#####################################################################
