#####################################################################
<<<<<<< HEAD
<<<<<<< HEAD
<<<<<<< HEAD
# Alchemist log file - simulation started at: 2020-09-16T15:54+0000 #
=======
# Alchemist log file - simulation started at: 2020-09-16T12:46+0000 #
>>>>>>> 78924d21d0b7204abe0b4659dbd7d51811d4c31f
=======
# Alchemist log file - simulation started at: 2020-09-16T12:46+0000 #
>>>>>>> 88c275fcf8f22bc4848b0f8b119a18abbf9e12ef
=======
# Alchemist log file - simulation started at: 2020-09-16T12:46+0000 #
>>>>>>> bd84e30be4412ccf95e8dc6e8e60fffac085de1d
#####################################################################
# seed = 48.0, nodeCount = 800, grain = 8, deploymentType = BarabasiAlbert
#
# The columns have the following meaning: 
# time leader-random[CountDistinct] HopCountClusterClosestNeighborDistance[leader-random] HopCountClusterIntraDistance[leader-random] leader-pageRank[CountDistinct] HopCountClusterClosestNeighborDistance[leader-pageRank] HopCountClusterIntraDistance[leader-pageRank] leader-harmonic[CountDistinct] HopCountClusterClosestNeighborDistance[leader-harmonic] HopCountClusterIntraDistance[leader-harmonic] leader-closeness[CountDistinct] HopCountClusterClosestNeighborDistance[leader-closeness] HopCountClusterIntraDistance[leader-closeness] leader-degree[CountDistinct] HopCountClusterClosestNeighborDistance[leader-degree] HopCountClusterIntraDistance[leader-degree] 
0.0 NaN NaN NaN NaN NaN NaN NaN NaN NaN NaN NaN NaN NaN NaN NaN 
<<<<<<< HEAD
<<<<<<< HEAD
<<<<<<< HEAD
1.000781838923525 370.0 Infinity 0.2219562871141819 525.0 Infinity 0.06872147268420561 574.0 Infinity 0.06260805640963352 251.0 Infinity 0.5017173124166205 512.0 Infinity 0.07686554439484129 
2.0007818389235252 52.0 Infinity NaN 63.0 Infinity 0.9517321300877426 127.0 Infinity 0.6841257867564801 53.0 NaN NaN 57.0 Infinity NaN 
3.0007818389235252 7.0 NaN NaN 9.0 Infinity NaN 27.0 Infinity NaN 22.0 NaN NaN 8.0 Infinity NaN 
4.000781838923525 3.0 NaN NaN 2.0 Infinity NaN 4.0 Infinity NaN 18.0 NaN NaN 1.0 NaN 2.9887640449438204 
5.000781838923525 3.0 NaN 1.326241134751773 1.0 NaN 2.9887640449438204 2.0 Infinity NaN 22.0 NaN NaN 1.0 NaN 2.9887640449438204 
=======
=======
>>>>>>> 88c275fcf8f22bc4848b0f8b119a18abbf9e12ef
=======
>>>>>>> bd84e30be4412ccf95e8dc6e8e60fffac085de1d
1.000781838923525 370.0 3.6 0.2219562871141819 525.0 3.5428571428571427 0.06872147268420561 574.0 3.672514619883041 0.06260805640963352 251.0 3.4 0.5017173124166205 512.0 3.5428571428571427 0.07686554439484129 
2.0007818389235252 52.0 2.0 NaN 63.0 3.238095238095238 0.9517321300877426 127.0 3.7058823529411766 0.6841257867564801 53.0 NaN NaN 57.0 3.2857142857142856 NaN 
3.0007818389235252 7.0 NaN NaN 9.0 3.0 NaN 27.0 3.466666666666667 NaN 22.0 NaN NaN 8.0 3.0 NaN 
4.000781838923525 3.0 NaN NaN 2.0 2.0 NaN 4.0 2.5 NaN 18.0 NaN NaN 1.0 NaN 2.9887640449438204 
5.000781838923525 3.0 NaN 1.326241134751773 1.0 NaN 2.9887640449438204 2.0 2.0 NaN 22.0 NaN NaN 1.0 NaN 2.9887640449438204 
<<<<<<< HEAD
<<<<<<< HEAD
>>>>>>> 78924d21d0b7204abe0b4659dbd7d51811d4c31f
=======
>>>>>>> 88c275fcf8f22bc4848b0f8b119a18abbf9e12ef
=======
>>>>>>> bd84e30be4412ccf95e8dc6e8e60fffac085de1d
6.000781838923525 2.0 NaN 1.990625 1.0 NaN 2.9887640449438204 1.0 NaN 2.700374531835206 18.0 NaN 0.40741926305306586 1.0 NaN 2.9887640449438204 
7.000781838923525 2.0 NaN 1.990625 1.0 NaN 2.9887640449438204 1.0 NaN 2.700374531835206 18.0 NaN 0.40741926305306586 1.0 NaN 2.9887640449438204 
8.000781838923526 2.0 NaN 1.990625 1.0 NaN 2.9887640449438204 1.0 NaN 2.700374531835206 18.0 NaN 0.40741926305306586 1.0 NaN 2.9887640449438204 
9.000781838923526 2.0 NaN 1.990625 1.0 NaN 2.9887640449438204 1.0 NaN 2.700374531835206 18.0 NaN 0.40741926305306586 1.0 NaN 2.9887640449438204 
10.000781838923526 2.0 NaN 1.990625 1.0 NaN 2.9887640449438204 1.0 NaN 2.700374531835206 18.0 NaN 0.40741926305306586 1.0 NaN 2.9887640449438204 
11.000781838923526 2.0 NaN 1.990625 1.0 NaN 2.9887640449438204 1.0 NaN 2.700374531835206 18.0 NaN 0.40741926305306586 1.0 NaN 2.9887640449438204 
12.000781838923526 2.0 NaN 1.990625 1.0 NaN 2.9887640449438204 1.0 NaN 2.700374531835206 18.0 NaN 0.40741926305306586 1.0 NaN 2.9887640449438204 
13.000781838923526 2.0 NaN 1.990625 1.0 NaN 2.9887640449438204 1.0 NaN 2.700374531835206 18.0 NaN 0.40741926305306586 1.0 NaN 2.9887640449438204 
14.000781838923526 2.0 NaN 1.990625 1.0 NaN 2.9887640449438204 1.0 NaN 2.700374531835206 18.0 NaN 0.40741926305306586 1.0 NaN 2.9887640449438204 
15.000781838923526 2.0 NaN 1.990625 1.0 NaN 2.9887640449438204 1.0 NaN 2.700374531835206 18.0 NaN 0.40741926305306586 1.0 NaN 2.9887640449438204 
16.000781838923526 2.0 NaN 1.990625 1.0 NaN 2.9887640449438204 1.0 NaN 2.700374531835206 18.0 NaN 0.40741926305306586 1.0 NaN 2.9887640449438204 
17.000781838923526 2.0 NaN 1.990625 1.0 NaN 2.9887640449438204 1.0 NaN 2.700374531835206 18.0 NaN 0.40741926305306586 1.0 NaN 2.9887640449438204 
18.000781838923526 2.0 NaN 1.990625 1.0 NaN 2.9887640449438204 1.0 NaN 2.700374531835206 18.0 NaN 0.40741926305306586 1.0 NaN 2.9887640449438204 
19.000781838923526 2.0 NaN 1.990625 1.0 NaN 2.9887640449438204 1.0 NaN 2.700374531835206 18.0 NaN 0.40741926305306586 1.0 NaN 2.9887640449438204 
20.000781838923526 2.0 NaN 1.990625 1.0 NaN 2.9887640449438204 1.0 NaN 2.700374531835206 18.0 NaN 0.40741926305306586 1.0 NaN 2.9887640449438204 
21.000781838923526 2.0 NaN 1.990625 1.0 NaN 2.9887640449438204 1.0 NaN 2.700374531835206 18.0 NaN 0.40741926305306586 1.0 NaN 2.9887640449438204 
22.000781838923526 2.0 NaN 1.990625 1.0 NaN 2.9887640449438204 1.0 NaN 2.700374531835206 18.0 NaN 0.40741926305306586 1.0 NaN 2.9887640449438204 
23.000781838923526 2.0 NaN 1.990625 1.0 NaN 2.9887640449438204 1.0 NaN 2.700374531835206 18.0 NaN 0.40741926305306586 1.0 NaN 2.9887640449438204 
24.000781838923526 2.0 NaN 1.990625 1.0 NaN 2.9887640449438204 1.0 NaN 2.700374531835206 18.0 NaN 0.40741926305306586 1.0 NaN 2.9887640449438204 
25.000781838923526 2.0 NaN 1.990625 1.0 NaN 2.9887640449438204 1.0 NaN 2.700374531835206 18.0 NaN 0.40741926305306586 1.0 NaN 2.9887640449438204 
26.000781838923526 2.0 NaN 1.990625 1.0 NaN 2.9887640449438204 1.0 NaN 2.700374531835206 18.0 NaN 0.40741926305306586 1.0 NaN 2.9887640449438204 
27.000781838923526 2.0 NaN 1.990625 1.0 NaN 2.9887640449438204 1.0 NaN 2.700374531835206 18.0 NaN 0.40741926305306586 1.0 NaN 2.9887640449438204 
28.000781838923526 2.0 NaN 1.990625 1.0 NaN 2.9887640449438204 1.0 NaN 2.700374531835206 18.0 NaN 0.40741926305306586 1.0 NaN 2.9887640449438204 
29.000781838923526 2.0 NaN 1.990625 1.0 NaN 2.9887640449438204 1.0 NaN 2.700374531835206 18.0 NaN 0.40741926305306586 1.0 NaN 2.9887640449438204 
30.000781838923526 2.0 NaN 1.990625 1.0 NaN 2.9887640449438204 1.0 NaN 2.700374531835206 18.0 NaN 0.40741926305306586 1.0 NaN 2.9887640449438204 
31.000781838923526 2.0 NaN 1.990625 1.0 NaN 2.9887640449438204 1.0 NaN 2.700374531835206 18.0 NaN 0.40741926305306586 1.0 NaN 2.9887640449438204 
32.00078183892353 2.0 NaN 1.990625 1.0 NaN 2.9887640449438204 1.0 NaN 2.700374531835206 18.0 NaN 0.40741926305306586 1.0 NaN 2.9887640449438204 
33.00078183892353 2.0 NaN 1.990625 1.0 NaN 2.9887640449438204 1.0 NaN 2.700374531835206 18.0 NaN 0.40741926305306586 1.0 NaN 2.9887640449438204 
34.00078183892353 2.0 NaN 1.990625 1.0 NaN 2.9887640449438204 1.0 NaN 2.700374531835206 18.0 NaN 0.40741926305306586 1.0 NaN 2.9887640449438204 
35.00078183892353 2.0 NaN 1.990625 1.0 NaN 2.9887640449438204 1.0 NaN 2.700374531835206 18.0 NaN 0.40741926305306586 1.0 NaN 2.9887640449438204 
36.00078183892353 2.0 NaN 1.990625 1.0 NaN 2.9887640449438204 1.0 NaN 2.700374531835206 18.0 NaN 0.40741926305306586 1.0 NaN 2.9887640449438204 
37.00078183892353 2.0 NaN 1.990625 1.0 NaN 2.9887640449438204 1.0 NaN 2.700374531835206 18.0 NaN 0.40741926305306586 1.0 NaN 2.9887640449438204 
38.00078183892353 2.0 NaN 1.990625 1.0 NaN 2.9887640449438204 1.0 NaN 2.700374531835206 18.0 NaN 0.40741926305306586 1.0 NaN 2.9887640449438204 
39.00078183892353 2.0 NaN 1.990625 1.0 NaN 2.9887640449438204 1.0 NaN 2.700374531835206 18.0 NaN 0.40741926305306586 1.0 NaN 2.9887640449438204 
40.00078183892353 2.0 NaN 1.990625 1.0 NaN 2.9887640449438204 1.0 NaN 2.700374531835206 18.0 NaN 0.40741926305306586 1.0 NaN 2.9887640449438204 
#####################################################################
<<<<<<< HEAD
<<<<<<< HEAD
<<<<<<< HEAD
# End of data export. Simulation finished at: 2020-09-16T16:19+0000 #
=======
# End of data export. Simulation finished at: 2020-09-16T13:41+0000 #
>>>>>>> 78924d21d0b7204abe0b4659dbd7d51811d4c31f
=======
# End of data export. Simulation finished at: 2020-09-16T13:41+0000 #
>>>>>>> 88c275fcf8f22bc4848b0f8b119a18abbf9e12ef
=======
# End of data export. Simulation finished at: 2020-09-16T13:41+0000 #
>>>>>>> bd84e30be4412ccf95e8dc6e8e60fffac085de1d
#####################################################################
