#####################################################################
# Alchemist log file - simulation started at: 2020-09-16T10:08+0000 #
#####################################################################
# seed = 35.0, nodeCount = 400, grain = 9, deploymentType = Lobster
#
# The columns have the following meaning: 
# time leader-random[CountDistinct] HopCountClusterClosestNeighborDistance[leader-random] HopCountClusterIntraDistance[leader-random] leader-pageRank[CountDistinct] HopCountClusterClosestNeighborDistance[leader-pageRank] HopCountClusterIntraDistance[leader-pageRank] leader-harmonic[CountDistinct] HopCountClusterClosestNeighborDistance[leader-harmonic] HopCountClusterIntraDistance[leader-harmonic] leader-closeness[CountDistinct] HopCountClusterClosestNeighborDistance[leader-closeness] HopCountClusterIntraDistance[leader-closeness] leader-degree[CountDistinct] HopCountClusterClosestNeighborDistance[leader-degree] HopCountClusterIntraDistance[leader-degree] 
0.0 NaN NaN NaN NaN NaN NaN NaN NaN NaN NaN NaN NaN NaN NaN NaN 
1.0009288804918381 207.0 3.5714285714285716 0.20937746164195437 283.0 3.2483660130718954 0.09503898143474117 317.0 3.268421052631579 0.069006309148265 158.0 4.0 0.40523156519991954 285.0 3.268421052631579 0.0982121971595656 
2.000928880491838 44.0 2.0 NaN 70.0 3.212121212121212 NaN 72.0 3.123809523809524 0.901332671957672 46.0 NaN 0.559910858686119 66.0 3.4871794871794872 NaN 
3.000928880491838 16.0 1.0 NaN 27.0 3.238095238095238 NaN 25.0 2.9523809523809526 NaN 10.0 NaN 0.8744750656167979 24.0 3.7333333333333334 NaN 
4.000928880491838 7.0 NaN NaN 27.0 3.1666666666666665 NaN 11.0 2.2 NaN 13.0 NaN NaN 8.0 2.6666666666666665 NaN 
5.000928880491838 4.0 NaN NaN 27.0 3.357142857142857 NaN 7.0 2.1666666666666665 NaN 33.0 NaN NaN 14.0 2.6666666666666665 NaN 
6.000928880491838 10.0 NaN 0.6746805111821086 49.0 3.5714285714285716 NaN 10.0 2.1666666666666665 NaN 44.0 NaN 0.21541501976284583 17.0 NaN NaN 
7.000928880491838 21.0 NaN 0.32127643389624216 26.0 3.8 0.44648040638606684 10.0 2.1666666666666665 NaN 34.0 NaN 0.37120935330654004 18.0 NaN 0.3818342151675485 
8.000928880491838 68.0 NaN 0.1139236045856042 19.0 3.8 0.6451837140019862 9.0 1.0 NaN 30.0 NaN 0.4380199510634293 14.0 NaN 0.4433106575963719 
9.000928880491838 71.0 NaN 0.18047143349982753 31.0 4.066666666666666 0.4269073220686124 10.0 1.0 NaN 30.0 NaN 0.4380199510634293 13.0 NaN 0.5158730158730159 
10.000928880491838 33.0 NaN NaN 31.0 4.0 0.537324253145027 9.0 NaN 0.7257724045288811 30.0 NaN 0.4380199510634293 13.0 NaN 0.5158730158730159 
11.000928880491838 23.0 NaN NaN 27.0 4.0 0.667657651747219 6.0 NaN 0.8942141623488773 30.0 NaN 0.4380199510634293 13.0 NaN 0.5158730158730159 
12.000928880491838 21.0 NaN NaN 19.0 4.0 0.9757784712276276 6.0 NaN 0.8942141623488773 30.0 NaN 0.4380199510634293 13.0 NaN 0.5158730158730159 
13.000928880491838 21.0 NaN 0.8360383386581469 19.0 4.0 0.9757784712276276 6.0 NaN 0.8942141623488773 30.0 NaN 0.4380199510634293 13.0 NaN 0.5158730158730159 
14.000928880491838 21.0 NaN 0.8360383386581469 22.0 4.0 0.8358995887874966 6.0 NaN 0.8942141623488773 30.0 NaN 0.4380199510634293 13.0 NaN 0.5158730158730159 
15.000928880491838 21.0 NaN 0.8360383386581469 25.0 4.0 0.691591638132997 6.0 NaN 0.8942141623488773 30.0 NaN 0.4380199510634293 13.0 NaN 0.5158730158730159 
16.000928880491838 21.0 NaN 0.8360383386581469 22.0 4.0 0.8389298918177996 6.0 NaN 0.8942141623488773 30.0 NaN 0.4380199510634293 13.0 NaN 0.5158730158730159 
17.000928880491838 21.0 NaN 0.8360383386581469 21.0 4.0 0.886815442221822 6.0 NaN 0.8942141623488773 30.0 NaN 0.4380199510634293 13.0 NaN 0.5158730158730159 
18.000928880491838 21.0 NaN 0.8360383386581469 21.0 4.0 0.8909232997541678 6.0 NaN 0.8942141623488773 30.0 NaN 0.4380199510634293 13.0 NaN 0.5158730158730159 
19.000928880491838 21.0 NaN 0.8360383386581469 19.0 4.066666666666666 0.8890253649718243 6.0 NaN 0.8942141623488773 30.0 NaN 0.4380199510634293 13.0 NaN 0.5158730158730159 
20.000928880491838 21.0 NaN 0.8360383386581469 17.0 3.8 0.8746558013395371 6.0 NaN 0.8942141623488773 30.0 NaN 0.4380199510634293 13.0 NaN 0.5158730158730159 
21.000928880491838 21.0 NaN 0.8360383386581469 17.0 3.8 0.6533709374160623 6.0 NaN 0.8942141623488773 30.0 NaN 0.4380199510634293 13.0 NaN 0.5158730158730159 
22.000928880491838 21.0 NaN 0.8360383386581469 17.0 3.8 0.668677727501257 6.0 NaN 0.8942141623488773 30.0 NaN 0.4380199510634293 13.0 NaN 0.5158730158730159 
23.000928880491838 21.0 NaN 0.8360383386581469 17.0 3.8 0.6917502787068004 6.0 NaN 0.8942141623488773 30.0 NaN 0.4380199510634293 13.0 NaN 0.5158730158730159 
24.000928880491838 21.0 NaN 0.8360383386581469 20.0 3.8 0.5983024691358024 6.0 NaN 0.8942141623488773 30.0 NaN 0.4380199510634293 13.0 NaN 0.5158730158730159 
25.000928880491838 21.0 NaN 0.8360383386581469 25.0 3.8 0.510849368318756 6.0 NaN 0.8942141623488773 30.0 NaN 0.4380199510634293 13.0 NaN 0.5158730158730159 
26.000928880491838 21.0 NaN 0.8360383386581469 16.0 4.0 0.643763963360143 6.0 NaN 0.8942141623488773 30.0 NaN 0.4380199510634293 13.0 NaN 0.5158730158730159 
27.000928880491838 21.0 NaN 0.8360383386581469 14.0 NaN 0.6069837025719379 6.0 NaN 0.8942141623488773 30.0 NaN 0.4380199510634293 13.0 NaN 0.5158730158730159 
28.000928880491838 21.0 NaN 0.8360383386581469 14.0 NaN 0.6069837025719379 6.0 NaN 0.8942141623488773 30.0 NaN 0.4380199510634293 13.0 NaN 0.5158730158730159 
29.000928880491838 21.0 NaN 0.8360383386581469 14.0 NaN 0.6069837025719379 6.0 NaN 0.8942141623488773 30.0 NaN 0.4380199510634293 13.0 NaN 0.5158730158730159 
30.000928880491838 21.0 NaN 0.8360383386581469 14.0 NaN 0.6069837025719379 6.0 NaN 0.8942141623488773 30.0 NaN 0.4380199510634293 13.0 NaN 0.5158730158730159 
31.000928880491838 21.0 NaN 0.8360383386581469 14.0 NaN 0.6069837025719379 6.0 NaN 0.8942141623488773 30.0 NaN 0.4380199510634293 13.0 NaN 0.5158730158730159 
32.00092888049184 21.0 NaN 0.8360383386581469 14.0 NaN 0.6069837025719379 6.0 NaN 0.8942141623488773 30.0 NaN 0.4380199510634293 13.0 NaN 0.5158730158730159 
33.00092888049184 21.0 NaN 0.8360383386581469 14.0 NaN 0.6069837025719379 6.0 NaN 0.8942141623488773 30.0 NaN 0.4380199510634293 13.0 NaN 0.5158730158730159 
#####################################################################
# End of data export. Simulation finished at: 2020-09-16T10:18+0000 #
#####################################################################
