#####################################################################
# Alchemist log file - simulation started at: 2020-09-16T13:31+0000 #
#####################################################################
# seed = 124.0, nodeCount = 800, grain = 5, deploymentType = BarabasiAlbert
#
# The columns have the following meaning: 
# time leader-random[CountDistinct] HopCountClusterClosestNeighborDistance[leader-random] HopCountClusterIntraDistance[leader-random] leader-pageRank[CountDistinct] HopCountClusterClosestNeighborDistance[leader-pageRank] HopCountClusterIntraDistance[leader-pageRank] leader-harmonic[CountDistinct] HopCountClusterClosestNeighborDistance[leader-harmonic] HopCountClusterIntraDistance[leader-harmonic] leader-closeness[CountDistinct] HopCountClusterClosestNeighborDistance[leader-closeness] HopCountClusterIntraDistance[leader-closeness] leader-degree[CountDistinct] HopCountClusterClosestNeighborDistance[leader-degree] HopCountClusterIntraDistance[leader-degree] 
0.0 NaN NaN NaN NaN NaN NaN NaN NaN NaN NaN NaN NaN NaN NaN NaN 
1.0014952802140396 403.0 5.5 0.21484649909057593 566.0 3.8974358974358974 0.05461839211171794 617.0 3.764705882352941 0.046277617574214024 298.0 NaN 0.4452381260084791 563.0 3.8974358974358974 0.05997252257124377 
2.0014952802140398 117.0 NaN NaN 109.0 3.388888888888889 NaN 135.0 3.358974358974359 NaN 214.0 NaN NaN 110.0 3.388888888888889 0.6528336144754242 
3.0014952802140398 212.0 NaN NaN 45.0 2.8666666666666667 NaN 68.0 3.272727272727273 NaN 452.0 3.6666666666666665 NaN 49.0 2.8 NaN 
4.00149528021404 283.0 NaN NaN 32.0 3.0 NaN 32.0 3.2 NaN 342.0 6.0 NaN 32.0 2.6666666666666665 NaN 
5.00149528021404 238.0 NaN NaN 24.0 NaN 0.1389246849942726 23.0 2.0 NaN 289.0 5.0 NaN 24.0 NaN 0.1389246849942726 
6.00149528021404 202.0 NaN NaN 23.0 NaN 0.16670401912445837 23.0 NaN 0.16670401912445837 281.0 5.0 0.422514157122698 23.0 NaN 0.16670401912445837 
7.00149528021404 201.0 NaN NaN 23.0 NaN 0.16670401912445837 23.0 NaN 0.16670401912445837 272.0 5.0 0.4458449873068681 23.0 NaN 0.16670401912445837 
8.00149528021404 202.0 NaN 0.21408807604020166 23.0 NaN 0.16670401912445837 23.0 NaN 0.16670401912445837 270.0 5.0 NaN 23.0 NaN 0.16670401912445837 
9.00149528021404 204.0 NaN 0.21444015372608202 23.0 NaN 0.16670401912445837 23.0 NaN 0.16670401912445837 267.0 5.0 0.4607668108923313 23.0 NaN 0.16670401912445837 
10.00149528021404 201.0 NaN 0.22510343960259072 23.0 NaN 0.16670401912445837 23.0 NaN 0.16670401912445837 265.0 5.0 0.4680178811632168 23.0 NaN 0.16670401912445837 
11.00149528021404 200.0 NaN 0.22622895680060368 23.0 NaN 0.16670401912445837 23.0 NaN 0.16670401912445837 265.0 5.0 0.4680178811632168 23.0 NaN 0.16670401912445837 
12.00149528021404 200.0 NaN 0.22622895680060368 23.0 NaN 0.16670401912445837 23.0 NaN 0.16670401912445837 265.0 5.0 0.4680178811632168 23.0 NaN 0.16670401912445837 
13.00149528021404 200.0 NaN 0.22622895680060368 23.0 NaN 0.16670401912445837 23.0 NaN 0.16670401912445837 265.0 5.0 0.4680178811632168 23.0 NaN 0.16670401912445837 
14.00149528021404 200.0 NaN 0.22622895680060368 23.0 NaN 0.16670401912445837 23.0 NaN 0.16670401912445837 265.0 5.0 0.4680178811632168 23.0 NaN 0.16670401912445837 
15.00149528021404 200.0 NaN 0.22622895680060368 23.0 NaN 0.16670401912445837 23.0 NaN 0.16670401912445837 265.0 5.0 0.4680178811632168 23.0 NaN 0.16670401912445837 
16.00149528021404 200.0 NaN 0.22622895680060368 23.0 NaN 0.16670401912445837 23.0 NaN 0.16670401912445837 265.0 5.0 0.4680178811632168 23.0 NaN 0.16670401912445837 
17.00149528021404 200.0 NaN 0.22622895680060368 23.0 NaN 0.16670401912445837 23.0 NaN 0.16670401912445837 265.0 5.0 0.4680178811632168 23.0 NaN 0.16670401912445837 
18.00149528021404 200.0 NaN 0.22622895680060368 23.0 NaN 0.16670401912445837 23.0 NaN 0.16670401912445837 265.0 5.0 0.4680178811632168 23.0 NaN 0.16670401912445837 
19.00149528021404 200.0 NaN 0.22622895680060368 23.0 NaN 0.16670401912445837 23.0 NaN 0.16670401912445837 265.0 5.0 0.4680178811632168 23.0 NaN 0.16670401912445837 
20.00149528021404 200.0 NaN 0.22622895680060368 23.0 NaN 0.16670401912445837 23.0 NaN 0.16670401912445837 265.0 5.0 0.4680178811632168 23.0 NaN 0.16670401912445837 
21.00149528021404 200.0 NaN 0.22622895680060368 23.0 NaN 0.16670401912445837 23.0 NaN 0.16670401912445837 265.0 5.0 0.4680178811632168 23.0 NaN 0.16670401912445837 
22.00149528021404 200.0 NaN 0.22622895680060368 23.0 NaN 0.16670401912445837 23.0 NaN 0.16670401912445837 265.0 5.0 0.4680178811632168 23.0 NaN 0.16670401912445837 
23.00149528021404 200.0 NaN 0.22622895680060368 23.0 NaN 0.16670401912445837 23.0 NaN 0.16670401912445837 265.0 5.0 0.4680178811632168 23.0 NaN 0.16670401912445837 
24.00149528021404 200.0 NaN 0.22622895680060368 23.0 NaN 0.16670401912445837 23.0 NaN 0.16670401912445837 265.0 5.0 0.4680178811632168 23.0 NaN 0.16670401912445837 
25.00149528021404 200.0 NaN 0.22622895680060368 23.0 NaN 0.16670401912445837 23.0 NaN 0.16670401912445837 265.0 5.0 0.4680178811632168 23.0 NaN 0.16670401912445837 
26.00149528021404 200.0 NaN 0.22622895680060368 23.0 NaN 0.16670401912445837 23.0 NaN 0.16670401912445837 265.0 5.0 0.4680178811632168 23.0 NaN 0.16670401912445837 
27.00149528021404 200.0 NaN 0.22622895680060368 23.0 NaN 0.16670401912445837 23.0 NaN 0.16670401912445837 265.0 5.0 0.4680178811632168 23.0 NaN 0.16670401912445837 
28.00149528021404 200.0 NaN 0.22622895680060368 23.0 NaN 0.16670401912445837 23.0 NaN 0.16670401912445837 265.0 5.0 0.4680178811632168 23.0 NaN 0.16670401912445837 
29.00149528021404 200.0 NaN 0.22622895680060368 23.0 NaN 0.16670401912445837 23.0 NaN 0.16670401912445837 265.0 5.0 0.4680178811632168 23.0 NaN 0.16670401912445837 
30.00149528021404 200.0 NaN 0.22622895680060368 23.0 NaN 0.16670401912445837 23.0 NaN 0.16670401912445837 265.0 5.0 0.4680178811632168 23.0 NaN 0.16670401912445837 
31.00149528021404 200.0 NaN 0.22622895680060368 23.0 NaN 0.16670401912445837 23.0 NaN 0.16670401912445837 265.0 5.0 0.4680178811632168 23.0 NaN 0.16670401912445837 
32.001495280214044 200.0 NaN 0.22622895680060368 23.0 NaN 0.16670401912445837 23.0 NaN 0.16670401912445837 265.0 5.0 0.4680178811632168 23.0 NaN 0.16670401912445837 
33.001495280214044 200.0 NaN 0.22622895680060368 23.0 NaN 0.16670401912445837 23.0 NaN 0.16670401912445837 265.0 5.0 0.4680178811632168 23.0 NaN 0.16670401912445837 
34.001495280214044 200.0 NaN 0.22622895680060368 23.0 NaN 0.16670401912445837 23.0 NaN 0.16670401912445837 265.0 5.0 0.4680178811632168 23.0 NaN 0.16670401912445837 
35.001495280214044 200.0 NaN 0.22622895680060368 23.0 NaN 0.16670401912445837 23.0 NaN 0.16670401912445837 265.0 5.0 0.4680178811632168 23.0 NaN 0.16670401912445837 
36.001495280214044 200.0 NaN 0.22622895680060368 23.0 NaN 0.16670401912445837 23.0 NaN 0.16670401912445837 265.0 5.0 0.4680178811632168 23.0 NaN 0.16670401912445837 
37.001495280214044 200.0 NaN 0.22622895680060368 23.0 NaN 0.16670401912445837 23.0 NaN 0.16670401912445837 265.0 5.0 0.4680178811632168 23.0 NaN 0.16670401912445837 
#####################################################################
# End of data export. Simulation finished at: 2020-09-16T14:16+0000 #
#####################################################################
