#####################################################################
# Alchemist log file - simulation started at: 2020-09-16T10:32+0000 #
#####################################################################
# seed = 37.0, nodeCount = 200, grain = 8, deploymentType = Lobster
#
# The columns have the following meaning: 
# time leader-random[CountDistinct] HopCountClusterClosestNeighborDistance[leader-random] HopCountClusterIntraDistance[leader-random] leader-pageRank[CountDistinct] HopCountClusterClosestNeighborDistance[leader-pageRank] HopCountClusterIntraDistance[leader-pageRank] leader-harmonic[CountDistinct] HopCountClusterClosestNeighborDistance[leader-harmonic] HopCountClusterIntraDistance[leader-harmonic] leader-closeness[CountDistinct] HopCountClusterClosestNeighborDistance[leader-closeness] HopCountClusterIntraDistance[leader-closeness] leader-degree[CountDistinct] HopCountClusterClosestNeighborDistance[leader-degree] HopCountClusterIntraDistance[leader-degree] 
0.0 NaN NaN NaN NaN NaN NaN NaN NaN NaN NaN NaN NaN NaN NaN NaN 
1.0038106871120933 106.0 3.7142857142857144 0.249999659669471 158.0 3.497835497835498 0.06469760900140646 171.0 3.4927536231884058 0.04317738791423002 85.0 3.7142857142857144 0.41426194720312376 158.0 3.497835497835498 0.06649085794655414 
2.003810687112093 25.0 2.0 NaN 39.0 3.257142857142857 NaN 44.0 3.1633986928104574 0.8680946246735722 27.0 NaN NaN 36.0 3.1538461538461537 NaN 
3.003810687112093 12.0 NaN NaN 18.0 2.888888888888889 NaN 13.0 2.727272727272727 NaN 7.0 NaN NaN 12.0 2.7857142857142856 NaN 
4.003810687112093 24.0 NaN NaN 14.0 3.4 0.8624878087435691 9.0 2.5 NaN 4.0 NaN NaN 6.0 3.6666666666666665 NaN 
5.003810687112093 17.0 NaN 0.46701561980724493 7.0 3.4 NaN 6.0 1.9333333333333333 NaN 18.0 NaN 0.5751278548409695 25.0 NaN 0.1915909090909091 
6.003810687112093 15.0 NaN 0.5959510357815442 15.0 4.0 NaN 5.0 2.2 NaN 34.0 3.8 0.30594634054019954 18.0 NaN 0.3744318181818182 
7.003810687112093 15.0 NaN 0.5959510357815442 5.0 4.0 NaN 4.0 2.1666666666666665 NaN 26.0 4.0 0.5077759837833379 14.0 NaN 0.506809163059163 
8.003810687112093 15.0 NaN 0.5959510357815442 7.0 5.0 1.1630353004905356 5.0 2.0 NaN 21.0 NaN 0.6429607418269897 14.0 NaN 0.506809163059163 
9.003810687112093 15.0 NaN 0.5959510357815442 7.0 5.0 1.1630353004905356 6.0 NaN 0.6709401709401709 21.0 NaN 0.6429607418269897 14.0 NaN 0.506809163059163 
10.003810687112093 15.0 NaN 0.5959510357815442 7.0 5.0 1.1630353004905356 6.0 NaN 0.6709401709401709 21.0 NaN 0.6429607418269897 14.0 NaN 0.506809163059163 
11.003810687112093 15.0 NaN 0.5959510357815442 7.0 5.0 1.1630353004905356 6.0 NaN 0.6709401709401709 21.0 NaN 0.6429607418269897 14.0 NaN 0.506809163059163 
12.003810687112093 15.0 NaN 0.5959510357815442 7.0 5.0 1.1630353004905356 6.0 NaN 0.6709401709401709 21.0 NaN 0.6429607418269897 14.0 NaN 0.506809163059163 
13.003810687112093 15.0 NaN 0.5959510357815442 7.0 5.0 1.1630353004905356 6.0 NaN 0.6709401709401709 21.0 NaN 0.6429607418269897 14.0 NaN 0.506809163059163 
14.003810687112093 15.0 NaN 0.5959510357815442 7.0 5.0 0.6929971988795519 6.0 NaN 0.6709401709401709 21.0 NaN 0.6429607418269897 14.0 NaN 0.506809163059163 
15.003810687112093 15.0 NaN 0.5959510357815442 7.0 5.0 0.7758620689655172 6.0 NaN 0.6709401709401709 21.0 NaN 0.6429607418269897 14.0 NaN 0.506809163059163 
16.003810687112093 15.0 NaN 0.5959510357815442 26.0 5.0 0.21858202038924932 6.0 NaN 0.6709401709401709 21.0 NaN 0.6429607418269897 14.0 NaN 0.506809163059163 
17.003810687112093 15.0 NaN 0.5959510357815442 19.0 5.0 0.4017438173747622 6.0 NaN 0.6709401709401709 21.0 NaN 0.6429607418269897 14.0 NaN 0.506809163059163 
18.003810687112093 15.0 NaN 0.5959510357815442 15.0 5.0 0.5389332446218674 6.0 NaN 0.6709401709401709 21.0 NaN 0.6429607418269897 14.0 NaN 0.506809163059163 
19.003810687112093 15.0 NaN 0.5959510357815442 14.0 NaN 0.506809163059163 6.0 NaN 0.6709401709401709 21.0 NaN 0.6429607418269897 14.0 NaN 0.506809163059163 
20.003810687112093 15.0 NaN 0.5959510357815442 14.0 NaN 0.506809163059163 6.0 NaN 0.6709401709401709 21.0 NaN 0.6429607418269897 14.0 NaN 0.506809163059163 
21.003810687112093 15.0 NaN 0.5959510357815442 14.0 NaN 0.506809163059163 6.0 NaN 0.6709401709401709 21.0 NaN 0.6429607418269897 14.0 NaN 0.506809163059163 
22.003810687112093 15.0 NaN 0.5959510357815442 14.0 NaN 0.506809163059163 6.0 NaN 0.6709401709401709 21.0 NaN 0.6429607418269897 14.0 NaN 0.506809163059163 
23.003810687112093 15.0 NaN 0.5959510357815442 14.0 NaN 0.506809163059163 6.0 NaN 0.6709401709401709 21.0 NaN 0.6429607418269897 14.0 NaN 0.506809163059163 
24.003810687112093 15.0 NaN 0.5959510357815442 14.0 NaN 0.506809163059163 6.0 NaN 0.6709401709401709 21.0 NaN 0.6429607418269897 14.0 NaN 0.506809163059163 
25.003810687112093 15.0 NaN 0.5959510357815442 14.0 NaN 0.506809163059163 6.0 NaN 0.6709401709401709 21.0 NaN 0.6429607418269897 14.0 NaN 0.506809163059163 
26.003810687112093 15.0 NaN 0.5959510357815442 14.0 NaN 0.506809163059163 6.0 NaN 0.6709401709401709 21.0 NaN 0.6429607418269897 14.0 NaN 0.506809163059163 
27.003810687112093 15.0 NaN 0.5959510357815442 14.0 NaN 0.506809163059163 6.0 NaN 0.6709401709401709 21.0 NaN 0.6429607418269897 14.0 NaN 0.506809163059163 
28.003810687112093 15.0 NaN 0.5959510357815442 14.0 NaN 0.506809163059163 6.0 NaN 0.6709401709401709 21.0 NaN 0.6429607418269897 14.0 NaN 0.506809163059163 
29.003810687112093 15.0 NaN 0.5959510357815442 14.0 NaN 0.506809163059163 6.0 NaN 0.6709401709401709 21.0 NaN 0.6429607418269897 14.0 NaN 0.506809163059163 
30.003810687112093 15.0 NaN 0.5959510357815442 14.0 NaN 0.506809163059163 6.0 NaN 0.6709401709401709 21.0 NaN 0.6429607418269897 14.0 NaN 0.506809163059163 
31.003810687112093 15.0 NaN 0.5959510357815442 14.0 NaN 0.506809163059163 6.0 NaN 0.6709401709401709 21.0 NaN 0.6429607418269897 14.0 NaN 0.506809163059163 
32.00381068711209 15.0 NaN 0.5959510357815442 14.0 NaN 0.506809163059163 6.0 NaN 0.6709401709401709 21.0 NaN 0.6429607418269897 14.0 NaN 0.506809163059163 
33.00381068711209 15.0 NaN 0.5959510357815442 14.0 NaN 0.506809163059163 6.0 NaN 0.6709401709401709 21.0 NaN 0.6429607418269897 14.0 NaN 0.506809163059163 
34.00381068711209 15.0 NaN 0.5959510357815442 14.0 NaN 0.506809163059163 6.0 NaN 0.6709401709401709 21.0 NaN 0.6429607418269897 14.0 NaN 0.506809163059163 
#####################################################################
# End of data export. Simulation finished at: 2020-09-16T10:37+0000 #
#####################################################################
