#####################################################################
# Alchemist log file - simulation started at: 2020-09-18T19:58+0000 #
#####################################################################
# seed = 138.0, nodeCount = 200, grain = 6, deploymentType = Lobster
#
# The columns have the following meaning: 
# time leader-random[CountDistinct] HopCountClusterClosestNeighborDistance[leader-random] HopCountClusterIntraDistance[leader-random] leader-pageRank[CountDistinct] HopCountClusterClosestNeighborDistance[leader-pageRank] HopCountClusterIntraDistance[leader-pageRank] leader-harmonic[CountDistinct] HopCountClusterClosestNeighborDistance[leader-harmonic] HopCountClusterIntraDistance[leader-harmonic] leader-closeness[CountDistinct] HopCountClusterClosestNeighborDistance[leader-closeness] HopCountClusterIntraDistance[leader-closeness] leader-degree[CountDistinct] HopCountClusterClosestNeighborDistance[leader-degree] HopCountClusterIntraDistance[leader-degree] 
0.0 NaN NaN NaN NaN NaN NaN NaN NaN NaN NaN NaN NaN NaN NaN NaN 
1.0007674805317905 116.0 Infinity 0.25363164134715865 172.0 Infinity 0.047093023255813965 184.0 Infinity 0.03188405797101449 84.0 Infinity 0.4776455026455026 170.0 Infinity 0.05352941176470589 
2.0007674805317905 38.0 Infinity NaN 44.0 Infinity 0.7203021262651542 49.0 Infinity 0.7497936587222302 40.0 Infinity 0.3688662790697675 42.0 Infinity 0.7403009688723975 
3.0007674805317905 28.0 Infinity NaN 18.0 Infinity NaN 18.0 Infinity NaN 22.0 Infinity NaN 8.0 Infinity NaN 
4.00076748053179 53.0 Infinity 0.14678173536504205 6.0 Infinity NaN 11.0 Infinity NaN 57.0 Infinity 0.20182884748102137 24.0 Infinity NaN 
5.00076748053179 60.0 Infinity 0.1786261261261261 15.0 Infinity NaN 15.0 Infinity NaN 79.0 Infinity 0.17541514201248767 43.0 Infinity NaN 
6.00076748053179 47.0 Infinity 0.32874257235959364 26.0 Infinity NaN 32.0 Infinity NaN 52.0 Infinity 0.41489351703179217 35.0 Infinity NaN 
7.00076748053179 43.0 Infinity 0.36746281164885813 40.0 Infinity 0.16156798245614035 37.0 Infinity NaN 47.0 Infinity 0.490946018843685 26.0 NaN 0.25754048582995953 
8.00076748053179 43.0 Infinity 0.36746281164885813 30.0 NaN 0.30018588137009183 31.0 NaN NaN 47.0 Infinity 0.490946018843685 24.0 NaN 0.3396503411306042 
9.00076748053179 43.0 Infinity 0.36746281164885813 24.0 NaN 0.30677997076023394 24.0 NaN NaN 47.0 Infinity 0.490946018843685 24.0 NaN 0.29636330409356726 
10.00076748053179 43.0 Infinity 0.36746281164885813 24.0 NaN 0.3396503411306042 23.0 NaN NaN 47.0 Infinity 0.490946018843685 24.0 NaN 0.29636330409356726 
11.00076748053179 43.0 Infinity 0.36746281164885813 24.0 NaN 0.29636330409356726 22.0 NaN 0.4782991202346041 47.0 Infinity 0.490946018843685 24.0 NaN 0.29636330409356726 
12.00076748053179 43.0 Infinity 0.36746281164885813 24.0 NaN 0.29636330409356726 22.0 NaN 0.4782991202346041 47.0 Infinity 0.490946018843685 24.0 NaN 0.29636330409356726 
13.00076748053179 43.0 Infinity 0.36746281164885813 24.0 NaN 0.29636330409356726 22.0 NaN 0.4782991202346041 47.0 Infinity 0.490946018843685 24.0 NaN 0.29636330409356726 
14.00076748053179 43.0 Infinity 0.36746281164885813 24.0 NaN 0.29636330409356726 22.0 NaN 0.4782991202346041 47.0 Infinity 0.490946018843685 24.0 NaN 0.29636330409356726 
15.00076748053179 43.0 Infinity 0.36746281164885813 24.0 NaN 0.29636330409356726 22.0 NaN 0.4782991202346041 47.0 Infinity 0.490946018843685 24.0 NaN 0.29636330409356726 
16.000767480531792 43.0 Infinity 0.36746281164885813 24.0 NaN 0.29636330409356726 22.0 NaN 0.4782991202346041 47.0 Infinity 0.490946018843685 24.0 NaN 0.29636330409356726 
17.000767480531792 43.0 Infinity 0.36746281164885813 24.0 NaN 0.29636330409356726 22.0 NaN 0.4782991202346041 47.0 Infinity 0.490946018843685 24.0 NaN 0.29636330409356726 
18.000767480531792 43.0 Infinity 0.36746281164885813 24.0 NaN 0.29636330409356726 22.0 NaN 0.4782991202346041 47.0 Infinity 0.490946018843685 24.0 NaN 0.29636330409356726 
19.000767480531792 43.0 Infinity 0.36746281164885813 24.0 NaN 0.29636330409356726 22.0 NaN 0.4782991202346041 47.0 Infinity 0.490946018843685 24.0 NaN 0.29636330409356726 
20.000767480531792 43.0 Infinity 0.36746281164885813 24.0 NaN 0.29636330409356726 22.0 NaN 0.4782991202346041 47.0 Infinity 0.490946018843685 24.0 NaN 0.29636330409356726 
21.000767480531792 43.0 Infinity 0.36746281164885813 24.0 NaN 0.29636330409356726 22.0 NaN 0.4782991202346041 47.0 Infinity 0.490946018843685 24.0 NaN 0.29636330409356726 
22.000767480531792 43.0 Infinity 0.36746281164885813 24.0 NaN 0.29636330409356726 22.0 NaN 0.4782991202346041 47.0 Infinity 0.490946018843685 24.0 NaN 0.29636330409356726 
23.000767480531792 43.0 Infinity 0.36746281164885813 24.0 NaN 0.29636330409356726 22.0 NaN 0.4782991202346041 47.0 Infinity 0.490946018843685 24.0 NaN 0.29636330409356726 
24.000767480531792 43.0 Infinity 0.36746281164885813 24.0 NaN 0.29636330409356726 22.0 NaN 0.4782991202346041 47.0 Infinity 0.490946018843685 24.0 NaN 0.29636330409356726 
25.000767480531792 43.0 Infinity 0.36746281164885813 24.0 NaN 0.29636330409356726 22.0 NaN 0.4782991202346041 47.0 Infinity 0.490946018843685 24.0 NaN 0.29636330409356726 
26.000767480531792 43.0 Infinity 0.36746281164885813 24.0 NaN 0.29636330409356726 22.0 NaN 0.4782991202346041 47.0 Infinity 0.490946018843685 24.0 NaN 0.29636330409356726 
27.000767480531792 43.0 Infinity 0.36746281164885813 24.0 NaN 0.29636330409356726 22.0 NaN 0.4782991202346041 47.0 Infinity 0.490946018843685 24.0 NaN 0.29636330409356726 
28.000767480531792 43.0 Infinity 0.36746281164885813 24.0 NaN 0.29636330409356726 22.0 NaN 0.4782991202346041 47.0 Infinity 0.490946018843685 24.0 NaN 0.29636330409356726 
29.000767480531792 43.0 Infinity 0.36746281164885813 24.0 NaN 0.29636330409356726 22.0 NaN 0.4782991202346041 47.0 Infinity 0.490946018843685 24.0 NaN 0.29636330409356726 
30.000767480531792 43.0 Infinity 0.36746281164885813 24.0 NaN 0.29636330409356726 22.0 NaN 0.4782991202346041 47.0 Infinity 0.490946018843685 24.0 NaN 0.29636330409356726 
31.000767480531792 43.0 Infinity 0.36746281164885813 24.0 NaN 0.29636330409356726 22.0 NaN 0.4782991202346041 47.0 Infinity 0.490946018843685 24.0 NaN 0.29636330409356726 
32.00076748053179 43.0 Infinity 0.36746281164885813 24.0 NaN 0.29636330409356726 22.0 NaN 0.4782991202346041 47.0 Infinity 0.490946018843685 24.0 NaN 0.29636330409356726 
33.00076748053179 43.0 Infinity 0.36746281164885813 24.0 NaN 0.29636330409356726 22.0 NaN 0.4782991202346041 47.0 Infinity 0.490946018843685 24.0 NaN 0.29636330409356726 
34.00076748053179 43.0 Infinity 0.36746281164885813 24.0 NaN 0.29636330409356726 22.0 NaN 0.4782991202346041 47.0 Infinity 0.490946018843685 24.0 NaN 0.29636330409356726 
#####################################################################
# End of data export. Simulation finished at: 2020-09-18T20:00+0000 #
#####################################################################
