#####################################################################
# Alchemist log file - simulation started at: 2020-09-16T07:51+0000 #
#####################################################################
# seed = 23.0, nodeCount = 800, grain = 9, deploymentType = RandomEuclidean
#
# The columns have the following meaning: 
# time leader-random[CountDistinct] HopCountClusterClosestNeighborDistance[leader-random] HopCountClusterIntraDistance[leader-random] leader-pageRank[CountDistinct] HopCountClusterClosestNeighborDistance[leader-pageRank] HopCountClusterIntraDistance[leader-pageRank] leader-harmonic[CountDistinct] HopCountClusterClosestNeighborDistance[leader-harmonic] HopCountClusterIntraDistance[leader-harmonic] leader-closeness[CountDistinct] HopCountClusterClosestNeighborDistance[leader-closeness] HopCountClusterIntraDistance[leader-closeness] leader-degree[CountDistinct] HopCountClusterClosestNeighborDistance[leader-degree] HopCountClusterIntraDistance[leader-degree] 
0.0 NaN NaN NaN NaN NaN NaN NaN NaN NaN NaN NaN NaN NaN NaN NaN 
1.0047487018510166 90.0 NaN 0.5827381869885985 355.0 4.333333333333333 0.34057915935428695 572.0 3.7941176470588234 0.15928030303030305 38.0 NaN 1.09312671298491 386.0 3.619047619047619 0.32830028174555687 
2.0047487018510166 7.0 NaN NaN 31.0 NaN NaN 149.0 4.666666666666667 NaN 6.0 NaN NaN 40.0 4.0 NaN 
3.0047487018510166 3.0 NaN 4.141407865545797 6.0 NaN NaN 25.0 4.0 NaN 7.0 NaN NaN 6.0 NaN NaN 
4.004748701851017 3.0 NaN NaN 3.0 NaN NaN 5.0 NaN NaN 27.0 2.0 NaN 4.0 NaN NaN 
5.004748701851017 3.0 NaN NaN 6.0 NaN NaN 5.0 NaN NaN 4.0 NaN NaN 3.0 NaN NaN 
6.004748701851017 3.0 NaN NaN 11.0 NaN NaN 4.0 NaN NaN 4.0 NaN NaN 3.0 NaN NaN 
7.004748701851017 3.0 NaN NaN 6.0 NaN NaN 10.0 NaN 0.46991150442477875 4.0 NaN NaN 8.0 NaN NaN 
8.004748701851018 3.0 NaN NaN 4.0 NaN NaN 2.0 NaN 2.794001966568338 28.0 NaN NaN 24.0 NaN NaN 
9.004748701851018 26.0 NaN NaN 9.0 NaN 0.7255806143274175 2.0 NaN 2.794001966568338 44.0 NaN 0.24153521014138357 15.0 NaN NaN 
10.004748701851018 14.0 NaN 1.001744627305446 5.0 NaN 1.6393784391226849 2.0 NaN 2.794001966568338 7.0 NaN NaN 5.0 NaN 2.7577438785692108 
11.004748701851018 4.0 NaN 3.100671412960365 3.0 NaN 2.462456128696538 2.0 NaN 2.794001966568338 3.0 NaN 3.7388127117032552 3.0 NaN 4.129977989248279 
12.004748701851018 3.0 NaN 3.663697149647637 3.0 NaN 2.462456128696538 2.0 NaN 2.794001966568338 3.0 NaN 3.7388127117032552 3.0 NaN 4.129977989248279 
13.004748701851018 3.0 NaN 3.663697149647637 3.0 NaN 2.462456128696538 2.0 NaN 2.794001966568338 3.0 NaN 3.7388127117032552 3.0 NaN 4.129977989248279 
14.004748701851018 3.0 NaN 3.663697149647637 3.0 NaN 2.462456128696538 2.0 NaN 2.794001966568338 3.0 NaN 3.7388127117032552 3.0 NaN 4.129977989248279 
15.004748701851018 3.0 NaN 3.663697149647637 3.0 NaN 2.462456128696538 2.0 NaN 2.794001966568338 3.0 NaN 3.7388127117032552 3.0 NaN 4.129977989248279 
16.004748701851018 3.0 NaN 3.663697149647637 3.0 NaN 2.462456128696538 2.0 NaN 2.794001966568338 3.0 NaN 3.7388127117032552 3.0 NaN 4.129977989248279 
17.004748701851018 3.0 NaN 3.663697149647637 3.0 NaN 2.462456128696538 2.0 NaN 2.794001966568338 3.0 NaN 3.7388127117032552 3.0 NaN 4.129977989248279 
18.004748701851018 3.0 NaN 3.663697149647637 3.0 NaN 2.462456128696538 2.0 NaN 2.794001966568338 3.0 NaN 3.7388127117032552 3.0 NaN 4.129977989248279 
19.004748701851018 3.0 NaN 3.663697149647637 3.0 NaN 2.462456128696538 2.0 NaN 2.794001966568338 3.0 NaN 3.7388127117032552 3.0 NaN 4.129977989248279 
20.004748701851018 3.0 NaN 3.663697149647637 3.0 NaN 2.462456128696538 2.0 NaN 2.794001966568338 3.0 NaN 3.7388127117032552 3.0 NaN 4.129977989248279 
21.004748701851018 3.0 NaN 3.663697149647637 3.0 NaN 2.462456128696538 2.0 NaN 2.794001966568338 3.0 NaN 3.7388127117032552 3.0 NaN 4.129977989248279 
22.004748701851018 3.0 NaN 3.663697149647637 3.0 NaN 2.462456128696538 2.0 NaN 2.794001966568338 3.0 NaN 3.7388127117032552 3.0 NaN 4.129977989248279 
23.004748701851018 3.0 NaN 3.663697149647637 3.0 NaN 2.462456128696538 2.0 NaN 2.794001966568338 3.0 NaN 3.7388127117032552 3.0 NaN 4.129977989248279 
24.004748701851018 3.0 NaN 3.663697149647637 3.0 NaN 2.462456128696538 2.0 NaN 2.794001966568338 3.0 NaN 3.7388127117032552 3.0 NaN 4.129977989248279 
25.004748701851018 3.0 NaN 3.663697149647637 3.0 NaN 2.462456128696538 2.0 NaN 2.794001966568338 3.0 NaN 3.7388127117032552 3.0 NaN 4.129977989248279 
26.004748701851018 3.0 NaN 3.663697149647637 3.0 NaN 2.462456128696538 2.0 NaN 2.794001966568338 3.0 NaN 3.7388127117032552 3.0 NaN 4.129977989248279 
27.004748701851018 3.0 NaN 3.663697149647637 3.0 NaN 2.462456128696538 2.0 NaN 2.794001966568338 3.0 NaN 3.7388127117032552 3.0 NaN 4.129977989248279 
28.004748701851018 3.0 NaN 3.663697149647637 3.0 NaN 2.462456128696538 2.0 NaN 2.794001966568338 3.0 NaN 3.7388127117032552 3.0 NaN 4.129977989248279 
29.004748701851018 3.0 NaN 3.663697149647637 3.0 NaN 2.462456128696538 2.0 NaN 2.794001966568338 3.0 NaN 3.7388127117032552 3.0 NaN 4.129977989248279 
30.004748701851018 3.0 NaN 3.663697149647637 3.0 NaN 2.462456128696538 2.0 NaN 2.794001966568338 3.0 NaN 3.7388127117032552 3.0 NaN 4.129977989248279 
31.004748701851018 3.0 NaN 3.663697149647637 3.0 NaN 2.462456128696538 2.0 NaN 2.794001966568338 3.0 NaN 3.7388127117032552 3.0 NaN 4.129977989248279 
32.004748701851014 3.0 NaN 3.663697149647637 3.0 NaN 2.462456128696538 2.0 NaN 2.794001966568338 3.0 NaN 3.7388127117032552 3.0 NaN 4.129977989248279 
33.004748701851014 3.0 NaN 3.663697149647637 3.0 NaN 2.462456128696538 2.0 NaN 2.794001966568338 3.0 NaN 3.7388127117032552 3.0 NaN 4.129977989248279 
34.004748701851014 3.0 NaN 3.663697149647637 3.0 NaN 2.462456128696538 2.0 NaN 2.794001966568338 3.0 NaN 3.7388127117032552 3.0 NaN 4.129977989248279 
35.004748701851014 3.0 NaN 3.663697149647637 3.0 NaN 2.462456128696538 2.0 NaN 2.794001966568338 3.0 NaN 3.7388127117032552 3.0 NaN 4.129977989248279 
36.004748701851014 3.0 NaN 3.663697149647637 3.0 NaN 2.462456128696538 2.0 NaN 2.794001966568338 3.0 NaN 3.7388127117032552 3.0 NaN 4.129977989248279 
37.004748701851014 3.0 NaN 3.663697149647637 3.0 NaN 2.462456128696538 2.0 NaN 2.794001966568338 3.0 NaN 3.7388127117032552 3.0 NaN 4.129977989248279 
38.004748701851014 3.0 NaN 3.663697149647637 3.0 NaN 2.462456128696538 2.0 NaN 2.794001966568338 3.0 NaN 3.7388127117032552 3.0 NaN 4.129977989248279 
39.004748701851014 3.0 NaN 3.663697149647637 3.0 NaN 2.462456128696538 2.0 NaN 2.794001966568338 3.0 NaN 3.7388127117032552 3.0 NaN 4.129977989248279 
40.004748701851014 3.0 NaN 3.663697149647637 3.0 NaN 2.462456128696538 2.0 NaN 2.794001966568338 3.0 NaN 3.7388127117032552 3.0 NaN 4.129977989248279 
41.004748701851014 3.0 NaN 3.663697149647637 3.0 NaN 2.462456128696538 2.0 NaN 2.794001966568338 3.0 NaN 3.7388127117032552 3.0 NaN 4.129977989248279 
42.004748701851014 3.0 NaN 3.663697149647637 3.0 NaN 2.462456128696538 2.0 NaN 2.794001966568338 3.0 NaN 3.7388127117032552 3.0 NaN 4.129977989248279 
43.004748701851014 3.0 NaN 3.663697149647637 3.0 NaN 2.462456128696538 2.0 NaN 2.794001966568338 3.0 NaN 3.7388127117032552 3.0 NaN 4.129977989248279 
44.004748701851014 3.0 NaN 3.663697149647637 3.0 NaN 2.462456128696538 2.0 NaN 2.794001966568338 3.0 NaN 3.7388127117032552 3.0 NaN 4.129977989248279 
45.004748701851014 3.0 NaN 3.663697149647637 3.0 NaN 2.462456128696538 2.0 NaN 2.794001966568338 3.0 NaN 3.7388127117032552 3.0 NaN 4.129977989248279 
46.004748701851014 3.0 NaN 3.663697149647637 3.0 NaN 2.462456128696538 2.0 NaN 2.794001966568338 3.0 NaN 3.7388127117032552 3.0 NaN 4.129977989248279 
47.004748701851014 3.0 NaN 3.663697149647637 3.0 NaN 2.462456128696538 2.0 NaN 2.794001966568338 3.0 NaN 3.7388127117032552 3.0 NaN 4.129977989248279 
48.004748701851014 3.0 NaN 3.663697149647637 3.0 NaN 2.462456128696538 2.0 NaN 2.794001966568338 3.0 NaN 3.7388127117032552 3.0 NaN 4.129977989248279 
49.004748701851014 3.0 NaN 3.663697149647637 3.0 NaN 2.462456128696538 2.0 NaN 2.794001966568338 3.0 NaN 3.7388127117032552 3.0 NaN 4.129977989248279 
#####################################################################
# End of data export. Simulation finished at: 2020-09-16T08:42+0000 #
#####################################################################
