#####################################################################
# Alchemist log file - simulation started at: 2020-09-16T15:06+0000 #
#####################################################################
# seed = 45.0, nodeCount = 400, grain = 8, deploymentType = Lobster
#
# The columns have the following meaning: 
# time leader-random[CountDistinct] HopCountClusterClosestNeighborDistance[leader-random] HopCountClusterIntraDistance[leader-random] leader-pageRank[CountDistinct] HopCountClusterClosestNeighborDistance[leader-pageRank] HopCountClusterIntraDistance[leader-pageRank] leader-harmonic[CountDistinct] HopCountClusterClosestNeighborDistance[leader-harmonic] HopCountClusterIntraDistance[leader-harmonic] leader-closeness[CountDistinct] HopCountClusterClosestNeighborDistance[leader-closeness] HopCountClusterIntraDistance[leader-closeness] leader-degree[CountDistinct] HopCountClusterClosestNeighborDistance[leader-degree] HopCountClusterIntraDistance[leader-degree] 
0.0 NaN NaN NaN NaN NaN NaN NaN NaN NaN NaN NaN NaN NaN NaN NaN 
1.000503332508935 253.0 Infinity 0.19213721061547143 323.0 Infinity 0.06540247678018576 350.0 Infinity 0.04464965986394557 183.0 Infinity 0.3698353559009296 326.0 Infinity 0.06290899795501022 
2.000503332508935 52.0 Infinity NaN 71.0 Infinity NaN 79.0 Infinity 0.8548540708071606 49.0 NaN 0.39587585034013606 66.0 Infinity 0.9085981375197062 
3.000503332508935 13.0 NaN NaN 39.0 Infinity NaN 26.0 Infinity NaN 9.0 NaN NaN 24.0 Infinity NaN 
4.000503332508935 23.0 NaN NaN 20.0 Infinity NaN 14.0 Infinity NaN 6.0 NaN NaN 10.0 Infinity NaN 
5.000503332508935 90.0 NaN NaN 14.0 Infinity NaN 11.0 Infinity NaN 26.0 NaN 0.40943671712902485 16.0 Infinity NaN 
6.000503332508935 130.0 NaN NaN 10.0 Infinity 1.710760188087774 10.0 Infinity NaN 38.0 Infinity 0.30741840778560486 41.0 NaN 0.191825898873962 
7.000503332508935 94.0 NaN 0.22043135184884413 10.0 Infinity 1.6989035648832096 11.0 Infinity NaN 66.0 Infinity 0.2168974671088836 57.0 NaN 0.16780459392688493 
8.000503332508934 59.0 NaN 0.36294117847341867 10.0 Infinity 1.7379666003161405 16.0 Infinity NaN 44.0 Infinity 0.4222257100428349 55.0 NaN 0.2102702155242262 
9.000503332508934 57.0 NaN 0.3608193143850034 10.0 Infinity 1.8293933623055998 24.0 Infinity NaN 35.0 Infinity 0.5986551783395638 39.0 NaN 0.37107704387116147 
10.000503332508934 56.0 NaN 0.36593467759975395 10.0 Infinity 1.830617852101518 25.0 Infinity NaN 34.0 Infinity 0.5986156247613157 39.0 NaN 0.37107704387116147 
11.000503332508934 56.0 NaN 0.36593467759975395 10.0 Infinity 1.830617852101518 35.0 Infinity NaN 34.0 Infinity 0.5986156247613157 39.0 NaN 0.37107704387116147 
12.000503332508934 56.0 NaN 0.36593467759975395 10.0 Infinity 1.830617852101518 26.0 NaN 0.35396726178849086 34.0 Infinity 0.5986156247613157 39.0 NaN 0.37107704387116147 
13.000503332508934 56.0 NaN 0.36593467759975395 10.0 Infinity 1.6684353124189784 22.0 NaN 0.3546015877683035 34.0 Infinity 0.5986156247613157 39.0 NaN 0.37107704387116147 
14.000503332508934 56.0 NaN 0.36593467759975395 10.0 Infinity 1.6524484004127966 22.0 NaN 0.3546015877683035 34.0 Infinity 0.5986156247613157 39.0 NaN 0.37107704387116147 
15.000503332508934 56.0 NaN 0.36593467759975395 10.0 Infinity 1.6877887549238608 22.0 NaN 0.3546015877683035 34.0 Infinity 0.5986156247613157 39.0 NaN 0.37107704387116147 
16.000503332508934 56.0 NaN 0.36593467759975395 10.0 Infinity 1.4429720368336574 22.0 NaN 0.3546015877683035 34.0 Infinity 0.5986156247613157 39.0 NaN 0.37107704387116147 
17.000503332508934 56.0 NaN 0.36593467759975395 10.0 Infinity 1.4846463385873199 22.0 NaN 0.3546015877683035 34.0 Infinity 0.5986156247613157 39.0 NaN 0.37107704387116147 
18.000503332508934 56.0 NaN 0.36593467759975395 8.0 Infinity 1.7115725511695907 22.0 NaN 0.3546015877683035 34.0 Infinity 0.5986156247613157 39.0 NaN 0.37107704387116147 
19.000503332508934 56.0 NaN 0.36593467759975395 17.0 Infinity 0.7985739695613703 22.0 NaN 0.3546015877683035 34.0 Infinity 0.5986156247613157 39.0 NaN 0.37107704387116147 
20.000503332508934 56.0 NaN 0.36593467759975395 46.0 Infinity 0.21326644370122633 22.0 NaN 0.3546015877683035 34.0 Infinity 0.5986156247613157 39.0 NaN 0.37107704387116147 
21.000503332508934 56.0 NaN 0.36593467759975395 48.0 Infinity 0.20933372183372187 22.0 NaN 0.3546015877683035 34.0 Infinity 0.5986156247613157 39.0 NaN 0.37107704387116147 
22.000503332508934 56.0 NaN 0.36593467759975395 50.0 Infinity 0.20096037296037297 22.0 NaN 0.3546015877683035 34.0 Infinity 0.5986156247613157 39.0 NaN 0.37107704387116147 
23.000503332508934 56.0 NaN 0.36593467759975395 67.0 Infinity 0.1499704275823679 22.0 NaN 0.3546015877683035 34.0 Infinity 0.5986156247613157 39.0 NaN 0.37107704387116147 
24.000503332508934 56.0 NaN 0.36593467759975395 54.0 Infinity 0.24703120953120955 22.0 NaN 0.3546015877683035 34.0 Infinity 0.5986156247613157 39.0 NaN 0.37107704387116147 
25.000503332508934 56.0 NaN 0.36593467759975395 53.0 Infinity 0.2532645027928047 22.0 NaN 0.3546015877683035 34.0 Infinity 0.5986156247613157 39.0 NaN 0.37107704387116147 
26.000503332508934 56.0 NaN 0.36593467759975395 53.0 Infinity 0.2532645027928047 22.0 NaN 0.3546015877683035 34.0 Infinity 0.5986156247613157 39.0 NaN 0.37107704387116147 
27.000503332508934 56.0 NaN 0.36593467759975395 53.0 Infinity 0.2532645027928047 22.0 NaN 0.3546015877683035 34.0 Infinity 0.5986156247613157 39.0 NaN 0.37107704387116147 
28.000503332508934 56.0 NaN 0.36593467759975395 53.0 Infinity 0.2532645027928047 22.0 NaN 0.3546015877683035 34.0 Infinity 0.5986156247613157 39.0 NaN 0.37107704387116147 
29.000503332508934 56.0 NaN 0.36593467759975395 53.0 Infinity 0.2532645027928047 22.0 NaN 0.3546015877683035 34.0 Infinity 0.5986156247613157 39.0 NaN 0.37107704387116147 
30.000503332508934 56.0 NaN 0.36593467759975395 53.0 Infinity 0.2532645027928047 22.0 NaN 0.3546015877683035 34.0 Infinity 0.5986156247613157 39.0 NaN 0.37107704387116147 
31.000503332508934 56.0 NaN 0.36593467759975395 53.0 Infinity 0.2532645027928047 22.0 NaN 0.3546015877683035 34.0 Infinity 0.5986156247613157 39.0 NaN 0.37107704387116147 
32.000503332508934 56.0 NaN 0.36593467759975395 53.0 Infinity 0.2532645027928047 22.0 NaN 0.3546015877683035 34.0 Infinity 0.5986156247613157 39.0 NaN 0.37107704387116147 
33.000503332508934 56.0 NaN 0.36593467759975395 53.0 Infinity 0.2532645027928047 22.0 NaN 0.3546015877683035 34.0 Infinity 0.5986156247613157 39.0 NaN 0.37107704387116147 
34.000503332508934 56.0 NaN 0.36593467759975395 53.0 Infinity 0.2532645027928047 22.0 NaN 0.3546015877683035 34.0 Infinity 0.5986156247613157 39.0 NaN 0.37107704387116147 
35.000503332508934 56.0 NaN 0.36593467759975395 53.0 Infinity 0.2532645027928047 22.0 NaN 0.3546015877683035 34.0 Infinity 0.5986156247613157 39.0 NaN 0.37107704387116147 
36.000503332508934 56.0 NaN 0.36593467759975395 53.0 Infinity 0.2532645027928047 22.0 NaN 0.3546015877683035 34.0 Infinity 0.5986156247613157 39.0 NaN 0.37107704387116147 
#####################################################################
# End of data export. Simulation finished at: 2020-09-16T15:18+0000 #
#####################################################################
