#####################################################################
# Alchemist log file - simulation started at: 2020-09-18T17:14+0000 #
#####################################################################
# seed = 134.0, nodeCount = 100, grain = 9, deploymentType = Lobster
#
# The columns have the following meaning: 
# time leader-random[CountDistinct] HopCountClusterClosestNeighborDistance[leader-random] HopCountClusterIntraDistance[leader-random] leader-pageRank[CountDistinct] HopCountClusterClosestNeighborDistance[leader-pageRank] HopCountClusterIntraDistance[leader-pageRank] leader-harmonic[CountDistinct] HopCountClusterClosestNeighborDistance[leader-harmonic] HopCountClusterIntraDistance[leader-harmonic] leader-closeness[CountDistinct] HopCountClusterClosestNeighborDistance[leader-closeness] HopCountClusterIntraDistance[leader-closeness] leader-degree[CountDistinct] HopCountClusterClosestNeighborDistance[leader-degree] HopCountClusterIntraDistance[leader-degree] 
0.0 NaN NaN NaN NaN NaN NaN NaN NaN NaN NaN NaN NaN NaN NaN NaN 
1.0061865650528337 67.0 Infinity 0.16791044776119404 95.0 Infinity 0.018421052631578946 98.0 Infinity 0.01020408163265306 48.0 Infinity 0.38072916666666673 94.0 Infinity 0.023936170212765957 
2.0061865650528334 19.0 Infinity 0.8340852130325814 32.0 Infinity 0.7110863095238096 31.0 Infinity 0.7208570524984188 16.0 NaN 0.8550856307435255 28.0 Infinity 0.687797619047619 
3.0061865650528334 9.0 NaN NaN 13.0 Infinity NaN 11.0 Infinity NaN 7.0 NaN NaN 12.0 Infinity NaN 
4.006186565052833 4.0 NaN NaN 4.0 Infinity NaN 7.0 Infinity NaN 3.0 NaN NaN 6.0 Infinity NaN 
5.006186565052833 3.0 NaN NaN 3.0 Infinity 1.8787037037037038 3.0 Infinity NaN 2.0 NaN 4.133333333333333 4.0 Infinity NaN 
6.006186565052833 8.0 NaN NaN 2.0 Infinity 2.199612403100775 3.0 Infinity NaN 3.0 NaN 1.9382716049382716 3.0 Infinity NaN 
7.006186565052833 14.0 NaN NaN 2.0 Infinity NaN 2.0 Infinity NaN 4.0 NaN 1.4537037037037037 3.0 NaN NaN 
8.006186565052833 12.0 NaN 0.46551724137931033 2.0 Infinity NaN 3.0 Infinity NaN 7.0 NaN 0.8306878306878307 3.0 NaN 1.0918367346938775 
9.006186565052833 9.0 NaN 0.6984674329501916 2.0 Infinity NaN 3.0 NaN 1.0918367346938775 17.0 NaN 0.3420479302832244 2.0 NaN 1.8877551020408163 
10.006186565052833 9.0 NaN 0.6984674329501916 3.0 Infinity NaN 2.0 NaN 1.8877551020408163 12.0 NaN 0.6442901234567902 2.0 NaN 1.8877551020408163 
11.006186565052833 9.0 NaN 0.6984674329501916 3.0 NaN 1.0918367346938775 2.0 NaN 1.8877551020408163 8.0 NaN 1.220899470899471 2.0 NaN 1.8877551020408163 
12.006186565052833 9.0 NaN 0.6984674329501916 2.0 NaN 1.8877551020408163 2.0 NaN 1.8877551020408163 7.0 NaN 1.2513227513227514 2.0 NaN 1.8877551020408163 
13.006186565052833 9.0 NaN 0.6984674329501916 2.0 NaN 1.8877551020408163 2.0 NaN 1.8877551020408163 7.0 NaN 1.2513227513227514 2.0 NaN 1.8877551020408163 
14.006186565052833 9.0 NaN 0.6984674329501916 2.0 NaN 1.8877551020408163 2.0 NaN 1.8877551020408163 7.0 NaN 1.2513227513227514 2.0 NaN 1.8877551020408163 
15.006186565052833 9.0 NaN 0.6984674329501916 2.0 NaN 1.8877551020408163 2.0 NaN 1.8877551020408163 7.0 NaN 1.2513227513227514 2.0 NaN 1.8877551020408163 
16.006186565052833 9.0 NaN 0.6984674329501916 2.0 NaN 1.8877551020408163 2.0 NaN 1.8877551020408163 7.0 NaN 1.2513227513227514 2.0 NaN 1.8877551020408163 
17.006186565052833 9.0 NaN 0.6984674329501916 2.0 NaN 1.8877551020408163 2.0 NaN 1.8877551020408163 7.0 NaN 1.2513227513227514 2.0 NaN 1.8877551020408163 
18.006186565052833 9.0 NaN 0.6984674329501916 2.0 NaN 1.8877551020408163 2.0 NaN 1.8877551020408163 7.0 NaN 1.2513227513227514 2.0 NaN 1.8877551020408163 
19.006186565052833 9.0 NaN 0.6984674329501916 2.0 NaN 1.8877551020408163 2.0 NaN 1.8877551020408163 7.0 NaN 1.2513227513227514 2.0 NaN 1.8877551020408163 
20.006186565052833 9.0 NaN 0.6984674329501916 2.0 NaN 1.8877551020408163 2.0 NaN 1.8877551020408163 7.0 NaN 1.2513227513227514 2.0 NaN 1.8877551020408163 
21.006186565052833 9.0 NaN 0.6984674329501916 2.0 NaN 1.8877551020408163 2.0 NaN 1.8877551020408163 7.0 NaN 1.2513227513227514 2.0 NaN 1.8877551020408163 
22.006186565052833 9.0 NaN 0.6984674329501916 2.0 NaN 1.8877551020408163 2.0 NaN 1.8877551020408163 7.0 NaN 1.2513227513227514 2.0 NaN 1.8877551020408163 
23.006186565052833 9.0 NaN 0.6984674329501916 2.0 NaN 1.8877551020408163 2.0 NaN 1.8877551020408163 7.0 NaN 1.2513227513227514 2.0 NaN 1.8877551020408163 
24.006186565052833 9.0 NaN 0.6984674329501916 2.0 NaN 1.8877551020408163 2.0 NaN 1.8877551020408163 7.0 NaN 1.2513227513227514 2.0 NaN 1.8877551020408163 
25.006186565052833 9.0 NaN 0.6984674329501916 2.0 NaN 1.8877551020408163 2.0 NaN 1.8877551020408163 7.0 NaN 1.2513227513227514 2.0 NaN 1.8877551020408163 
26.006186565052833 9.0 NaN 0.6984674329501916 2.0 NaN 1.8877551020408163 2.0 NaN 1.8877551020408163 7.0 NaN 1.2513227513227514 2.0 NaN 1.8877551020408163 
27.006186565052833 9.0 NaN 0.6984674329501916 2.0 NaN 1.8877551020408163 2.0 NaN 1.8877551020408163 7.0 NaN 1.2513227513227514 2.0 NaN 1.8877551020408163 
28.006186565052833 9.0 NaN 0.6984674329501916 2.0 NaN 1.8877551020408163 2.0 NaN 1.8877551020408163 7.0 NaN 1.2513227513227514 2.0 NaN 1.8877551020408163 
29.006186565052833 9.0 NaN 0.6984674329501916 2.0 NaN 1.8877551020408163 2.0 NaN 1.8877551020408163 7.0 NaN 1.2513227513227514 2.0 NaN 1.8877551020408163 
30.006186565052833 9.0 NaN 0.6984674329501916 2.0 NaN 1.8877551020408163 2.0 NaN 1.8877551020408163 7.0 NaN 1.2513227513227514 2.0 NaN 1.8877551020408163 
31.006186565052833 9.0 NaN 0.6984674329501916 2.0 NaN 1.8877551020408163 2.0 NaN 1.8877551020408163 7.0 NaN 1.2513227513227514 2.0 NaN 1.8877551020408163 
32.00618656505283 9.0 NaN 0.6984674329501916 2.0 NaN 1.8877551020408163 2.0 NaN 1.8877551020408163 7.0 NaN 1.2513227513227514 2.0 NaN 1.8877551020408163 
33.00618656505283 9.0 NaN 0.6984674329501916 2.0 NaN 1.8877551020408163 2.0 NaN 1.8877551020408163 7.0 NaN 1.2513227513227514 2.0 NaN 1.8877551020408163 
34.00618656505283 9.0 NaN 0.6984674329501916 2.0 NaN 1.8877551020408163 2.0 NaN 1.8877551020408163 7.0 NaN 1.2513227513227514 2.0 NaN 1.8877551020408163 
#####################################################################
# End of data export. Simulation finished at: 2020-09-18T17:15+0000 #
#####################################################################
