#####################################################################
# Alchemist log file - simulation started at: 2020-09-16T10:00+0000 #
#####################################################################
# seed = 120.0, nodeCount = 50, grain = 2, deploymentType = RandomEuclidean
#
# The columns have the following meaning: 
# time leader-random[CountDistinct] HopCountClusterClosestNeighborDistance[leader-random] HopCountClusterIntraDistance[leader-random] leader-pageRank[CountDistinct] HopCountClusterClosestNeighborDistance[leader-pageRank] HopCountClusterIntraDistance[leader-pageRank] leader-harmonic[CountDistinct] HopCountClusterClosestNeighborDistance[leader-harmonic] HopCountClusterIntraDistance[leader-harmonic] leader-closeness[CountDistinct] HopCountClusterClosestNeighborDistance[leader-closeness] HopCountClusterIntraDistance[leader-closeness] leader-degree[CountDistinct] HopCountClusterClosestNeighborDistance[leader-degree] HopCountClusterIntraDistance[leader-degree] 
0.0 NaN NaN NaN NaN NaN NaN NaN NaN NaN NaN NaN NaN NaN NaN NaN 
1.0473884881369535 34.0 3.9705882352941178 0.1681372549019608 50.0 3.986666666666667 0.0 50.0 3.986666666666667 0.0 26.0 4.102564102564102 0.2903846153846154 49.0 4.043478260869565 0.01020408163265306 
2.0473884881369537 28.0 3.9705882352941178 0.2755952380952381 30.0 4.152380952380953 0.27222222222222225 28.0 4.410256410256411 0.36488095238095236 26.0 4.102564102564102 0.2903846153846154 25.0 3.9272727272727272 0.3266666666666667 
3.0473884881369537 28.0 3.9705882352941178 0.2755952380952381 31.0 3.956043956043956 0.19623655913978494 25.0 3.923076923076923 0.2733333333333334 26.0 4.102564102564102 0.2903846153846154 24.0 4.044444444444444 0.3055555555555556 
4.047388488136954 28.0 3.9705882352941178 0.2755952380952381 31.0 4.095238095238095 0.20053763440860214 25.0 3.923076923076923 0.2733333333333334 26.0 4.102564102564102 0.2903846153846154 24.0 4.044444444444444 0.3055555555555556 
5.047388488136954 28.0 3.9705882352941178 0.2755952380952381 29.0 4.051282051282051 0.21839080459770113 25.0 3.923076923076923 0.2733333333333334 26.0 4.102564102564102 0.2903846153846154 24.0 4.044444444444444 0.3055555555555556 
6.047388488136954 28.0 3.9705882352941178 0.2755952380952381 29.0 4.051282051282051 0.21839080459770113 25.0 3.923076923076923 0.2733333333333334 26.0 4.102564102564102 0.2903846153846154 24.0 4.044444444444444 0.3055555555555556 
7.047388488136954 28.0 3.9705882352941178 0.2755952380952381 29.0 4.051282051282051 0.21839080459770113 25.0 3.923076923076923 0.2733333333333334 26.0 4.102564102564102 0.2903846153846154 24.0 4.044444444444444 0.3055555555555556 
8.047388488136953 28.0 3.9705882352941178 0.2755952380952381 29.0 4.051282051282051 0.21839080459770113 25.0 3.923076923076923 0.2733333333333334 26.0 4.102564102564102 0.2903846153846154 24.0 4.044444444444444 0.3055555555555556 
9.047388488136953 28.0 3.9705882352941178 0.2755952380952381 29.0 4.051282051282051 0.21839080459770113 25.0 3.923076923076923 0.2733333333333334 26.0 4.102564102564102 0.2903846153846154 24.0 4.044444444444444 0.3055555555555556 
10.047388488136953 28.0 3.9705882352941178 0.2755952380952381 29.0 4.051282051282051 0.21839080459770113 25.0 3.923076923076923 0.2733333333333334 26.0 4.102564102564102 0.2903846153846154 24.0 4.044444444444444 0.3055555555555556 
11.047388488136953 28.0 3.9705882352941178 0.2755952380952381 29.0 4.051282051282051 0.21839080459770113 25.0 3.923076923076923 0.2733333333333334 26.0 4.102564102564102 0.2903846153846154 24.0 4.044444444444444 0.3055555555555556 
12.047388488136953 28.0 3.9705882352941178 0.2755952380952381 29.0 4.051282051282051 0.21839080459770113 25.0 3.923076923076923 0.2733333333333334 26.0 4.102564102564102 0.2903846153846154 24.0 4.044444444444444 0.3055555555555556 
13.047388488136953 28.0 3.9705882352941178 0.2755952380952381 29.0 4.051282051282051 0.21839080459770113 25.0 3.923076923076923 0.2733333333333334 26.0 4.102564102564102 0.2903846153846154 24.0 4.044444444444444 0.3055555555555556 
14.047388488136953 28.0 3.9705882352941178 0.2755952380952381 29.0 4.051282051282051 0.21839080459770113 25.0 3.923076923076923 0.2733333333333334 26.0 4.102564102564102 0.2903846153846154 24.0 4.044444444444444 0.3055555555555556 
15.047388488136953 28.0 3.9705882352941178 0.2755952380952381 29.0 4.051282051282051 0.21839080459770113 25.0 3.923076923076923 0.2733333333333334 26.0 4.102564102564102 0.2903846153846154 24.0 4.044444444444444 0.3055555555555556 
16.047388488136953 28.0 3.9705882352941178 0.2755952380952381 29.0 4.051282051282051 0.21839080459770113 25.0 3.923076923076923 0.2733333333333334 26.0 4.102564102564102 0.2903846153846154 24.0 4.044444444444444 0.3055555555555556 
17.047388488136953 28.0 3.9705882352941178 0.2755952380952381 29.0 4.051282051282051 0.21839080459770113 25.0 3.923076923076923 0.2733333333333334 26.0 4.102564102564102 0.2903846153846154 24.0 4.044444444444444 0.3055555555555556 
18.047388488136953 28.0 3.9705882352941178 0.2755952380952381 29.0 4.051282051282051 0.21839080459770113 25.0 3.923076923076923 0.2733333333333334 26.0 4.102564102564102 0.2903846153846154 24.0 4.044444444444444 0.3055555555555556 
19.047388488136953 28.0 3.9705882352941178 0.2755952380952381 28.0 4.051282051282051 0.24404761904761904 25.0 3.923076923076923 0.2733333333333334 26.0 4.102564102564102 0.2903846153846154 24.0 4.044444444444444 0.3055555555555556 
20.047388488136953 28.0 3.9705882352941178 0.2755952380952381 29.0 4.051282051282051 0.21839080459770113 25.0 3.923076923076923 0.2733333333333334 26.0 4.102564102564102 0.2903846153846154 24.0 4.044444444444444 0.3055555555555556 
21.047388488136953 28.0 3.9705882352941178 0.2755952380952381 28.0 4.051282051282051 0.24404761904761904 25.0 3.923076923076923 0.2733333333333334 26.0 4.102564102564102 0.2903846153846154 24.0 4.044444444444444 0.3055555555555556 
22.047388488136953 28.0 3.9705882352941178 0.2755952380952381 26.0 3.9393939393939394 0.2724358974358974 25.0 3.923076923076923 0.2733333333333334 26.0 4.102564102564102 0.2903846153846154 24.0 4.044444444444444 0.3055555555555556 
23.047388488136953 28.0 3.9705882352941178 0.2755952380952381 26.0 3.9393939393939394 0.2724358974358974 25.0 3.923076923076923 0.2733333333333334 26.0 4.102564102564102 0.2903846153846154 24.0 4.044444444444444 0.3055555555555556 
24.047388488136953 28.0 3.9705882352941178 0.2755952380952381 26.0 3.803030303030303 0.25961538461538464 25.0 3.923076923076923 0.2733333333333334 26.0 4.102564102564102 0.2903846153846154 24.0 4.044444444444444 0.3055555555555556 
25.047388488136953 28.0 3.9705882352941178 0.2755952380952381 26.0 3.9545454545454546 0.2724358974358974 25.0 3.923076923076923 0.2733333333333334 26.0 4.102564102564102 0.2903846153846154 24.0 4.044444444444444 0.3055555555555556 
26.047388488136953 28.0 3.9705882352941178 0.2755952380952381 24.0 4.088888888888889 0.36111111111111116 25.0 3.923076923076923 0.2733333333333334 26.0 4.102564102564102 0.2903846153846154 24.0 4.044444444444444 0.3055555555555556 
27.047388488136953 28.0 3.9705882352941178 0.2755952380952381 24.0 4.044444444444444 0.3055555555555556 25.0 3.923076923076923 0.2733333333333334 26.0 4.102564102564102 0.2903846153846154 24.0 4.044444444444444 0.3055555555555556 
28.047388488136953 28.0 3.9705882352941178 0.2755952380952381 24.0 4.044444444444444 0.3055555555555556 25.0 3.923076923076923 0.2733333333333334 26.0 4.102564102564102 0.2903846153846154 24.0 4.044444444444444 0.3055555555555556 
29.047388488136953 28.0 3.9705882352941178 0.2755952380952381 24.0 4.044444444444444 0.3055555555555556 25.0 3.923076923076923 0.2733333333333334 26.0 4.102564102564102 0.2903846153846154 24.0 4.044444444444444 0.3055555555555556 
30.047388488136953 28.0 3.9705882352941178 0.2755952380952381 24.0 4.044444444444444 0.3055555555555556 25.0 3.923076923076923 0.2733333333333334 26.0 4.102564102564102 0.2903846153846154 24.0 4.044444444444444 0.3055555555555556 
31.047388488136953 28.0 3.9705882352941178 0.2755952380952381 24.0 4.044444444444444 0.3055555555555556 25.0 3.923076923076923 0.2733333333333334 26.0 4.102564102564102 0.2903846153846154 24.0 4.044444444444444 0.3055555555555556 
#####################################################################
# End of data export. Simulation finished at: 2020-09-16T10:05+0000 #
#####################################################################
