#####################################################################
# Alchemist log file - simulation started at: 2020-09-15T19:59+0000 #
#####################################################################
# seed = 106.0, nodeCount = 50, grain = 2, deploymentType = RandomEuclidean
#
# The columns have the following meaning: 
# time leader-random[CountDistinct] HopCountClusterClosestNeighborDistance[leader-random] HopCountClusterIntraDistance[leader-random] leader-pageRank[CountDistinct] HopCountClusterClosestNeighborDistance[leader-pageRank] HopCountClusterIntraDistance[leader-pageRank] leader-harmonic[CountDistinct] HopCountClusterClosestNeighborDistance[leader-harmonic] HopCountClusterIntraDistance[leader-harmonic] leader-closeness[CountDistinct] HopCountClusterClosestNeighborDistance[leader-closeness] HopCountClusterIntraDistance[leader-closeness] leader-degree[CountDistinct] HopCountClusterClosestNeighborDistance[leader-degree] HopCountClusterIntraDistance[leader-degree] 
0.0 NaN NaN NaN NaN NaN NaN NaN NaN NaN NaN NaN NaN NaN NaN NaN 
1.006048360698558 37.0 4.128654970760234 0.15765765765765766 49.0 3.986666666666667 0.01020408163265306 50.0 3.986666666666667 0.0 27.0 4.512820512820513 0.3209876543209877 49.0 3.986666666666667 0.01020408163265306 
2.006048360698558 27.0 3.8285714285714287 0.3580246913580247 36.0 3.9047619047619047 0.125 27.0 4.311111111111111 0.35185185185185186 27.0 4.512820512820513 0.3209876543209877 25.0 4.5 0.37 
3.006048360698558 28.0 3.925 0.3095238095238096 33.0 3.8241758241758244 0.1590909090909091 25.0 4.2444444444444445 0.33 27.0 4.512820512820513 0.3209876543209877 24.0 4.444444444444445 0.34722222222222227 
4.006048360698558 28.0 3.925 0.3095238095238096 32.0 3.923076923076923 0.16666666666666666 25.0 4.2444444444444445 0.33 27.0 4.512820512820513 0.3209876543209877 24.0 4.444444444444445 0.34722222222222227 
5.006048360698558 27.0 3.8285714285714287 0.33950617283950624 32.0 3.923076923076923 0.16666666666666666 25.0 4.2444444444444445 0.33 27.0 4.512820512820513 0.3209876543209877 24.0 4.444444444444445 0.34722222222222227 
6.006048360698558 27.0 3.8285714285714287 0.33950617283950624 32.0 3.923076923076923 0.16666666666666666 25.0 4.2444444444444445 0.33 27.0 4.512820512820513 0.3209876543209877 24.0 4.444444444444445 0.34722222222222227 
7.006048360698558 27.0 3.8285714285714287 0.33950617283950624 32.0 3.923076923076923 0.16666666666666666 25.0 4.2444444444444445 0.33 27.0 4.512820512820513 0.3209876543209877 24.0 4.444444444444445 0.34722222222222227 
8.006048360698557 27.0 3.8285714285714287 0.33950617283950624 32.0 3.923076923076923 0.16666666666666666 25.0 4.2444444444444445 0.33 27.0 4.512820512820513 0.3209876543209877 24.0 4.444444444444445 0.34722222222222227 
9.006048360698557 27.0 3.8285714285714287 0.33950617283950624 32.0 3.923076923076923 0.16666666666666666 25.0 4.2444444444444445 0.33 27.0 4.512820512820513 0.3209876543209877 24.0 4.444444444444445 0.34722222222222227 
10.006048360698557 27.0 3.8285714285714287 0.33950617283950624 32.0 3.923076923076923 0.16666666666666666 25.0 4.2444444444444445 0.33 27.0 4.512820512820513 0.3209876543209877 24.0 4.444444444444445 0.34722222222222227 
11.006048360698557 27.0 3.8285714285714287 0.33950617283950624 32.0 3.923076923076923 0.16666666666666666 25.0 4.2444444444444445 0.33 27.0 4.512820512820513 0.3209876543209877 24.0 4.444444444444445 0.34722222222222227 
12.006048360698557 27.0 3.8285714285714287 0.33950617283950624 32.0 3.923076923076923 0.16666666666666666 25.0 4.2444444444444445 0.33 27.0 4.512820512820513 0.3209876543209877 24.0 4.444444444444445 0.34722222222222227 
13.006048360698557 27.0 3.8285714285714287 0.33950617283950624 32.0 3.923076923076923 0.16666666666666666 25.0 4.2444444444444445 0.33 27.0 4.512820512820513 0.3209876543209877 24.0 4.444444444444445 0.34722222222222227 
14.006048360698557 27.0 3.8285714285714287 0.33950617283950624 32.0 3.923076923076923 0.16666666666666666 25.0 4.2444444444444445 0.33 27.0 4.512820512820513 0.3209876543209877 24.0 4.444444444444445 0.34722222222222227 
15.006048360698557 27.0 3.8285714285714287 0.33950617283950624 32.0 3.923076923076923 0.16666666666666666 25.0 4.2444444444444445 0.33 27.0 4.512820512820513 0.3209876543209877 24.0 4.444444444444445 0.34722222222222227 
16.006048360698557 27.0 3.8285714285714287 0.33950617283950624 32.0 3.923076923076923 0.16666666666666666 25.0 4.2444444444444445 0.33 27.0 4.512820512820513 0.3209876543209877 24.0 4.444444444444445 0.34722222222222227 
17.006048360698557 27.0 3.8285714285714287 0.33950617283950624 32.0 3.923076923076923 0.16666666666666666 25.0 4.2444444444444445 0.33 27.0 4.512820512820513 0.3209876543209877 24.0 4.444444444444445 0.34722222222222227 
18.006048360698557 27.0 3.8285714285714287 0.33950617283950624 32.0 3.923076923076923 0.16666666666666666 25.0 4.2444444444444445 0.33 27.0 4.512820512820513 0.3209876543209877 24.0 4.444444444444445 0.34722222222222227 
19.006048360698557 27.0 3.8285714285714287 0.33950617283950624 32.0 3.923076923076923 0.16666666666666666 25.0 4.2444444444444445 0.33 27.0 4.512820512820513 0.3209876543209877 24.0 4.444444444444445 0.34722222222222227 
20.006048360698557 27.0 3.8285714285714287 0.33950617283950624 32.0 3.923076923076923 0.16666666666666666 25.0 4.2444444444444445 0.33 27.0 4.512820512820513 0.3209876543209877 24.0 4.444444444444445 0.34722222222222227 
21.006048360698557 27.0 3.8285714285714287 0.33950617283950624 32.0 3.923076923076923 0.16666666666666666 25.0 4.2444444444444445 0.33 27.0 4.512820512820513 0.3209876543209877 24.0 4.444444444444445 0.34722222222222227 
22.006048360698557 27.0 3.8285714285714287 0.33950617283950624 31.0 4.090909090909091 0.1881720430107527 25.0 4.2444444444444445 0.33 27.0 4.512820512820513 0.3209876543209877 24.0 4.444444444444445 0.34722222222222227 
23.006048360698557 27.0 3.8285714285714287 0.33950617283950624 31.0 4.151515151515151 0.1881720430107527 25.0 4.2444444444444445 0.33 27.0 4.512820512820513 0.3209876543209877 24.0 4.444444444444445 0.34722222222222227 
24.006048360698557 27.0 3.8285714285714287 0.33950617283950624 28.0 4.5777777777777775 0.2380952380952381 25.0 4.2444444444444445 0.33 27.0 4.512820512820513 0.3209876543209877 24.0 4.444444444444445 0.34722222222222227 
25.006048360698557 27.0 3.8285714285714287 0.33950617283950624 26.0 4.5 0.32051282051282054 25.0 4.2444444444444445 0.33 27.0 4.512820512820513 0.3209876543209877 24.0 4.444444444444445 0.34722222222222227 
26.006048360698557 27.0 3.8285714285714287 0.33950617283950624 24.0 4.444444444444445 0.34722222222222227 25.0 4.2444444444444445 0.33 27.0 4.512820512820513 0.3209876543209877 24.0 4.444444444444445 0.34722222222222227 
27.006048360698557 27.0 3.8285714285714287 0.33950617283950624 24.0 4.444444444444445 0.34722222222222227 25.0 4.2444444444444445 0.33 27.0 4.512820512820513 0.3209876543209877 24.0 4.444444444444445 0.34722222222222227 
28.006048360698557 27.0 3.8285714285714287 0.33950617283950624 24.0 4.444444444444445 0.34722222222222227 25.0 4.2444444444444445 0.33 27.0 4.512820512820513 0.3209876543209877 24.0 4.444444444444445 0.34722222222222227 
29.006048360698557 27.0 3.8285714285714287 0.33950617283950624 24.0 4.444444444444445 0.34722222222222227 25.0 4.2444444444444445 0.33 27.0 4.512820512820513 0.3209876543209877 24.0 4.444444444444445 0.34722222222222227 
30.006048360698557 27.0 3.8285714285714287 0.33950617283950624 24.0 4.444444444444445 0.34722222222222227 25.0 4.2444444444444445 0.33 27.0 4.512820512820513 0.3209876543209877 24.0 4.444444444444445 0.34722222222222227 
31.006048360698557 27.0 3.8285714285714287 0.33950617283950624 24.0 4.444444444444445 0.34722222222222227 25.0 4.2444444444444445 0.33 27.0 4.512820512820513 0.3209876543209877 24.0 4.444444444444445 0.34722222222222227 
32.00604836069856 27.0 3.8285714285714287 0.33950617283950624 24.0 4.444444444444445 0.34722222222222227 25.0 4.2444444444444445 0.33 27.0 4.512820512820513 0.3209876543209877 24.0 4.444444444444445 0.34722222222222227 
33.00604836069856 27.0 3.8285714285714287 0.33950617283950624 24.0 4.444444444444445 0.34722222222222227 25.0 4.2444444444444445 0.33 27.0 4.512820512820513 0.3209876543209877 24.0 4.444444444444445 0.34722222222222227 
#####################################################################
# End of data export. Simulation finished at: 2020-09-15T20:00+0000 #
#####################################################################
