#####################################################################
# Alchemist log file - simulation started at: 2020-09-18T16:25+0000 #
#####################################################################
# seed = 132.0, nodeCount = 400, grain = 6, deploymentType = RandomEuclidean
#
# The columns have the following meaning: 
# time leader-random[CountDistinct] HopCountClusterClosestNeighborDistance[leader-random] HopCountClusterIntraDistance[leader-random] leader-pageRank[CountDistinct] HopCountClusterClosestNeighborDistance[leader-pageRank] HopCountClusterIntraDistance[leader-pageRank] leader-harmonic[CountDistinct] HopCountClusterClosestNeighborDistance[leader-harmonic] HopCountClusterIntraDistance[leader-harmonic] leader-closeness[CountDistinct] HopCountClusterClosestNeighborDistance[leader-closeness] HopCountClusterIntraDistance[leader-closeness] leader-degree[CountDistinct] HopCountClusterClosestNeighborDistance[leader-degree] HopCountClusterIntraDistance[leader-degree] 
0.0 NaN NaN NaN NaN NaN NaN NaN NaN NaN NaN NaN NaN NaN NaN NaN 
1.0010635705302053 75.0 Infinity 0.5920159597651904 238.0 Infinity 0.21438247235653152 320.0 Infinity 0.10645833333333332 38.0 Infinity 1.2717712776208572 232.0 Infinity 0.23192733990147787 
2.0010635705302056 14.0 NaN NaN 43.0 Infinity NaN 126.0 Infinity NaN 13.0 NaN NaN 55.0 Infinity NaN 
3.0010635705302056 12.0 NaN 1.5830079243981432 12.0 Infinity NaN 59.0 Infinity NaN 14.0 NaN NaN 14.0 NaN NaN 
4.001063570530206 27.0 NaN 0.7027202541908424 7.0 Infinity NaN 40.0 Infinity NaN 30.0 NaN NaN 9.0 NaN NaN 
5.001063570530206 32.0 NaN 0.7099874237282325 19.0 Infinity NaN 24.0 Infinity NaN 24.0 NaN 0.9478191753524442 17.0 Infinity NaN 
6.001063570530206 38.0 NaN 0.5779058333419621 67.0 Infinity 0.23047005509692076 30.0 Infinity NaN 11.0 NaN 2.059209035162343 57.0 Infinity NaN 
7.001063570530206 47.0 NaN NaN 60.0 Infinity NaN 39.0 Infinity NaN 42.0 Infinity NaN 74.0 Infinity NaN 
8.001063570530206 18.0 NaN NaN 17.0 Infinity NaN 92.0 Infinity NaN 16.0 NaN 1.398728604042921 76.0 Infinity NaN 
9.001063570530206 9.0 NaN NaN 9.0 Infinity NaN 60.0 Infinity NaN 11.0 NaN 2.1010891724554512 44.0 Infinity NaN 
10.001063570530206 7.0 NaN NaN 6.0 Infinity 2.35146353102262 25.0 NaN NaN 10.0 NaN 2.210753645256552 12.0 NaN NaN 
11.001063570530206 13.0 NaN 1.1156261147974291 6.0 Infinity 2.414155274386632 45.0 Infinity NaN 10.0 NaN 2.210753645256552 10.0 NaN NaN 
12.001063570530206 8.0 NaN 2.0003924365458223 6.0 Infinity 2.414155274386632 19.0 NaN NaN 10.0 NaN 2.210753645256552 20.0 Infinity NaN 
13.001063570530206 7.0 NaN 2.2555505397258377 12.0 Infinity 1.099934780050459 12.0 NaN NaN 10.0 NaN 2.210753645256552 53.0 Infinity NaN 
14.001063570530206 7.0 NaN 2.2555505397258377 9.0 Infinity 1.4850982252524636 10.0 NaN 1.59162015420861 10.0 NaN 2.210753645256552 57.0 Infinity NaN 
15.001063570530206 7.0 NaN 2.2555505397258377 7.0 Infinity 2.01417390865793 9.0 NaN 1.824022393565122 10.0 NaN 2.210753645256552 19.0 NaN 0.9714285241099296 
16.001063570530206 7.0 NaN 2.2555505397258377 6.0 Infinity 2.3903457505771084 9.0 NaN 1.824022393565122 10.0 NaN 2.210753645256552 7.0 NaN 2.2197349041675545 
17.001063570530206 7.0 NaN 2.2555505397258377 6.0 Infinity 2.3903457505771084 9.0 NaN 1.824022393565122 10.0 NaN 2.210753645256552 7.0 NaN 2.2736128386314403 
18.001063570530206 7.0 NaN 2.2555505397258377 6.0 Infinity 2.3903457505771084 9.0 NaN 1.824022393565122 10.0 NaN 2.210753645256552 7.0 NaN 2.2736128386314403 
19.001063570530206 7.0 NaN 2.2555505397258377 6.0 Infinity 2.3903457505771084 9.0 NaN 1.824022393565122 10.0 NaN 2.210753645256552 10.0 NaN 1.5895553028314817 
20.001063570530206 7.0 NaN 2.2555505397258377 6.0 Infinity 2.3903457505771084 9.0 NaN 1.824022393565122 10.0 NaN 2.210753645256552 25.0 NaN 0.5208221211325926 
21.001063570530206 7.0 NaN 2.2555505397258377 6.0 Infinity 2.3903457505771084 9.0 NaN 1.824022393565122 10.0 NaN 2.210753645256552 9.0 NaN 1.8245058920349793 
22.001063570530206 7.0 NaN 2.2555505397258377 6.0 Infinity 2.3903457505771084 9.0 NaN 1.824022393565122 10.0 NaN 2.210753645256552 7.0 NaN 2.130755695774297 
23.001063570530206 7.0 NaN 2.2555505397258377 6.0 Infinity 2.3903457505771084 9.0 NaN 1.824022393565122 10.0 NaN 2.210753645256552 7.0 NaN 2.130755695774297 
24.001063570530206 7.0 NaN 2.2555505397258377 6.0 Infinity 2.3903457505771084 9.0 NaN 1.824022393565122 10.0 NaN 2.210753645256552 7.0 NaN 2.130755695774297 
25.001063570530206 7.0 NaN 2.2555505397258377 6.0 Infinity 2.3903457505771084 9.0 NaN 1.824022393565122 10.0 NaN 2.210753645256552 7.0 NaN 2.130755695774297 
26.001063570530206 7.0 NaN 2.2555505397258377 6.0 Infinity 2.3903457505771084 9.0 NaN 1.824022393565122 10.0 NaN 2.210753645256552 7.0 NaN 2.130755695774297 
27.001063570530206 7.0 NaN 2.2555505397258377 6.0 Infinity 2.3903457505771084 9.0 NaN 1.824022393565122 10.0 NaN 2.210753645256552 7.0 NaN 2.130755695774297 
28.001063570530206 7.0 NaN 2.2555505397258377 6.0 Infinity 2.3903457505771084 9.0 NaN 1.824022393565122 10.0 NaN 2.210753645256552 7.0 NaN 2.130755695774297 
29.001063570530206 7.0 NaN 2.2555505397258377 6.0 Infinity 2.3903457505771084 9.0 NaN 1.824022393565122 10.0 NaN 2.210753645256552 7.0 NaN 2.130755695774297 
30.001063570530206 7.0 NaN 2.2555505397258377 6.0 Infinity 2.3903457505771084 9.0 NaN 1.824022393565122 10.0 NaN 2.210753645256552 7.0 NaN 2.130755695774297 
31.001063570530206 7.0 NaN 2.2555505397258377 6.0 Infinity 2.3903457505771084 9.0 NaN 1.824022393565122 10.0 NaN 2.210753645256552 7.0 NaN 2.130755695774297 
32.00106357053021 7.0 NaN 2.2555505397258377 6.0 Infinity 2.3903457505771084 9.0 NaN 1.824022393565122 10.0 NaN 2.210753645256552 7.0 NaN 2.130755695774297 
33.00106357053021 7.0 NaN 2.2555505397258377 6.0 Infinity 2.3903457505771084 9.0 NaN 1.824022393565122 10.0 NaN 2.210753645256552 7.0 NaN 2.130755695774297 
34.00106357053021 7.0 NaN 2.2555505397258377 6.0 Infinity 2.3903457505771084 9.0 NaN 1.824022393565122 10.0 NaN 2.210753645256552 7.0 NaN 2.130755695774297 
35.00106357053021 7.0 NaN 2.2555505397258377 6.0 Infinity 2.3903457505771084 9.0 NaN 1.824022393565122 10.0 NaN 2.210753645256552 7.0 NaN 2.130755695774297 
36.00106357053021 7.0 NaN 2.2555505397258377 6.0 Infinity 2.3903457505771084 9.0 NaN 1.824022393565122 10.0 NaN 2.210753645256552 7.0 NaN 2.130755695774297 
37.00106357053021 7.0 NaN 2.2555505397258377 6.0 Infinity 2.3903457505771084 9.0 NaN 1.824022393565122 10.0 NaN 2.210753645256552 7.0 NaN 2.130755695774297 
38.00106357053021 7.0 NaN 2.2555505397258377 6.0 Infinity 2.3903457505771084 9.0 NaN 1.824022393565122 10.0 NaN 2.210753645256552 7.0 NaN 2.130755695774297 
39.00106357053021 7.0 NaN 2.2555505397258377 6.0 Infinity 2.3903457505771084 9.0 NaN 1.824022393565122 10.0 NaN 2.210753645256552 7.0 NaN 2.130755695774297 
40.00106357053021 7.0 NaN 2.2555505397258377 6.0 Infinity 2.3903457505771084 9.0 NaN 1.824022393565122 10.0 NaN 2.210753645256552 7.0 NaN 2.130755695774297 
41.00106357053021 7.0 NaN 2.2555505397258377 6.0 Infinity 2.3903457505771084 9.0 NaN 1.824022393565122 10.0 NaN 2.210753645256552 7.0 NaN 2.130755695774297 
42.00106357053021 7.0 NaN 2.2555505397258377 6.0 Infinity 2.3903457505771084 9.0 NaN 1.824022393565122 10.0 NaN 2.210753645256552 7.0 NaN 2.130755695774297 
43.00106357053021 7.0 NaN 2.2555505397258377 6.0 Infinity 2.3903457505771084 9.0 NaN 1.824022393565122 10.0 NaN 2.210753645256552 7.0 NaN 2.130755695774297 
44.00106357053021 7.0 NaN 2.2555505397258377 6.0 Infinity 2.3903457505771084 9.0 NaN 1.824022393565122 10.0 NaN 2.210753645256552 7.0 NaN 2.130755695774297 
45.00106357053021 7.0 NaN 2.2555505397258377 6.0 Infinity 2.3903457505771084 9.0 NaN 1.824022393565122 10.0 NaN 2.210753645256552 7.0 NaN 2.130755695774297 
46.00106357053021 7.0 NaN 2.2555505397258377 6.0 Infinity 2.3903457505771084 9.0 NaN 1.824022393565122 10.0 NaN 2.210753645256552 7.0 NaN 2.130755695774297 
#####################################################################
# End of data export. Simulation finished at: 2020-09-18T16:39+0000 #
#####################################################################
