#####################################################################
# Alchemist log file - simulation started at: 2020-09-16T09:32+0000 #
#####################################################################
# seed = 31.0, nodeCount = 50, grain = 2, deploymentType = RandomEuclidean
#
# The columns have the following meaning: 
# time leader-random[CountDistinct] HopCountClusterClosestNeighborDistance[leader-random] HopCountClusterIntraDistance[leader-random] leader-pageRank[CountDistinct] HopCountClusterClosestNeighborDistance[leader-pageRank] HopCountClusterIntraDistance[leader-pageRank] leader-harmonic[CountDistinct] HopCountClusterClosestNeighborDistance[leader-harmonic] HopCountClusterIntraDistance[leader-harmonic] leader-closeness[CountDistinct] HopCountClusterClosestNeighborDistance[leader-closeness] HopCountClusterIntraDistance[leader-closeness] leader-degree[CountDistinct] HopCountClusterClosestNeighborDistance[leader-degree] HopCountClusterIntraDistance[leader-degree] 
0.0 NaN NaN NaN NaN NaN NaN NaN NaN NaN NaN NaN NaN NaN NaN NaN 
1.001304868216485 35.0 3.415204678362573 0.19523809523809524 50.0 3.56 0.0 49.0 3.5905797101449277 0.01020408163265306 28.0 3.3333333333333335 0.3422619047619047 47.0 3.5064935064935066 0.031914893617021274 
2.0013048682164847 25.0 3.318681318681319 0.3999999999999999 43.0 3.461988304093567 0.07751937984496124 26.0 2.857142857142857 0.3685897435897436 28.0 3.3333333333333335 0.3422619047619047 28.0 2.9642857142857144 0.38690476190476186 
3.0013048682164847 25.0 3.318681318681319 0.3999999999999999 41.0 3.3567251461988303 0.07520325203252032 27.0 2.9642857142857144 0.37037037037037035 28.0 3.3333333333333335 0.3422619047619047 27.0 3.111111111111111 0.3333333333333333 
4.001304868216485 25.0 3.318681318681319 0.3999999999999999 41.0 3.3567251461988303 0.07520325203252032 27.0 2.892857142857143 0.3333333333333333 28.0 3.3333333333333335 0.3422619047619047 26.0 3.2142857142857144 0.3653846153846153 
5.001304868216485 25.0 3.318681318681319 0.3999999999999999 40.0 3.3567251461988303 0.08124999999999999 27.0 2.892857142857143 0.3333333333333333 28.0 3.3333333333333335 0.3422619047619047 26.0 3.2142857142857144 0.3653846153846153 
6.001304868216485 25.0 3.318681318681319 0.3999999999999999 40.0 3.3567251461988303 0.08124999999999999 27.0 2.892857142857143 0.3333333333333333 28.0 3.3333333333333335 0.3422619047619047 26.0 3.2142857142857144 0.3653846153846153 
7.001304868216485 25.0 3.318681318681319 0.3999999999999999 40.0 3.3567251461988303 0.08124999999999999 27.0 2.892857142857143 0.3333333333333333 28.0 3.3333333333333335 0.3422619047619047 26.0 3.2142857142857144 0.3653846153846153 
8.001304868216485 25.0 3.318681318681319 0.3999999999999999 40.0 3.3567251461988303 0.08124999999999999 27.0 2.892857142857143 0.3333333333333333 28.0 3.3333333333333335 0.3422619047619047 26.0 3.2142857142857144 0.3653846153846153 
9.001304868216485 25.0 3.318681318681319 0.3999999999999999 40.0 3.3567251461988303 0.08124999999999999 27.0 2.892857142857143 0.3333333333333333 28.0 3.3333333333333335 0.3422619047619047 26.0 3.2142857142857144 0.3653846153846153 
10.001304868216485 25.0 3.318681318681319 0.3999999999999999 40.0 3.3567251461988303 0.08124999999999999 27.0 2.892857142857143 0.3333333333333333 28.0 3.3333333333333335 0.3422619047619047 26.0 3.2142857142857144 0.3653846153846153 
11.001304868216485 25.0 3.318681318681319 0.3999999999999999 40.0 3.3567251461988303 0.08124999999999999 27.0 2.892857142857143 0.3333333333333333 28.0 3.3333333333333335 0.3422619047619047 26.0 3.2142857142857144 0.3653846153846153 
12.001304868216485 25.0 3.318681318681319 0.3999999999999999 40.0 3.3567251461988303 0.08124999999999999 27.0 2.892857142857143 0.3333333333333333 28.0 3.3333333333333335 0.3422619047619047 26.0 3.2142857142857144 0.3653846153846153 
13.001304868216485 25.0 3.318681318681319 0.3999999999999999 40.0 3.3567251461988303 0.08124999999999999 27.0 2.892857142857143 0.3333333333333333 28.0 3.3333333333333335 0.3422619047619047 26.0 3.2142857142857144 0.3653846153846153 
14.001304868216485 25.0 3.318681318681319 0.3999999999999999 40.0 3.3567251461988303 0.08124999999999999 27.0 2.892857142857143 0.3333333333333333 28.0 3.3333333333333335 0.3422619047619047 26.0 3.2142857142857144 0.3653846153846153 
15.001304868216485 25.0 3.318681318681319 0.3999999999999999 40.0 3.3567251461988303 0.08124999999999999 27.0 2.892857142857143 0.3333333333333333 28.0 3.3333333333333335 0.3422619047619047 26.0 3.2142857142857144 0.3653846153846153 
16.001304868216486 25.0 3.318681318681319 0.3999999999999999 40.0 3.3567251461988303 0.08124999999999999 27.0 2.892857142857143 0.3333333333333333 28.0 3.3333333333333335 0.3422619047619047 26.0 3.2142857142857144 0.3653846153846153 
17.001304868216486 25.0 3.318681318681319 0.3999999999999999 40.0 3.3567251461988303 0.08124999999999999 27.0 2.892857142857143 0.3333333333333333 28.0 3.3333333333333335 0.3422619047619047 26.0 3.2142857142857144 0.3653846153846153 
18.001304868216486 25.0 3.318681318681319 0.3999999999999999 40.0 3.3567251461988303 0.08124999999999999 27.0 2.892857142857143 0.3333333333333333 28.0 3.3333333333333335 0.3422619047619047 26.0 3.2142857142857144 0.3653846153846153 
19.001304868216486 25.0 3.318681318681319 0.3999999999999999 40.0 3.3567251461988303 0.08124999999999999 27.0 2.892857142857143 0.3333333333333333 28.0 3.3333333333333335 0.3422619047619047 26.0 3.2142857142857144 0.3653846153846153 
20.001304868216486 25.0 3.318681318681319 0.3999999999999999 40.0 3.3567251461988303 0.08124999999999999 27.0 2.892857142857143 0.3333333333333333 28.0 3.3333333333333335 0.3422619047619047 26.0 3.2142857142857144 0.3653846153846153 
21.001304868216486 25.0 3.318681318681319 0.3999999999999999 40.0 3.3567251461988303 0.08124999999999999 27.0 2.892857142857143 0.3333333333333333 28.0 3.3333333333333335 0.3422619047619047 26.0 3.2142857142857144 0.3653846153846153 
22.001304868216486 25.0 3.318681318681319 0.3999999999999999 39.0 3.3567251461988303 0.08547008547008546 27.0 2.892857142857143 0.3333333333333333 28.0 3.3333333333333335 0.3422619047619047 26.0 3.2142857142857144 0.3653846153846153 
23.001304868216486 25.0 3.318681318681319 0.3999999999999999 38.0 3.457516339869281 0.10087719298245613 27.0 2.892857142857143 0.3333333333333333 28.0 3.3333333333333335 0.3422619047619047 26.0 3.2142857142857144 0.3653846153846153 
24.001304868216486 25.0 3.318681318681319 0.3999999999999999 38.0 3.426470588235294 0.10307017543859648 27.0 2.892857142857143 0.3333333333333333 28.0 3.3333333333333335 0.3422619047619047 26.0 3.2142857142857144 0.3653846153846153 
25.001304868216486 25.0 3.318681318681319 0.3999999999999999 32.0 3.197802197802198 0.203125 27.0 2.892857142857143 0.3333333333333333 28.0 3.3333333333333335 0.3422619047619047 26.0 3.2142857142857144 0.3653846153846153 
26.001304868216486 25.0 3.318681318681319 0.3999999999999999 25.0 3.2142857142857144 0.3999999999999999 27.0 2.892857142857143 0.3333333333333333 28.0 3.3333333333333335 0.3422619047619047 26.0 3.2142857142857144 0.3653846153846153 
27.001304868216486 25.0 3.318681318681319 0.3999999999999999 25.0 3.2142857142857144 0.3999999999999999 27.0 2.892857142857143 0.3333333333333333 28.0 3.3333333333333335 0.3422619047619047 26.0 3.2142857142857144 0.3653846153846153 
28.001304868216486 25.0 3.318681318681319 0.3999999999999999 25.0 3.2142857142857144 0.3999999999999999 27.0 2.892857142857143 0.3333333333333333 28.0 3.3333333333333335 0.3422619047619047 26.0 3.2142857142857144 0.3653846153846153 
29.001304868216486 25.0 3.318681318681319 0.3999999999999999 25.0 3.2142857142857144 0.3999999999999999 27.0 2.892857142857143 0.3333333333333333 28.0 3.3333333333333335 0.3422619047619047 26.0 3.2142857142857144 0.3653846153846153 
30.001304868216486 25.0 3.318681318681319 0.3999999999999999 25.0 3.2142857142857144 0.3999999999999999 27.0 2.892857142857143 0.3333333333333333 28.0 3.3333333333333335 0.3422619047619047 26.0 3.2142857142857144 0.3653846153846153 
31.001304868216486 25.0 3.318681318681319 0.3999999999999999 25.0 3.2142857142857144 0.3999999999999999 27.0 2.892857142857143 0.3333333333333333 28.0 3.3333333333333335 0.3422619047619047 26.0 3.2142857142857144 0.3653846153846153 
#####################################################################
# End of data export. Simulation finished at: 2020-09-16T09:32+0000 #
#####################################################################
