#####################################################################
# Alchemist log file - simulation started at: 2020-02-21T04:12+0000 #
#####################################################################
# seed = 14.0, speed = 5, meanNeighbors = 10, nodeCount = 200
#
# The columns have the following meaning: 
# time nodes org:protelis:armonicCentralityHLL[Mean] harmonicCentrality[Mean] msqer@harmonicCentrality[Mean] msqer@harmonicCentrality[Max] msqer@harmonicCentrality[Min] msqer@harmonicCentrality[StandardDeviation] 
0.0 200.0 NaN NaN 0.0 0.0 0.0 0.0 
0.5 200.0 2.457875457875458 46.442648712398714 45.32431537906538 58.466666666666676 28.884232434232437 6.257984829032555 
1.0 200.0 7.127519841269841 46.707556998557 39.58003715728716 57.603571428571435 23.729040404040408 7.152354464314987 
1.5 200.0 15.05828373015873 47.165947552447555 32.10766382228882 51.412698412698404 17.9686507936508 7.805374957212373 
2.0 200.0 24.944722763347762 46.81363317238317 21.86891040903541 37.29404761904762 7.148412698412692 5.740008344361414 
2.5 200.0 31.28991215728716 46.20380713730714 14.91389498001998 30.320779220779222 1.8650072150072248 5.914140318453315 
3.0 200.0 38.51918535631036 46.14578152403153 7.698521853146854 21.504639804639794 0.03759018759019028 4.908913650930379 
3.5 200.0 42.77684967809968 47.27337076812077 4.602443695193696 17.309126984126976 0.023376623376620387 3.6949309513351287 
4.0 200.0 45.56473175435676 47.218293845043846 2.373803918303918 11.641738816738812 0.041666666666671404 2.0347372681025906 
4.5 200.0 46.86032387057387 47.17308383283383 1.668396797646799 8.72554112554112 0.008355533355526745 1.5299345853121018 
5.0 200.0 47.45002644781689 46.12662348762349 2.023313823023383 8.249025974025983 0.012445887445885262 1.6154432307332307 
5.5 200.0 47.800030402195844 45.85607692307693 2.3778929244774836 9.509632034632027 0.010281385281388111 1.9236816061828663 
6.0 200.0 47.86141752691753 45.78862246087246 2.3199954212454212 9.53376623376623 0.004076479076488226 1.901236319494856 
6.5 200.0 47.58787991175491 46.087957542457545 2.012292277167276 8.083480408480398 0.009668109668105274 1.4901218999086492 
7.0 200.0 47.36140954878455 45.80278205128205 1.932307484182484 6.94269064269065 0.006746031746033054 1.4615328544927628 
7.5 200.0 47.17658648296148 44.740851370851374 2.681279428904429 13.112878787878785 0.047619047619051 1.9523544424377626 
8.0 200.0 46.90057618770119 44.43651784326784 2.7033672299922302 11.818539793539799 0.15443722943722804 1.791618521830637 
8.5 200.0 46.65803862803863 44.155430351511235 2.700552027221143 11.831000943500946 0.039563214563209215 1.986222724647322 
9.0 200.0 46.252424395049395 42.4228365939616 3.9501139971139976 31.605855255855246 0.06360028860027711 5.610997470663957 
9.5 200.0 46.02699608724609 42.5792746975247 3.540920163170163 28.990451215451223 0.04491064491063668 5.20272625596493 
10.0 200.0 45.78274728049728 42.91119852369852 3.1029081751581744 26.576318126318128 0.0 4.701519276481306 
10.5 200.0 45.22255753968254 42.51911313686314 3.01854924242424 22.94626484626485 0.0 3.3927407698519425 
11.0 200.0 44.85895500333 44.221040750915755 2.990292818292818 25.759607059607063 3.607503606417595E-5 4.345961570297379 
11.5 200.0 44.7430758963259 44.94709892884893 2.9297810522810535 34.6689393939394 0.008816183816179546 6.0188266844077205 
12.0 200.0 45.06039484126984 44.3563624986125 2.201817210567211 30.153399378399378 0.006138306138296912 4.084142105130847 
12.5 200.0 45.37088500388501 44.40370976245976 1.961728882228882 25.05878565878566 0.0 2.2626231310013254 
13.0 200.0 45.553489232989236 44.27133771783772 2.0291626567876566 25.05878565878566 0.0 2.275768657685344 
13.5 200.0 45.6948822011322 44.32372538572539 1.8466131923631925 7.3446386946386895 0.0 1.4008721207639703 
14.0 200.0 45.634125263625265 44.416856005106006 1.7748636641136644 7.619891219891215 0.0 1.3975129383650657 
14.5 200.0 45.64076230713731 44.31415972915973 1.897072163947165 7.920218670218659 0.0 1.4539515031990302 
15.0 200.0 45.496615800865804 43.88453108003108 1.9465827228327237 9.70541125541125 0.0 1.6138385476612456 
15.5 200.0 45.33118624431125 43.609755671615964 2.1135880263527334 10.352633477633475 0.0 1.5803412398263095 
16.0 200.0 45.3022862970363 44.28567932067932 1.514347374847376 5.416436341436352 0.0 1.1736841069616075 
16.5 200.0 45.406560120435124 43.78126922505599 2.0271128756864067 8.837792028233206 0.0 1.513308403245819 
17.0 200.0 45.34565612165612 43.08560921921216 2.489899613458438 28.382878232878234 0.0 2.483912379013963 
17.5 200.0 45.29597624597625 43.81952914569091 1.9042488679621035 11.39074454956808 0.0 1.512774519350578 
18.0 200.0 45.149935550560556 43.17477224001489 2.2137084320907854 11.176081026816316 0.0 1.7459333550917844 
18.5 200.0 45.13528811466312 44.73045224220225 1.5633041264291265 8.977775002774997 0.0 1.4535604985856232 
19.0 200.0 45.13511365023865 44.44691952491952 1.7936377095127087 6.266450216450217 0.0 1.4121101956010191 
19.5 200.0 45.124446803196804 44.56504118104118 1.6031243894993892 6.166244866244853 0.0 1.3502336979591418 
20.0 200.0 45.085690594128096 44.56888217338217 1.6914576187701202 5.896250971250964 0.0 1.3251266734681753 
20.5 200.0 45.118331834831835 44.181790487290485 2.143872266622268 29.25599123099123 0.009090909090907928 2.8682864144285474 
21.0 200.0 45.05290473415474 44.17492685092685 2.132003996003996 29.094916194916195 0.020057720057714334 2.9674723592950745 
21.5 200.0 44.825112692862696 44.03909193584194 1.9154769674769676 29.131146631146635 0.01704129204129856 2.92578430063304 
22.0 200.0 44.67809649990532 43.872664183039184 1.768018532121474 28.300899100899098 0.028463203463196862 2.748806078331845 
22.5 200.0 44.99043294328221 44.64724395049395 1.2653315087690078 11.64779387279387 0.0012765012765001416 1.4049500528124619 
23.0 200.0 44.863389103135425 43.680002539127535 1.775726432472756 11.796170496170497 0.016233766233760605 1.541526206805555 
23.5 200.0 44.92295948210287 44.0185642968143 2.1999436229620044 8.520737595737593 0.001334776334772414 1.7768677454406108 
24.0 200.0 44.872943403818404 43.53375285825286 2.1437891691641693 8.23133533133533 0.009848484848482997 1.8267542754646062 
24.5 200.0 44.828787642912644 43.44379816017316 1.9635520451770454 7.76201298701298 0.010209235209224232 1.5842085163769775 
25.0 200.0 44.54176499889 42.715739565989566 2.1059320818070826 11.077577977577963 0.008261183261183191 1.5180612567420118 
25.5 200.0 44.5351944999445 42.85070340035781 2.02806521991081 7.5059190809190675 0.01497113997115207 1.3927734212984504 
26.0 200.0 44.298164557664556 42.3367978892023 2.1817027629233525 11.097077922077922 0.03668831168830877 1.622033321537172 
26.5 200.0 44.15601191863692 43.127760683760684 1.5193322927072923 6.500621600621599 0.01658341658340845 1.1848772256904825 
27.0 200.0 43.98943695887446 43.592101370851374 1.2713101689976682 5.953968253968249 0.02182539682539897 0.9476996270241942 
27.5 200.0 43.88522325591076 43.465143249724136 1.3438732962299138 6.9689033189033225 0.00826118326116898 1.2520263319942404 
28.0 200.0 43.938356351981355 43.49969780627869 1.4313689782439785 7.914141414141419 0.0055194805194744845 1.294845609973515 
28.5 200.0 44.01952244977245 43.0491597985348 1.478164654789654 6.211424686424678 0.013203463203474541 1.2288216379390016 
29.0 200.0 44.0492918956044 42.48304716117216 1.9762389763014767 13.008874458874462 0.024451936951940922 1.79806295526664 
29.5 200.0 44.15175157481408 42.364332500832504 2.1566116452991455 11.818373293373295 0.004664779664793173 1.6607554730000207 
30.0 200.0 44.045432005494504 42.699364274614275 1.8759346278721274 6.9996545121545175 0.010989010989000292 1.353463281745772 
30.5 200.0 44.01248088023088 42.23505910755911 2.17238646076146 8.141089466089468 0.06112498612499451 1.4770247833900059 
31.0 200.0 43.851504592629595 42.610539987789984 1.8510588994338995 7.375216450216463 0.01767954267953087 1.4579321652041897 
31.5 200.0 43.80356872988123 42.866241758241756 1.7048025238650235 9.75581085581086 0.008297258297275789 1.4148795718457314 
32.0 200.0 43.699414370351874 42.391425518925516 2.07030731074481 10.188297813297822 0.020970695970689235 1.5120271076629543 
32.5 200.0 43.709833666333665 42.28376023976024 2.026890387390388 14.70892440892441 0.01080586080587409 1.8290717589870171 
33.0 200.0 43.62033701714952 41.614867965367964 2.3676011002886 39.201226551226554 0.008297258297254473 4.00124461591608 
33.5 200.0 43.42878322372072 41.69158966931761 2.1513226973190203 11.875306637806641 0.023874736374743577 1.8334721764450228 
34.0 200.0 42.99680022061272 42.017369396942925 1.910625961864932 36.08858363858365 0.00698468198468305 2.7661947322881257 
34.5 200.0 42.917196935009436 42.40055801388154 1.8641080075969783 36.596270396270384 0.03476245976246872 2.754347133280603 
35.0 200.0 43.08706924325674 42.3783103979354 2.105739128926629 11.163816738816742 0.019938394938399995 1.8781440959022493 
35.5 200.0 43.22966163003663 41.577228843052374 2.6404647550162252 10.615692640692636 4.5510045511321096E-4 2.0543878331294887 
36.0 200.0 43.435603778166275 42.06941987587576 2.278967618574237 9.772433122433121 0.005361305361319069 2.037306677712169 
36.5 200.0 43.32591967060717 41.101790990871876 2.602198609805227 8.495093795093787 0.0670634920634896 1.9827206635224304 
37.0 200.0 43.39798692973693 41.82610846098346 2.1802428543678545 8.614255189255193 3.607503607483409E-4 1.8201563979978521 
37.5 200.0 43.22887487512487 41.75481521093286 2.1731976552858896 11.63151350283703 0.03290043290043343 1.8780995054874532 
38.0 200.0 43.15076234876235 40.72078030384648 2.93626315106462 14.165900765900759 0.02323787323787485 2.2392834700881354 
38.5 200.0 42.8930166985792 40.79594748552102 2.728280619299002 9.90866633366634 0.03929183561535865 2.0170199893577174 
39.0 200.0 42.75212812391857 40.594453526049115 2.5203542042108236 8.665567765567772 0.006433843933834282 1.8053832438210682 
39.5 200.0 42.571136594614536 41.125530792736676 2.0550768626798055 6.615134865134863 0.022030747030733266 1.5458805426733082 
40.0 200.0 42.56517479048729 40.64021056020862 2.3060713527313776 7.531581816875931 0.01407481407482436 1.6979185287187508 
40.5 200.0 42.484445512820514 41.895786794904446 1.9466506426579977 6.884956709956725 0.027994227994220466 1.4633272945041302 
41.0 200.0 42.458211912270734 42.18480817630083 1.836985766684296 6.830988455988468 0.024406149406154043 1.4357422152328887 
41.5 200.0 42.655146086348296 41.8546706292074 1.7566174891285178 9.932717854041375 0.007986457986461915 1.4434428032540374 
42.0 200.0 42.815717041128806 41.72799879532232 1.9422884370531426 10.98401320901322 0.01586191586191532 1.8493821485969164 
42.5 200.0 43.02577860742199 42.35317615064674 1.533837957385752 6.761896436896436 0.0036713286713379034 1.200916548532374 
43.0 200.0 43.18843009074259 43.138574092574096 1.4715842421467427 8.54155566655566 0.016161616161610937 1.35806575584657 
43.5 200.0 43.32625885225885 42.7263663003663 1.7767635142635139 31.31841491841492 0.03329725829726016 2.5212821503694705 
44.0 200.0 43.460616723554224 43.23744696969697 1.4811210248085247 9.467776667776665 0.002380952380960366 1.241539864802868 
44.5 200.0 43.4850607031857 42.63573429348429 1.7440442335442334 9.841883116883118 0.001984126984126533 1.3751123175001394 
45.0 200.0 43.65542812742813 42.146579006777536 1.9205026893041597 7.529437229437221 0.04545177045177695 1.392157354943073 
45.5 200.0 43.57527428821179 42.81521500721501 1.451947226384727 9.39249639249639 0.011124986124983138 1.1956874438002 
46.0 200.0 43.46853060828061 43.24450484237984 1.354849858474858 9.204834054834045 0.039898989898993875 1.1547926846575927 
46.5 200.0 43.61590308302808 43.58434548784549 1.1707966616716616 5.248015873015881 0.007534132534125604 1.0697567192319233 
47.0 200.0 43.81713764013764 43.10214373534962 1.4468488676356313 6.932720057720061 0.005291930291924984 1.2273429642098572 
47.5 200.0 43.91434005577756 43.12110746606335 1.4948593518409696 10.279148629148622 0.00834165834166356 1.2393565595233564 
48.0 200.0 43.92029041097791 42.9538996183555 1.5697328949645124 7.630158730158726 0.020790320790325723 1.1447123321193051 
48.5 200.0 43.877437083749584 42.16360642135642 2.123385135697635 41.69642857142857 0.004989454989456021 3.09535819599247 
49.0 200.0 43.66572544816295 42.84267066267066 1.6170831043956055 8.235728160728172 0.028019203019205463 1.3260461356115958 
49.5 200.0 43.62980231288319 42.40979918692419 1.703397870103753 8.293151293151297 0.004562104562111813 1.488580984298573 
50.0 200.0 43.603929869966635 41.710942001625824 2.2424703580733003 8.53129648129648 0.0010600510600440316 1.6362343183218004 
#####################################################################
# End of data export. Simulation finished at: 2020-02-21T04:12+0000 #
#####################################################################
