#####################################################################
# Alchemist log file - simulation started at: 2020-02-19T19:45+0000 #
#####################################################################
# seed = 2.0, speed = 1, meanNeighbors = 7, nodeCount = 2000
#
# The columns have the following meaning: 
# time nodes org:protelis:armonicCentralityHLL[Mean] harmonicCentrality[Mean] msqer@harmonicCentrality[Mean] msqer@harmonicCentrality[Max] msqer@harmonicCentrality[Min] msqer@harmonicCentrality[StandardDeviation] 
0.0 2000.0 NaN NaN 0.0 0.0 0.0 0.0 
0.5 2000.0 2.2671687883074023 122.68193436871498 121.53701413061974 161.32153505400095 0.0 19.622534834114532 
1.0 2000.0 5.290249801587303 120.79147416236998 115.50883586871919 156.5920933365946 0.0 19.09425623444411 
1.5 2000.0 12.092172095959596 120.07270651633075 108.00208604374778 150.81039842768504 0.0 19.16509578836332 
2.0 2000.0 18.596503282828284 120.5133089055149 101.94121752744853 140.3783751600152 0.0 16.11235412047655 
2.5 2000.0 24.49227338911089 121.87162348604411 97.40649533502845 137.80853279188315 0.0 15.146508559166998 
3.0 2000.0 30.099562559907415 122.91844906950094 92.81888650959353 134.85809292825869 0.0 13.592041046152245 
3.5 2000.0 35.78960548602155 122.89943672043447 87.10983123441292 122.30440843561509 0.0 12.138218379147379 
4.0 2000.0 41.47678593957857 123.16806742519205 81.73364362902562 125.01847205093026 0.0 11.453298158387907 
4.5 2000.0 47.360384619777406 122.4491798235217 75.14388571543849 116.39578826650583 0.0 10.805362800001793 
5.0 2000.0 53.297829510333 121.29412527264023 68.31776968780983 115.97635319498883 0.0 10.766066390860725 
5.5 2000.0 59.391939380085574 120.65356308015897 61.71668468938938 98.74728800645119 0.0 9.94497515557144 
6.0 2000.0 65.03771752711161 119.25376360724131 54.63194446576539 88.3877220367884 0.0 9.363382260535333 
6.5 2000.0 70.16241487243128 121.85210429429834 51.83755854762863 96.23890627366677 0.0 9.033686008616368 
7.0 2000.0 75.10207438860897 121.37670143868256 46.40355804220237 99.70480916826868 0.0 9.623606888822042 
7.5 2000.0 79.94099892750283 119.89316229216493 40.09923793123743 90.87956775013268 0.0 10.592639427229829 
8.0 2000.0 84.51689290911182 121.50263326547453 37.117852445421896 106.25815084369988 0.0 11.694503564676591 
8.5 2000.0 88.7613852345632 120.19637876091446 32.11424049512837 99.5781752366466 0.0 11.740789062242301 
9.0 2000.0 92.97416530084622 119.79629174906006 27.676529661319325 107.82180597440342 0.0 11.46933320663168 
9.5 2000.0 96.95827308073221 122.28354238640276 25.829530549520534 114.1504236295962 0.0 10.932233586035931 
10.0 2000.0 100.63583659829769 118.10608480920551 19.997758641426024 91.34035939902907 0.0 10.323066027029206 
10.5 2000.0 104.26299764220889 116.60804229419301 15.16328061176972 94.08640696270389 0.0 10.083862453316755 
11.0 2000.0 107.65722124068563 116.48187370191354 12.749828777024003 92.00097308336757 0.0 9.625711526837623 
11.5 2000.0 110.59963325354818 120.08057383927061 11.466662420287918 95.36631166301379 0.0 9.391317641011396 
12.0 2000.0 112.76020616593706 121.51485345579805 10.771522935524672 91.35476581950834 0.0 8.506957038139884 
12.5 2000.0 114.67003179454339 117.41265157659586 8.581232208816253 77.66152712910011 0.0 7.744644564947233 
13.0 2000.0 116.33065622825902 115.6846864104675 7.6132273692505 91.5531017756165 0.0 9.047217512257381 
13.5 2000.0 117.7310723181038 116.78165879980598 7.993970214289479 97.25724881147435 0.0 9.114727941313912 
14.0 2000.0 118.83529121374 122.03633095629257 7.337439578347552 97.25724881147435 0.0 9.698155194637748 
14.5 2000.0 119.9722918610534 123.4524084069055 6.791152517190983 102.47888867639892 0.0 9.244522692409014 
15.0 2000.0 121.12025471334809 122.38704061219569 7.126875519243108 131.41548193379438 0.0 10.298868124599581 
15.5 2000.0 122.3495480470844 121.28479179978606 6.836627928234824 138.03880523187328 0.0 9.732683919030723 
16.0 2000.0 123.37906085903354 120.82072000128336 6.7398134436528006 125.09310644473865 0.0 8.11206731218346 
16.5 2000.0 123.98775271152857 120.51565488872667 6.819765512607087 118.8525096160264 0.0 8.817362277367339 
17.0 2000.0 124.69649337946011 121.20590932575273 5.796482386509312 120.5276716771639 0.0 7.004149198473194 
17.5 2000.0 125.25575902508615 119.84033997589604 7.240741961199801 130.5932695626973 0.0 8.326703169514522 
18.0 2000.0 125.51632599840708 121.20180793813186 6.148957546098661 94.83505556028244 0.0 7.880198617359987 
18.5 2000.0 125.6367030587615 119.04904584067536 7.606594208676517 94.83505556028244 0.0 7.128264526181656 
19.0 2000.0 125.79355023708433 120.62205992064294 6.478784479640669 89.58504605735216 0.0 7.073547067263939 
19.5 2000.0 125.90204938770407 118.32844054662681 8.665966710839998 103.73895308561698 0.0 13.913735330880773 
20.0 2000.0 125.9482726505604 123.56581508654239 4.261784324317444 104.98622025930716 0.0 6.457652099119142 
20.5 2000.0 125.87999030858441 122.53035057556149 4.795728023445737 78.85863048845285 0.0 4.685105791977193 
21.0 2000.0 125.90175911893583 121.16902730750662 5.600406594965684 92.86146885618408 0.0 5.83834095245802 
21.5 2000.0 125.80470253056784 119.64101389108743 6.897081244556329 85.19013451321445 0.0 8.638622624252989 
22.0 2000.0 125.81835109893991 121.43482407434179 6.447309265177721 95.99534847793305 0.0 9.438187845982046 
22.5 2000.0 125.7481006806941 119.66698102250827 8.00877978099599 106.09854873645158 0.0 10.915117651940953 
23.0 2000.0 125.5289942944167 120.0259570640447 7.624067871498046 106.09854873645158 0.0 10.808966895808544 
23.5 2000.0 125.70744940017099 118.82304139115413 8.274696330654702 85.81782408018573 0.0 9.538272225368315 
24.0 2000.0 125.63826939205991 120.64398127516382 6.687010738545938 111.6353983425224 0.0 8.30291432846726 
24.5 2000.0 125.59197263645767 120.26113954232635 7.131162844398663 116.41286089030194 0.0 9.435092931478444 
25.0 2000.0 125.6134754049702 119.407624751929 8.21704161975666 115.7311053709264 0.0 11.908530636307297 
25.5 2000.0 125.67827446456113 118.36275692986683 8.598362352072666 110.92921077030739 0.0 11.404022305635346 
26.0 2000.0 125.67117375574382 117.78555613554151 8.781049449838271 109.13407173277072 0.0 10.344697030332137 
26.5 2000.0 125.61268823623591 119.64419474731365 7.005303091250552 112.7043720394325 0.0 10.319299075899991 
27.0 2000.0 125.539844275873 119.40996428238154 6.759699876097031 88.81015213112849 0.0 8.972066930516688 
27.5 2000.0 125.46142951701385 120.87588724795363 5.754352064464018 88.81015213112849 0.0 8.997468996621246 
28.0 2000.0 125.35230098715036 120.63800713604151 6.442075920386937 96.66161357001526 0.0 10.043459960555115 
28.5 2000.0 125.29209691566616 121.66587955266948 5.9504687176721935 132.727533562845 0.0 10.27291416646296 
29.0 2000.0 125.27051307084729 120.79237965836279 7.332540084931586 130.38360499866604 0.0 10.532082779322192 
29.5 2000.0 125.26589379437131 120.41363947855845 6.762449212176717 91.44291417554722 0.0 8.239290424024743 
30.0 2000.0 125.32927690886639 121.86927515429764 5.3073131917869905 75.03181277230532 0.0 6.152819434029077 
30.5 2000.0 125.52978544088595 123.71048512172305 4.090445393891027 70.17879832280569 0.0 4.426663870361078 
31.0 2000.0 125.52382503737296 124.62339900606726 3.997588434786012 124.88611508640561 0.0 5.79426239495736 
31.5 2000.0 125.7156838245375 123.86529915544668 4.455092270314147 125.2429540368159 0.0 5.760929013741703 
32.0 2000.0 126.06324280345635 123.71615748164513 4.578328561998243 98.5389191457999 0.0 5.914408505560365 
32.5 2000.0 126.31537634610628 123.06734428359646 5.076953575794539 116.99278922967676 0.0 7.362078167829804 
33.0 2000.0 126.54636864549029 123.82379525040987 4.555363989978965 116.99278922967676 0.0 6.377125014360175 
33.5 2000.0 126.78993952459213 122.40891409395829 5.436950994804782 136.09011452773066 0.0 9.09705054751764 
34.0 2000.0 126.76717210554541 120.410352086986 6.94590293693318 106.96373501876487 0.0 9.320311827617811 
34.5 2000.0 126.7222312787637 121.1410326093554 6.561477261906814 127.85383826385757 0.0 10.216184841322923 
35.0 2000.0 126.58027914032623 121.40464019933266 6.408489573935853 124.54079046921737 0.0 10.300545484878006 
35.5 2000.0 126.51059696721772 122.58776753035305 6.556740051099924 105.35740179011708 0.0 11.475500153011106 
36.0 2000.0 126.11985307697057 121.74580887990194 6.687311609783692 92.63686052487431 0.0 9.9472870859518 
36.5 2000.0 125.73804744634518 121.21847752678775 7.124031405515712 115.78176838392686 0.0 10.396140725440677 
37.0 2000.0 125.72309579501416 122.31420626554144 5.709263423479568 115.78176838392686 0.0 9.030507354880266 
37.5 2000.0 125.849196042473 122.49479884752664 5.470015384871651 106.00910557351725 0.0 9.188719438917653 
38.0 2000.0 126.34709691217422 122.53925507221024 5.418817021937187 108.869618957506 0.0 7.719858646168308 
38.5 2000.0 126.42032793295745 120.12764994974815 7.438166319635976 114.39359055113941 0.0 11.670893522173175 
39.0 2000.0 126.56328923324365 121.67885066417296 5.971170459547171 114.40057680610826 0.0 6.17013108119825 
39.5 2000.0 126.61167202672192 121.49932602558309 5.971890904921671 117.92493886661296 0.0 7.8982941008677745 
40.0 2000.0 126.5494308690236 119.48463792175035 7.719466474829312 111.41934744501178 0.0 11.503619361529434 
40.5 2000.0 126.42190436547806 117.44423868206158 9.332435001790575 111.41934744501178 0.0 11.270922800281559 
41.0 2000.0 126.13148656116817 117.7681350053692 10.069851719032922 100.710046238629 0.0 12.875564262225826 
41.5 2000.0 126.00788363696677 117.36960484403393 10.094578443106116 99.44585726873264 0.0 12.53745367442742 
42.0 2000.0 125.94589907415126 118.61411607618312 8.321627185531922 97.93361621131407 0.0 10.666045337613793 
42.5 2000.0 125.87775907824397 118.40549269761338 8.607338433029668 106.41742385067747 0.0 11.15884701101337 
43.0 2000.0 125.88875355158167 117.45708949810813 9.383545325384867 95.58096431519944 0.0 10.993470327700157 
43.5 2000.0 125.72131640452234 119.81425465542132 7.248088592085047 115.14238922631024 0.0 8.39350502590456 
44.0 2000.0 125.46210386739347 119.84310364370835 7.047486858726284 116.8212150125395 0.0 9.327527622303613 
44.5 2000.0 125.26678732687438 118.92230351878509 7.556591947907789 134.01455311177858 0.0 10.053894149489638 
45.0 2000.0 125.09150457833579 114.68451265368189 10.834147567266019 129.88990861030524 0.0 12.242747990039794 
45.5 2000.0 124.74144185933969 119.36714705352192 6.656584576153066 129.28273567403443 0.0 9.274291870080027 
46.0 2000.0 124.49575814003748 121.89714073107828 5.905072468338007 111.56684747537494 0.0 9.91952645012911 
46.5 2000.0 124.41389616981319 118.25322303395603 9.03895443825218 112.8206095750887 0.0 16.206013650034283 
47.0 2000.0 124.54216987647611 121.8265071774186 5.934412939310931 114.92110438323249 0.0 10.241010823812376 
47.5 2000.0 124.9680187400847 120.87067496796551 5.834175814988615 136.83806033921257 0.0 8.357086683415327 
48.0 2000.0 125.14051375406262 122.14349389590643 5.031193733733504 135.09867212886982 0.0 7.944762155342212 
48.5 2000.0 124.97922645247236 119.96301671705065 6.381694096841222 133.35639400304595 0.0 9.60080309706674 
49.0 2000.0 125.01189085337012 119.459073315116 6.836658299424924 117.02597086567934 0.0 10.020372934401118 
49.5 2000.0 125.03086773705776 119.77088370657856 6.611389843257378 117.02597086567934 0.0 10.205340195301845 
50.0 2000.0 125.07565158083665 118.18968479530058 8.091829663440599 131.13478915438714 0.0 11.93527610998143 
#####################################################################
# End of data export. Simulation finished at: 2020-02-19T20:03+0000 #
#####################################################################
