#####################################################################
# Alchemist log file - simulation started at: 2020-02-20T14:34+0000 #
#####################################################################
# seed = 9.0, speed = 2, meanNeighbors = 7, nodeCount = 200
#
# The columns have the following meaning: 
# time nodes org:protelis:armonicCentralityHLL[Mean] harmonicCentrality[Mean] msqer@harmonicCentrality[Mean] msqer@harmonicCentrality[Max] msqer@harmonicCentrality[Min] msqer@harmonicCentrality[StandardDeviation] 
0.0 200.0 NaN NaN 0.0 0.0 0.0 0.0 
0.5 200.0 2.193238993710692 33.250125788727956 32.08770912206129 48.28832556332557 1.0 7.561891961911554 
1.0 200.0 4.893630952380953 33.23086316959614 28.337232217215192 44.049811299811296 0.0 7.144343003981511 
1.5 200.0 10.426297619047618 32.42563022383646 21.999332604788837 38.37822967366312 0.0 6.223728103665801 
2.0 200.0 14.833369047619048 32.61065812777694 17.77728908015789 26.229563900152144 0.0 4.444579573239841 
2.5 200.0 17.798752525252524 30.150866442236104 12.847852012221674 25.128880819902488 0.0 3.8787450960710474 
3.0 200.0 20.257818709068708 31.073306423552832 11.279856762103172 26.063710012897314 1.0269054950083927 3.7816361168843637 
3.5 200.0 22.735518335830836 31.997019642436356 9.446394163748376 20.804273341038048 0.0 3.6542606548957126 
4.0 200.0 24.65673221916972 31.716734612165105 7.18326429775729 19.591347580008573 0.0 3.149887127100279 
4.5 200.0 26.50997141379862 31.81980606251558 5.338724003857863 14.230235674198525 0.0 2.639861237622344 
5.0 200.0 27.912308806690387 32.08801133130304 4.1757025246126585 12.430184031654623 0.0 2.3446770141754847 
5.5 200.0 29.3231370823449 31.921777513635167 2.696446659032253 12.327658371040723 0.0 1.9333441260465882 
6.0 200.0 30.52327545985576 30.97509766096701 2.0307156684969723 22.77760140186611 0.0 3.0778972575291887 
6.5 200.0 31.42433810225722 30.2079073381002 1.8796590392153731 18.62650419326116 0.0 2.6494923120150276 
7.0 200.0 31.870240888282684 30.998194279018197 1.8246721207499077 16.006991310203382 0.0 2.125166917004281 
7.5 200.0 32.079217932601715 31.249185287708507 1.4783729520038753 6.668864958570836 0.0 1.1364139333550742 
8.0 200.0 32.200075541861224 32.781927535656635 1.6995493778097512 11.691344521491583 0.0 2.207866739497943 
8.5 200.0 32.53684730866511 34.007201335815886 2.7363714930720313 26.266030048382987 0.0 4.580199655082107 
9.0 200.0 32.9862824609797 33.97937253693421 2.757962602821528 27.471159232923945 0.006851950079504121 5.023144079368464 
9.5 200.0 33.86654405717523 33.81379013007453 1.904760024575565 23.023925771548264 0.006690643377929462 3.224555450690848 
10.0 200.0 34.363154007848465 34.04948447743945 1.7710914286951451 21.089526542429017 0.001298701298708238 3.1910976858457105 
10.5 200.0 34.797643445799984 33.20006300406717 2.021949455029835 16.53385454123508 0.0 1.919725308268238 
11.0 200.0 35.069558469866905 33.5602761331021 1.852368573305369 14.387683748215112 0.0 1.524829081942541 
11.5 200.0 35.12712995718162 33.293670798074416 2.190963866431812 21.610415175776602 0.030924837116796056 2.24725927508592 
12.0 200.0 35.07242433349244 34.57769740226159 1.6750136933574646 29.93274642024642 0.04105616605617257 2.3691911371285443 
12.5 200.0 35.03434823219866 35.09307609598677 1.5289838025536555 9.954541816113025 9.115884115935557E-4 1.3720778384244041 
13.0 200.0 34.97453799292383 34.92412028797693 1.5829005967802408 10.43419867885812 0.002943912812334304 1.5304728220847839 
13.5 200.0 35.01606813383555 35.010725944834846 1.3097309950541376 8.070809805949125 0.004442942678238637 1.2712500394076058 
14.0 200.0 35.08702518167472 32.55425652136584 3.175178221241202 11.187974974988382 0.012197097932048706 2.020315708576365 
14.5 200.0 35.20877876796425 33.96164578824853 3.0641507120417195 9.887995786239163 0.08749881869076859 1.884482476108347 
15.0 200.0 35.11146866338669 33.931622115712024 2.1467528610431756 8.505781146957617 0.010715471319173275 1.3876759465639141 
15.5 200.0 35.350756502353704 32.84901748826123 2.8475897264609786 11.951061445621285 0.002321964241453145 2.084151694276179 
16.0 200.0 35.36457172083387 31.575989062654926 3.8733035700309646 15.190210217846417 0.10068766372946669 2.5577129742264137 
16.5 200.0 35.545434329473416 25.975884017063912 9.569550312409506 28.44584304584305 1.9811632811632762 4.635985333344168 
17.0 200.0 35.42202179912881 26.20915538439963 9.212866414729175 28.44584304584305 3.56061097914813 4.789903703598359 
17.5 200.0 35.201121007776194 26.47715902552713 8.723961982249067 22.970693195693187 0.0 4.818923051245729 
18.0 200.0 34.98681331954939 25.530658152260386 9.649166543941245 25.624784039489917 2.697000234887234 5.348170562798399 
18.5 200.0 34.73413777502168 25.703046358268494 9.031091416753181 22.605559305675403 2.8197057242722927 5.08794088554458 
19.0 200.0 34.496748916889786 25.63839634475432 8.858352572135466 22.605559305675403 1.8591523028055548 5.0946388269671985 
19.5 200.0 33.78240341538407 26.078752852438765 7.757424068808204 18.412376993491545 0.0 4.8976292226187175 
20.0 200.0 33.31617712720286 25.530317387862585 7.78585973934028 18.38557046668502 0.0 4.350347776855109 
20.5 200.0 32.32452195757459 30.90748703152093 2.555832356129904 13.18508110680543 0.0 2.2307878246026296 
21.0 200.0 31.807419731562728 30.55738708988113 3.073329896342729 25.18323710603122 0.0 3.6070266353632805 
21.5 200.0 31.10145653712043 23.971211348678843 8.678557348331923 23.845185838413393 0.0 4.305955249794852 
22.0 200.0 31.113397696451297 25.515440814560396 8.216523855637826 20.42883282867803 0.09404943182033065 4.03917081228462 
22.5 200.0 30.723701221314805 21.530300172050172 10.31012102373461 20.294847124839396 3.552713678800501E-15 4.013882029610221 
23.0 200.0 30.325799971563786 20.513451048951048 10.872122121635938 28.101427738927732 0.0 5.100633919743573 
23.5 200.0 31.180606506166953 24.125084487408017 8.410184214406426 25.2615675990676 0.0 4.300356812195289 
24.0 200.0 31.343946122504946 24.37344201550084 7.723626478097067 22.22037855934915 0.0 4.036969407438361 
24.5 200.0 31.62416776777294 24.775364940614942 6.900501402490476 22.72037855934915 0.0 3.8936628555473582 
25.0 200.0 31.382824112552694 24.059674749957644 7.343580053436194 15.780817956553253 0.0 3.2922741229278185 
25.5 200.0 31.58348255729591 24.06462607434705 7.533990014593851 25.117861197969557 0.0 3.232413139199849 
26.0 200.0 31.628824248147385 24.212039825370706 7.422927720169672 25.117861197969557 0.0 3.285149492797437 
26.5 200.0 31.63411913533887 24.061340115766587 7.5779695752625384 23.866746792303736 0.0 2.946762633294903 
27.0 200.0 31.720271221547407 29.041537832208192 3.1588737885744456 23.049445447502045 0.0 2.1817787885048214 
27.5 200.0 31.6243633777051 29.181614195552182 2.7440454082668104 23.049445447502045 0.0 2.0145688696124306 
28.0 200.0 31.404196907935507 29.813833911138722 2.2346486794688487 23.526555908831448 0.0 2.1076280256987148 
28.5 200.0 31.497720721269765 29.450524919050416 2.1990681589955368 6.605606813987563 0.0 1.5977963465674856 
29.0 200.0 31.385565190534592 23.435204790438345 7.950360400096248 25.428445359250315 0.0 4.457616360917717 
29.5 200.0 31.021512604164954 23.167187389383948 7.864325214781009 29.09875806168376 0.0 4.37387931435863 
30.0 200.0 30.880677686270236 23.39113954932411 7.499538136946125 18.838410484424415 0.0 3.644498620536517 
30.5 200.0 30.558024309535558 23.60986335329617 7.183351597254719 23.01906410153314 0.0 3.4278768711322174 
31.0 200.0 30.32360391132495 23.684085461506207 6.870165923775815 23.06474739570714 0.0 3.1916703846792194 
31.5 200.0 30.198973396299163 23.997436467062276 6.211536929236891 12.866023302687054 0.0 2.8382876113311535 
32.0 200.0 30.106727166866598 24.93569919816801 6.281393213723377 18.617231517192824 0.0 3.666795644393712 
32.5 200.0 29.964841847433267 24.77519074527448 6.31403634642948 19.251049964827057 0.0 3.6346356435292426 
33.0 200.0 30.143128361912822 32.95878920962938 3.000246812614271 20.39646806581792 0.0 3.4448652999853064 
33.5 200.0 30.219159182426363 32.786898493706154 3.5651235882784276 19.971684039215 0.0 3.316453706504064 
34.0 200.0 30.574391076346558 32.73063983619804 3.313015329037442 16.200428166604635 0.0 3.1833727007413892 
34.5 200.0 30.788027001433928 32.49473041142948 2.967693532058844 17.01958956076603 0.0 3.5878559041535363 
35.0 200.0 31.244101769736726 31.406707847993605 2.657398526797025 19.87462159096237 0.0 3.692658697586251 
35.5 200.0 31.87026139039674 31.415878286344384 1.9224077983526593 23.591477210440065 0.0 2.8771660263837644 
36.0 200.0 32.07419322138075 31.969720790905 1.915616029555489 24.410498161968754 0.0 3.1992376942498257 
36.5 200.0 32.29370793805774 31.723308158942583 1.5785830686050155 24.34801430080068 0.0 2.311270243326767 
37.0 200.0 32.469379251832436 29.807556766137164 2.8089556519798986 11.96973047732341 0.0 2.0289448424908922 
37.5 200.0 32.627773537767034 29.7173800183684 3.0302836241128954 10.200965393929106 0.0 1.9780466937256571 
38.0 200.0 32.659280519356884 28.651393268551736 4.025698668399977 11.080337802111341 0.0 1.9196394060706337 
38.5 200.0 32.586871455743406 28.70687617244523 3.87999528329818 10.227918987965335 0.0 1.677946807589281 
39.0 200.0 32.4096599548528 28.463324988895046 3.9637966344902096 10.23104279709899 0.0 1.7912340060252765 
39.5 200.0 32.142481500682 23.074677797392734 9.067803703289272 22.25010961260962 0.0 4.5152934775747084 
40.0 200.0 31.814348406355016 23.45690293468463 8.566354201829114 19.396991896991896 0.0 4.312979449819764 
40.5 200.0 31.647116189592364 23.63034297626895 8.391532953583155 16.293016134192612 2.067328133197016 3.9906989274791282 
41.0 200.0 31.455871811402652 20.22478168481845 11.509297918791995 16.486206440618204 6.1429982612174 2.301106336456823 
41.5 200.0 31.32528505646886 20.840754628369567 10.563151279470144 23.70591675266597 3.460319539421711 4.0796628498504655 
42.0 200.0 31.075363064297132 18.616570068820067 12.458792995477062 22.59872581838526 7.989924336555443 2.633618995659753 
42.5 200.0 30.553546472645003 18.39086904761905 12.172034567883097 27.195320889980334 0.9357142857142904 3.1092224694409034 
43.0 200.0 30.210000010656998 20.383002604063126 9.86848750288389 22.454034175319 2.501960994801557 3.081373509557803 
43.5 200.0 29.97385484770884 21.37611657786658 8.611663878562224 19.864224642746308 0.044028541977457536 3.869387132624633 
44.0 200.0 29.519482966514005 21.039486527361525 8.536251013506423 17.599462946753967 0.0 3.784642423997468 
44.5 200.0 28.462086731008288 21.542118936618937 7.5772990317883755 14.941611819552993 0.4395560579771107 3.3783874935900013 
45.0 200.0 27.902292563815845 21.417210775335775 7.269858194822266 13.86463193669076 0.10019634218551232 3.060888236188765 
45.5 200.0 27.687830690202965 21.826162004662006 6.679294864917139 15.073864590002362 0.21666666666666146 3.029120768405834 
46.0 200.0 27.431427511886653 21.158931304806305 6.459297572381713 14.664866643504414 0.0 2.9772331836310655 
46.5 200.0 27.248360877063103 23.739887873442942 5.848842442971809 17.109257658406268 0.0 2.6104730915064867 
47.0 200.0 27.107087081771535 24.16160438741274 5.5967578397717075 18.109257658406268 0.0421356451239312 3.0066095357187814 
47.5 200.0 27.095623875277706 23.6524446569348 5.451474910647341 16.851952842740634 0.27648641385686545 2.224953417168316 
48.0 200.0 27.08108289805311 23.489751247728506 5.034465541857836 15.205158730158729 0.0 2.0592182720261003 
48.5 200.0 27.385937112033037 23.198477434175356 4.7991218403328855 15.30944396595661 0.0 2.233676574873115 
49.0 200.0 27.352603633210407 20.447466286980994 7.017534171626239 22.382287788800436 0.0 3.355626362231816 
49.5 200.0 26.89552740313456 20.830967296592295 6.068742646224805 18.13096584045713 0.0 3.2362264054808123 
50.0 200.0 26.48235587780673 21.648476898101897 4.891293842619695 12.529237837326074 0.0 2.7197036537680206 
#####################################################################
# End of data export. Simulation finished at: 2020-02-20T14:34+0000 #
#####################################################################
