#####################################################################
# Alchemist log file - simulation started at: 2020-02-21T09:52+0000 #
#####################################################################
# seed = 16.0, speed = 10, meanNeighbors = 5, nodeCount = 100
#
# The columns have the following meaning: 
# time nodes org:protelis:armonicCentralityHLL[Mean] harmonicCentrality[Mean] msqer@harmonicCentrality[Mean] msqer@harmonicCentrality[Max] msqer@harmonicCentrality[Min] msqer@harmonicCentrality[StandardDeviation] 
0.0 100.0 NaN NaN 0.0 0.0 0.0 0.0 
0.5 100.0 0.9285714285714285 14.415453507534776 14.025453507534777 22.84853202353202 0.0 5.523614111301183 
1.0 100.0 2.64 13.741817969612086 11.231817969612086 22.305555555555554 0.0 5.72158046786106 
1.5 100.0 4.856833333333333 14.041490801853804 9.31465746852047 21.972258297258293 0.0 5.573819672074155 
2.0 100.0 7.620642857142857 11.163723237546767 4.771413713737243 14.53377733377734 0.0 3.74428825309465 
2.5 100.0 8.666880952380952 10.416945848269377 3.5818437836673125 13.828521478521477 0.0 2.779789542716128 
3.0 100.0 10.098444444444445 12.74699025974026 3.874664141414141 11.04090909090909 0.0 2.7535306915737565 
3.5 100.0 10.83858694083694 13.283336663078922 3.3739616304747884 12.46400862209686 0.0 3.0427671077803105 
4.0 100.0 11.946011627261628 15.463372144711153 3.6593704862389065 10.281199356199354 0.0 2.5558314829120516 
4.5 100.0 12.750662642912644 17.061277766351296 4.738474042297572 12.460317460317459 0.0 3.013243492707878 
5.0 100.0 13.92767118992119 17.138016656202414 3.8106982540163643 14.100105450105449 0.0 3.008389513421278 
5.5 100.0 14.795319153069153 15.240984046053706 3.3233367980488726 12.525571650571651 0.0 2.7826680171409977 
6.0 100.0 15.677638944388944 12.895129870129871 4.335141275391275 14.02937617937618 0.0 2.849262261783917 
6.5 100.0 16.160247766122765 12.50608658008658 4.477713744588745 13.9738455988456 0.0 3.2205903244489655 
7.0 100.0 17.043753641783052 11.840015151515152 5.31987307790249 13.871349483849485 0.0 3.751066385103971 
7.5 100.0 16.80597464953347 16.920753522964823 1.9232159650634886 12.674350649350648 0.0 2.278201266334272 
8.0 100.0 16.989947887896417 15.819023698523699 2.3308790123275425 13.675786713286712 0.0 3.280790753158123 
8.5 100.0 17.32678408519585 15.953064029108146 2.612077953092659 12.793420468420464 0.0 3.246213364740075 
9.0 100.0 17.617345353562847 14.701327960824864 4.368059053691407 13.100516150516148 0.0 3.9470659317207217 
9.5 100.0 17.870157976741183 17.81433045910058 1.8756948207021742 14.445719558219556 0.0 2.4765678661385992 
10.0 100.0 18.054528657101415 19.400565545565545 1.804741182106507 17.393878343878345 0.0 2.5972237067322475 
10.5 100.0 18.857070786796474 18.664643281555048 2.389596199722041 17.336230436230437 0.0 3.207037789430645 
11.0 100.0 19.258044989522375 18.387547765959532 2.278141602060165 13.74997224997225 0.0 3.012644137302844 
11.5 100.0 19.004475786481507 17.276511282834814 2.462262086782513 14.943710456210455 0.0 2.902770531078572 
12.0 100.0 19.085172564778368 15.524321722395252 3.574758826555805 16.190931290931296 0.0 3.7215707072606206 
12.5 100.0 18.57264661645544 15.559533411033412 3.3776484348984352 16.857597957597964 0.0 3.5282522902156304 
13.0 100.0 18.207578182180736 14.843174381174382 3.7882234278879015 18.20445942945943 0.0 3.8768027387602464 
13.5 100.0 18.164077818938885 14.619189754689755 3.831005153128605 15.648269785769784 0.0 3.8419166767287862 
14.0 100.0 17.769509600822296 14.981085525585526 3.451964803342512 15.410101010101013 0.10733223175173734 3.002659516538221 
14.5 100.0 17.632073837024688 16.16251198801199 2.2174654888025627 12.88553391053391 0.0 2.602581261341782 
15.0 100.0 17.195357474740604 15.69147768897769 1.8735194163421718 12.549622599622598 0.0 1.9874953082774638 
15.5 100.0 17.038724089592897 15.38590342990343 2.642304930406711 14.282259407259406 0.0 2.8815026373148522 
16.0 100.0 17.130637695637695 15.302954378954379 2.6593066655566653 14.282259407259406 0.0 2.666258606713521 
16.5 100.0 16.878867965367963 14.112805999555999 3.7567973692973684 16.588622488622487 0.0 3.391694074046163 
17.0 100.0 16.469533147408146 11.692107004107005 5.088092809967811 16.548637473637477 0.0 4.163971916443244 
17.5 100.0 16.778405973111855 13.809931251754781 5.021338179794063 19.328918303918304 0.0 4.343301810242089 
18.0 100.0 16.96727389930331 14.895467853611816 3.811900197841374 14.064056776556775 0.0 3.3476602533779287 
18.5 100.0 16.9437806588836 15.444477661227662 3.5967876388317563 14.642313242313241 0.0 3.8671302614744945 
19.0 100.0 17.096678714259596 14.780171741657037 3.721181864703923 21.120670995670995 0.0 4.03949095923606 
19.5 100.0 17.337702108349166 9.618619047619047 8.144273536920595 14.507323232323234 0.0 4.0698107996258175 
20.0 100.0 17.379791788277082 11.478808802308802 6.173460619445913 12.645742574419044 0.0 3.2904799820380166 
20.5 100.0 16.93753662471 10.875730713730714 6.462578138751512 12.495742574419044 0.0 3.263404386637614 
21.0 100.0 16.613099623587626 14.091240369022103 2.9269563519126214 16.2992784992785 0.0 2.767541657431935 
21.5 100.0 16.216093713862676 14.252225129445717 2.264333152958152 9.610956424036917 0.0 2.047061541248896 
22.0 100.0 15.826957474500045 14.923089613001379 2.2870490467564766 17.143154068154068 0.0 3.022272021608031 
22.5 100.0 15.829879723819351 10.722674325674326 5.87935619179582 17.143154068154068 0.0 3.3864666223904645 
23.0 100.0 15.936243374058002 9.610152419475948 7.358260579075207 15.870371703459941 0.0 3.646813262071666 
23.5 100.0 15.835954401893256 10.099203185703185 6.483062904501758 15.870371703459941 0.0 3.654028244508257 
24.0 100.0 15.519831924954989 11.567255772005772 4.196169231868922 14.272834110334115 0.0 3.542672550691194 
24.5 100.0 15.453294445363717 15.546280257668029 2.366935387582833 14.659031551523812 0.0 3.2377744943248805 
25.0 100.0 14.927217258618576 13.95198712046617 2.9597506952840615 14.15248403557227 0.0 3.1103794556127857 
25.5 100.0 15.322887117741221 13.736720715984035 3.8083018372494384 14.15248403557227 0.0 3.2358477848811593 
26.0 100.0 15.149042019727778 12.22240147760736 5.492708964324289 18.561976911976917 0.0 3.3811816348036303 
26.5 100.0 14.783251193208237 10.788171029950442 6.710918059022162 18.561976911976917 0.0 2.7000937641166205 
27.0 100.0 14.92553307438176 11.108816822066823 6.419079638928324 12.583333333333336 0.0 2.6006120353455544 
27.5 100.0 15.726050856703385 9.467088744588745 7.733915936068463 18.111796536796536 0.0 3.3767739195012334 
28.0 100.0 16.39925269243066 11.612327228327228 5.626201071081221 15.654520770131887 0.0 3.663341680283189 
28.5 100.0 16.95927096270528 12.14040231990232 5.558603810914786 18.29920634920635 0.0 3.7418466610508765 
29.0 100.0 16.60798642870157 10.919125652125652 5.961856189255398 14.273428777105249 0.0 3.3464315692865325 
29.5 100.0 16.750456397803823 11.409893606393606 5.596279455465116 12.629004329004331 0.0 2.69459021183137 
30.0 100.0 16.27069936952938 11.884421170332935 5.399986396228171 12.84484681984682 0.0 2.496676820603505 
30.5 100.0 16.01694186887468 12.975610450007508 4.794849900643396 14.175700688200685 0.0 2.9510431387325218 
31.0 100.0 16.301946704764326 14.27907235763892 3.561743467083536 9.836632137212629 0.0 2.3571675220421877 
31.5 100.0 15.930021429427574 16.368173690675963 2.3930289754715646 11.727659263494168 0.0 2.2792271772648784 
32.0 100.0 15.706503459327275 14.201106724563482 2.6558456321183646 9.209822717926096 0.0 2.09788692353755 
32.5 100.0 15.615665092131811 9.679238095238095 6.453678634145353 14.415967365967367 0.0 3.4922617336292667 
33.0 100.0 16.343397236189873 9.673557720057719 6.80957833287097 14.384509934509936 0.0 3.899190558162407 
33.5 100.0 16.546625156631332 8.788853757353758 7.763104732610907 15.184509934509936 0.0 4.056219464221755 
34.0 100.0 16.357520598749975 7.177641414141414 9.617069660799036 17.59039849039849 0.0 4.178793799045753 
34.5 100.0 15.636757235178933 7.574595238095238 8.845257235178934 16.023731823731822 0.0 3.519161805507808 
35.0 100.0 15.034773997559103 8.701925185925186 7.061144848929954 15.4913289325054 0.0 2.9508503011899365 
35.5 100.0 14.571959142336103 9.334621822621822 5.794558709435671 12.848830641322898 0.0 2.8101139568963025 
36.0 100.0 14.050735872584513 8.553694028194029 6.319764066612706 17.49659507159507 0.0 3.0851522971550445 
36.5 100.0 14.278975973724156 7.68479365079365 7.198610894359076 14.593710456210452 0.0 3.263549004671943 
37.0 100.0 14.014684734257008 10.506907647907648 4.989564895031906 14.593710456210452 0.0 3.3604122755795705 
37.5 100.0 13.372940827729426 14.648548702845142 3.8504174262412185 14.768453768453767 0.0 3.9612036819007126 
38.0 100.0 13.054237470994329 10.751886113370634 4.759696168736066 17.874665040841506 0.0 3.947935143048267 
38.5 100.0 13.094327671695897 10.175089521589522 4.037488524256488 12.186648379140637 0.0 2.986835459502573 
39.0 100.0 12.916020017646188 11.046765788563002 4.488572496368515 12.927480440096533 0.0 3.520823268075251 
39.5 100.0 13.432296458585833 12.028807082580302 4.529787658069758 13.767362414846934 0.0 3.3301843485014366 
40.0 100.0 14.416329861548867 12.421285801342135 3.746379533810162 14.320826395826396 0.0 3.136906682607167 
40.5 100.0 14.61875416194961 14.359267561087151 3.6677027719203252 13.328722782205755 0.0 3.1025348876042553 
41.0 100.0 15.071023941632738 14.600806100784395 3.6250941761201942 14.394678111705975 0.0 3.4019723832523225 
41.5 100.0 15.590116375899866 11.636442557442557 5.121721437504927 20.876778776778774 0.0 2.760407271132528 
42.0 100.0 16.23094543448642 11.697740981240981 5.260317728858713 13.864626537481902 0.0 2.5408693780984617 
42.5 100.0 16.454649991221768 11.751154144874732 5.439339852014569 11.108109129432659 0.0 2.251657473142118 
43.0 100.0 16.404469001991064 10.065366688866689 6.610033049055111 17.871725612708588 0.0 2.376560657056203 
43.5 100.0 16.175695799181824 9.521200521700521 7.085860523346548 17.871725612708588 0.0 3.3815198184228077 
44.0 100.0 16.008534991548213 10.25041847041847 6.0052478342610565 16.5744881279711 0.0 2.722055671565232 
44.5 100.0 15.75578801159829 8.933095238095238 6.842692773503052 16.03612967270088 0.0 3.145277022153755 
45.0 100.0 15.586397245360196 9.090142857142856 6.692040102503053 14.70585190952838 0.0 3.0044167476156316 
45.5 100.0 15.17043876525316 7.876904761904762 7.631903503652613 14.590033985622227 0.0 3.382382870576018 
46.0 100.0 14.607719352154405 7.928 7.1770526854877374 14.202888451417866 0.0 3.345700168244695 
46.5 100.0 14.403384625021857 8.372714285714286 6.5868608154980475 13.037055978077646 0.0 3.1769177984163393 
47.0 100.0 14.000433484193898 8.941873015873016 5.941266817527232 11.13226158945973 0.0 2.7886971961364657 
47.5 100.0 13.581194049522963 8.866190476190477 5.47015436698328 16.763958242479912 0.0 3.287085307891006 
48.0 100.0 12.960745470460726 9.537836940836941 4.645633637848892 11.822406759906757 0.0 2.9472665033391863 
48.5 100.0 12.645428125989639 11.277160866910867 4.924574620448053 12.996523747598932 0.0 2.727586428135409 
49.0 100.0 11.799790165287444 10.52764849039849 5.0114190870193065 16.11111111111111 0.0 3.3462735262173466 
49.5 100.0 11.587698608134213 11.122941031191031 4.14765911494766 17.676190476190477 0.0 3.108256458790904 
50.0 100.0 12.101820046868074 11.120464997764532 3.4413995189096207 12.776381951381952 0.0 3.2854406421904216 
#####################################################################
# End of data export. Simulation finished at: 2020-02-21T09:52+0000 #
#####################################################################
