#####################################################################
# Alchemist log file - simulation started at: 2020-03-17T19:56+0000 #
#####################################################################
# seed = 6.0, speed = 5, meanNeighbors = 10, nodeCount = 2000
#
# The columns have the following meaning: 
# time nodes org:protelis:armonicCentralityHLL[Mean] harmonicCentrality[Mean] msqer@harmonicCentrality[Mean] msqer@harmonicCentrality[Max] msqer@harmonicCentrality[Min] msqer@harmonicCentrality[StandardDeviation] 
0.0 2000.0 NaN NaN 0.0 0.0 0.0 0.0 
0.5 2000.0 3.345735801768573 166.6546634274275 164.970085451237 216.6130471354573 90.26226050503014 26.780583187224597 
1.0 2000.0 8.979638672438673 167.11854979467418 158.13891112223553 216.78066657967253 0.0 26.02030755193049 
1.5 2000.0 21.890593233155734 167.27494090474062 145.3926310049182 202.70277403586545 0.0 24.115302156953522 
2.0 2000.0 36.51879171661672 167.13419342315171 130.615401706535 194.9117547588789 72.10141634901461 20.65535094457712 
2.5 2000.0 51.20155698774265 167.02935970588098 115.86556639612701 177.67892864452972 16.19383671883672 18.853257150586167 
3.0 2000.0 67.00839040713973 167.30315032765236 100.30020277765549 160.59777715505507 5.442857142857143 16.761143905546252 
3.5 2000.0 82.23220828832623 165.73026981748345 83.6049465288797 141.58658249414924 1.0 15.570801449213947 
4.0 2000.0 96.84881238000942 167.9950490852112 71.14623670520177 131.04568291157298 26.663853647485638 15.205751109841769 
4.5 2000.0 110.53303622135631 164.1404092632449 53.735371755212846 105.56402990637366 0.2864261017047056 17.132513553568188 
5.0 2000.0 123.62243450999672 165.8170966705172 42.394561573887586 114.78437293083198 0.09035757422023494 18.971166308625058 
5.5 2000.0 135.45197568347632 166.361873689232 31.963044202433537 98.58718560944541 0.0323395375776272 19.086037327635555 
6.0 2000.0 145.99694467779008 166.37147730733756 23.9640328767796 93.89311391422899 0.006732824839644991 17.63300571034237 
6.5 2000.0 154.8085614152531 166.24393675727185 18.8142032916776 90.95652386296926 0.0 14.441882233352374 
7.0 2000.0 161.57788003661815 165.7863064615863 16.655128927650168 73.53467597988725 0.0 12.631636904344779 
7.5 2000.0 167.29174654671752 166.90797228285186 15.363289912970512 72.81646550960535 0.0 11.170403198260544 
8.0 2000.0 171.6811367577732 165.7435193811594 16.209900353837583 97.56598686068257 0.0 10.778800581325271 
8.5 2000.0 175.46806085112732 165.6088919162815 16.40321087742857 106.89622514083108 0.0 10.790794766466139 
9.0 2000.0 178.40191806070996 165.76534259516492 17.48043238614891 129.76020488602384 0.0 12.083974073294806 
9.5 2000.0 181.12361705304147 166.90773877331628 17.469847700491222 81.57939391307713 0.0 10.61821577706666 
10.0 2000.0 183.0512352261403 166.24609478186858 18.692361517884958 81.05297819927513 0.0 10.333349414643374 
10.5 2000.0 184.92579524717715 165.8725022199702 20.0154503255333 119.4879855807391 0.0 11.04674847025955 
11.0 2000.0 186.1037666798348 165.55487735264353 21.40802733307141 194.08738149131943 0.04835830809992103 11.225314510768674 
11.5 2000.0 187.01128832248068 165.78818530044342 21.84028623550151 106.5617233638808 0.02338803568380854 10.219913743412649 
12.0 2000.0 187.81294645377787 165.42662630765986 22.738396598659552 53.8903144409085 0.0 9.47093687350589 
12.5 2000.0 188.24520183620803 163.8332878038466 24.634099601544094 61.04394714151087 0.0 9.557513265487966 
13.0 2000.0 188.48333276757182 163.89354778385749 25.00859358614423 136.06852789647337 0.15548859308194096 10.00902174091932 
13.5 2000.0 188.6301550587716 163.81030121291678 25.30273521756773 108.07657801344627 0.001898947147395802 9.669821100055 
14.0 2000.0 188.98349286330767 163.18313997251772 26.045662373362326 138.6990690974585 0.04725912841195168 9.743697222125888 
14.5 2000.0 189.1930611748985 162.8928215952352 26.49408075417462 91.85048570262319 0.0 9.581292754229542 
15.0 2000.0 189.2335354617748 164.07916531353217 25.46193253689408 137.17802450032733 0.1572792446576443 10.688722441185154 
15.5 2000.0 189.08860460876633 163.46977390851984 25.804003505657853 130.05407840929257 0.0 8.93541976599289 
16.0 2000.0 188.91868980083012 160.68635052598282 28.615159046764667 132.47776217467475 0.0 10.301656841658604 
16.5 2000.0 189.11933708251652 161.02629967513948 28.274628369423326 132.47776217467475 0.0 9.44501540110122 
17.0 2000.0 189.1457933593776 161.9584105883326 27.29269559318423 120.46795827998247 0.0 9.778788772796785 
17.5 2000.0 188.84500545343522 160.85023464476092 28.56307987278961 152.95562714842583 0.0 11.617607548489554 
18.0 2000.0 188.67228232828796 159.44698606951215 29.905081179576747 182.19039098619928 0.0 11.590153788339878 
18.5 2000.0 188.47639258077237 157.9600173446779 30.872889604293864 132.37741407087466 0.0 10.4091631325346 
19.0 2000.0 188.1479964591335 154.9717716777916 33.76275677071537 141.64827777011774 0.0 12.319324238394119 
19.5 2000.0 187.77991433814344 157.85820752036457 30.41117833255756 132.18718511652136 0.0 11.34456675165849 
20.0 2000.0 187.390804373131 159.36919817917476 28.270298209567372 186.8965106030731 0.0 10.963296794748716 
20.5 2000.0 187.1474428372082 157.44033800414238 29.999461263061242 134.28165494503472 0.19100337812449197 10.896315795828377 
21.0 2000.0 187.03128388565378 159.72334447730307 27.866452685679096 107.98411359740986 0.6010052709017799 10.145103217959534 
21.5 2000.0 187.32553413420823 158.99291516099473 28.585136831258616 116.41353283540212 0.17690102743561908 10.133382872397382 
22.0 2000.0 187.52477494733344 159.42060421225338 28.238898029326485 109.71908217275217 0.06254717329679238 9.719276615201197 
22.5 2000.0 187.48010246172 159.40121999729655 28.235685980255052 194.1830058585766 1.615544995840338 9.875679325697888 
23.0 2000.0 187.47325753720045 159.74260007451275 27.7988916313642 60.80266117362757 0.31162296268216494 8.913151777330736 
23.5 2000.0 187.29278936944743 159.7803943830369 27.654217196338816 55.10770392129871 0.18797510406676565 9.211963101361222 
24.0 2000.0 186.91786352352491 160.251957631541 26.900351355372617 77.22925355474636 2.7357643928382913E-4 9.213465443217014 
24.5 2000.0 186.73857645339245 158.1013170654562 29.05631495984755 92.8992969983312 1.3569480234085063 9.141186945325229 
25.0 2000.0 187.04099261195296 160.1255318088884 27.23825608952121 97.44684692365628 0.2525926671709726 9.346918193751947 
25.5 2000.0 187.26612438411917 160.26098664698134 27.219277883097302 78.44982998606436 0.0396486149398072 9.607216577916315 
26.0 2000.0 187.25180376892513 159.1337670628222 28.34926704464531 90.7820873501862 0.35076125419584514 9.46855524953838 
26.5 2000.0 187.19889757451497 159.03202895933677 28.326367976737288 78.42921615802115 0.2162021422310545 9.00801257503475 
27.0 2000.0 187.11083787006402 158.8788009239769 28.332363606860707 69.63661914006495 1.05076309773969 8.732088476070683 
27.5 2000.0 187.09086863548325 159.45607557314878 27.819811410628205 127.57994966223998 0.1915610445811069 9.818568563191354 
28.0 2000.0 186.8817264053096 159.46664595969696 27.51951964669282 80.98501238463484 0.02302709318462348 7.842352352545205 
28.5 2000.0 186.62555002628775 157.93512110711598 28.692520928287546 91.14847589792075 0.11718727056694433 8.856121841653795 
29.0 2000.0 186.27832686387694 157.70743089930608 28.666288221177055 83.45343820578043 0.0738719837938504 8.70397286121177 
29.5 2000.0 186.2461932723406 158.83036173734635 27.659163515275427 79.89088351466023 0.36196526876025814 8.768195075666371 
30.0 2000.0 186.1284083320048 158.79874855794742 27.731632373423825 132.00345954675112 1.023227895806457 8.983574741100695 
30.5 2000.0 185.8546249046561 158.32067462436254 27.941895508924834 138.19079978210996 0.2565045805297075 8.974931752355776 
31.0 2000.0 185.68292948034758 159.0417944352115 26.90191073657651 92.75086213048795 0.12208731990466504 8.159981748881986 
31.5 2000.0 185.39462394130484 156.48440435107176 29.107343902878522 130.4471721146735 1.1385163888722047 10.784843809893152 
32.0 2000.0 185.51512208425217 157.71478118065681 27.89549164433236 125.61927565233884 0.5959542419396655 10.515919459803502 
32.5 2000.0 185.32182490824465 157.30141007979995 28.34504721244486 121.14725456716762 0.09576168802405505 10.171062323815987 
33.0 2000.0 185.09134211514515 157.88412579846613 27.678248405822043 166.83791249090817 0.10625433762109537 10.198434284218513 
33.5 2000.0 185.28753148916994 159.06069299428145 26.4471698915035 113.96902946265142 0.27938863043081597 9.507128198651166 
34.0 2000.0 185.20369510891177 157.44183618501955 27.801261170793072 143.7449824205903 0.24402381489099412 9.465993511957652 
34.5 2000.0 184.6572594838026 158.27533438659023 27.070009490352415 86.23276564739695 0.05038992321118485 8.735259740439803 
35.0 2000.0 184.4426381650658 158.1956648942475 27.249811307317916 98.75971815903124 0.2368223702497403 9.341402127241091 
35.5 2000.0 184.7650388041475 156.59563956284805 29.448461739555615 178.3287195364723 1.468926680916212 10.759026220832453 
36.0 2000.0 185.1395387956017 157.4848638586538 28.96476359234518 177.83839938430128 1.760228903430857 10.861099748927959 
36.5 2000.0 185.65365103509708 156.95613873111662 29.535638254042386 97.46549304566079 0.014697481236680687 10.280578537241267 
37.0 2000.0 186.0978559849449 157.123199555687 29.493029043790408 213.7766623426453 0.2204456431129529 11.44259374150352 
37.5 2000.0 186.16557706935927 157.03794639094596 29.357980740925015 166.05590979005606 0.10294411873442755 10.711428810054969 
38.0 2000.0 186.4915230411306 156.94279189610455 29.73091726628159 182.52930198531223 0.016269967366071114 10.770226073624043 
38.5 2000.0 186.43521047428928 156.80922332634327 29.90974599609191 109.23696468670816 0.10332468664816474 10.01544866571361 
39.0 2000.0 186.53656808778535 157.99621740401582 28.67538967036453 71.66494972175843 1.5945631670042246 8.772032331917767 
39.5 2000.0 186.78855784956662 157.181476437935 29.620252125550767 64.9837858248828 1.287636830143441 8.342034846548472 
40.0 2000.0 186.67736539339117 156.71025954827962 30.07934590747272 86.26452146774119 0.12083043812879168 8.304143555215417 
40.5 2000.0 186.16981866567608 156.64979510471042 29.839268299392334 86.21274916135594 0.8444962831841565 8.500066238389499 
41.0 2000.0 185.94349348969007 155.398926726184 30.8900936621444 106.06946096161894 0.37550860986911516 8.992304570111669 
41.5 2000.0 185.99583287786083 155.10118131462568 31.03844412754872 109.31164804631723 1.4896737018102613 8.866131972586176 
42.0 2000.0 185.5468762001857 155.47957789749353 30.129356318985103 67.64570867822461 2.995769328118996 7.813677516286291 
42.5 2000.0 184.90551907090023 155.67226786347678 29.39127910661084 82.58041819836893 0.8640632021332806 8.390175827489594 
43.0 2000.0 184.23523504553617 155.0539203287588 29.34009494872885 80.86741412282433 0.7848829324400981 8.78555624103513 
43.5 2000.0 183.87157194431853 156.51109140794821 27.461954758167117 52.22972256108697 0.3983589001949781 8.005747738645574 
44.0 2000.0 183.6644644509643 153.98394878246916 29.88947748075637 186.3377800389811 4.001082976240298 8.74995095212926 
44.5 2000.0 183.53557150576194 152.84159722264843 30.866415276831717 186.3377800389811 2.8974286383311494 9.192190219315922 
45.0 2000.0 183.13383599979903 152.92210319326543 30.35824769749066 146.5148909570573 1.2666223253730777 8.805251973227548 
45.5 2000.0 182.8994594554491 152.6140919960447 30.433320001922475 142.1232433720424 0.20445768473052794 8.954359583000697 
46.0 2000.0 182.57290972851663 152.64974181493605 29.923167913580567 73.69511987365189 0.23369518234926545 8.263226365705133 
46.5 2000.0 182.21739210912776 152.2732149458896 29.955281236910583 69.16237281676526 0.5865453878189157 8.749308081606108 
47.0 2000.0 181.82406172149888 153.12675869113548 28.703915653407478 70.68863780437074 1.6131996822122119 8.258048094485135 
47.5 2000.0 181.53160942999844 151.91598387622122 29.618750287483962 185.59201927441694 0.41889288291318394 8.578142166706662 
48.0 2000.0 180.9608419153619 150.76627579000123 30.316834376370036 151.99571358941606 1.2141344488700554 8.707808262615922 
48.5 2000.0 180.36080290608703 152.69345393648103 27.896093470348845 152.86380674477851 1.1821586907987296 8.591187074255169 
49.0 2000.0 179.9803332364211 153.0146437967388 27.284983890448743 133.3031072520539 0.2300918458458625 7.528779018450052 
49.5 2000.0 179.74433457391905 152.01573834771378 27.984553676510483 151.30184219510988 1.8155339950355085 7.8562927753396945 
50.0 2000.0 179.258015034818 153.91872436547956 25.484835531721263 60.19970646550715 0.49677973840744016 6.869317757702706 
#####################################################################
# End of data export. Simulation finished at: 2020-03-17T20:10+0000 #
#####################################################################
