#####################################################################
# Alchemist log file - simulation started at: 2020-02-22T08:31+0000 #
#####################################################################
# seed = 7.0, speed = 2, meanNeighbors = 5, nodeCount = 5000
#
# The columns have the following meaning: 
# time nodes org:protelis:armonicCentralityHLL[Mean] harmonicCentrality[Mean] msqer@harmonicCentrality[Mean] msqer@harmonicCentrality[Max] msqer@harmonicCentrality[Min] msqer@harmonicCentrality[StandardDeviation] 
0.0 5000.0 NaN NaN 0.0 0.0 0.0 0.0 
0.5 5000.0 1.4507381046526946 101.91724116277562 101.18452449610895 153.57826435084084 0.0 36.27830569372289 
1.0 5000.0 3.371267063492065 89.209652821303 85.86008575781094 137.29700725670247 0.0 31.332365414949457 
1.5 5000.0 7.354754776334777 71.04553421632878 63.78079262569718 113.04973721538863 0.0 26.17162101506468 
2.0 5000.0 10.81333197857698 104.58570237684343 94.04817785858391 148.8562329851257 0.0 33.59202175071003 
2.5 5000.0 13.826083663281164 102.46135588663627 89.03167911981826 150.24638175787842 0.0 33.46347469410693 
3.0 5000.0 16.593661418238625 98.85994851605744 82.9471231329928 142.69494661205124 0.0 32.341734907224804 
3.5 5000.0 19.30901826403043 88.71070279221755 70.11501834557988 135.7757217781057 0.0 35.622151938757945 
4.0 5000.0 22.06874414561273 106.67022553861699 85.68217765007898 152.33960895271727 0.0 34.355675191898534 
4.5 5000.0 24.929313707048287 105.56235139366379 81.68899887851366 152.94698497334568 0.0 33.23994093631808 
5.0 5000.0 27.756750398676683 104.82966054663586 78.94793885514467 142.6605719698705 0.0 28.807084646228752 
5.5 5000.0 30.552955185739286 111.16279733836751 82.62465052348905 136.57502551062504 0.0 27.089963966854526 
6.0 5000.0 33.44590971380756 104.70173535982671 73.90129302562441 135.6184980686652 0.0 26.932104431223554 
6.5 5000.0 36.485249546057716 116.23915977332837 81.88567197141455 148.735380010141 0.0 25.363318397825065 
7.0 5000.0 39.336743935454365 100.33837635613155 65.44585679177729 136.44296362874886 0.0 25.684232164305822 
7.5 5000.0 42.37772975877022 90.36512742273986 54.08113896003624 126.37995437966262 0.0 25.53584242830379 
8.0 5000.0 45.174332686363975 93.38605355775138 53.82803131296436 132.7408546782576 0.0 22.17406647149346 
8.5 5000.0 47.986213838467954 94.69371449916125 52.93649623810518 139.525358521404 0.0 20.737045691157597 
9.0 5000.0 50.74847341084356 94.14100440403774 50.834469206427656 133.86871718105624 0.0 21.570098294659424 
9.5 5000.0 53.59740946752509 95.60115006791291 48.85840191065668 143.44609914458792 0.0 20.06649864594274 
10.0 5000.0 56.45528956413199 103.09813218724771 51.51376464247375 144.47666512810818 0.0 19.298891532634492 
10.5 5000.0 59.49487756838373 112.1930855021331 58.32783389906023 149.99776895994518 0.0 18.532313028039084 
11.0 5000.0 62.515544615636024 97.84790011540437 41.87903807490224 134.83182040930342 0.0 17.268611655710906 
11.5 5000.0 65.42698662296378 68.6035436172354 16.55988960971299 92.0551773418173 0.0 14.252804672786816 
12.0 5000.0 68.23599633628055 87.56794183503395 32.617932253055486 130.30097280649952 0.0 15.96369825260213 
12.5 5000.0 71.22596074340122 81.87889396818306 31.12315172176001 133.03399232409012 0.0 17.484897834784256 
13.0 5000.0 73.83855719497454 98.72520911638605 35.987947363096815 133.57921413530468 0.0 17.093615261514906 
13.5 5000.0 76.30001862212295 101.45805085131703 35.87823580034411 149.26722214405493 0.0 19.243988992089566 
14.0 5000.0 78.81242001312198 106.43702598232196 36.38248872946408 152.478606539678 0.0 18.948506609572494 
14.5 5000.0 81.36977999718624 104.52246348826847 32.506650398051754 148.95694099768647 0.0 18.791876108718988 
15.0 5000.0 84.17309238438571 89.5841400394879 26.882706777844533 137.04788053896678 0.0 19.8798573975008 
15.5 5000.0 86.66311319723681 107.95781738289573 31.906683740486216 155.87443365808406 0.0 18.89700632366637 
16.0 5000.0 88.95069376594866 102.27969996891557 26.59320567051246 144.96606217914777 0.0 18.80662311501125 
16.5 5000.0 91.40337501226658 91.75819558210674 24.73259818309101 133.75350424811802 0.0 23.564095470713358 
17.0 5000.0 94.1507439023824 93.91825360187411 22.796705660395858 138.3600272149638 0.0 21.88248330261117 
17.5 5000.0 96.46266113380058 98.4830113340117 22.833917994237087 146.24891752264216 0.0 22.723195252435346 
18.0 5000.0 98.46124564443235 101.36685545524328 23.357405949764438 136.63071115275423 0.0 24.509051528167145 
18.5 5000.0 100.52716973595568 95.88463370956188 23.10099539771862 139.87516789977624 0.0 23.546871925079063 
19.0 5000.0 102.39968976309277 79.72272376723728 28.38133895557128 146.30937770882446 0.0 24.871284168225 
19.5 5000.0 104.73195346041027 93.72216309704446 26.03417938079629 157.87772363187358 0.0 26.09399938824735 
20.0 5000.0 106.93448784067307 86.72921216234293 27.365706198705883 155.94527721529272 0.0 26.98181138792649 
20.5 5000.0 109.28229342984916 89.48052915191002 25.68846938137031 163.42435869985133 0.0 25.17482052498112 
21.0 5000.0 111.36695817033267 88.22779767629066 28.94722746992795 163.42435869985133 0.0 27.06008761828761 
21.5 5000.0 113.01826681066844 82.0168396188981 35.33260158371331 159.01434906070492 0.0 26.02525362434528 
22.0 5000.0 114.66931520379741 84.77072070010495 33.776531238881134 168.39341579584502 0.0 28.832160792055877 
22.5 5000.0 116.08536270768374 81.61120416720146 38.557294641616664 171.33065857572956 0.0 28.672636840999125 
23.0 5000.0 117.93891008070642 94.66054419525881 29.201769388858576 170.9857610617431 0.0 25.23423325987697 
23.5 5000.0 119.5441356301952 79.43439371477572 42.86030184127671 182.3615334579829 0.0 30.17102338178404 
24.0 5000.0 120.62811195300895 80.52613316417325 43.00686153279371 182.3615334579829 0.0 29.22458438724089 
24.5 5000.0 122.2631092506587 74.29951950546244 50.78952555163954 173.02632472117486 0.0 29.79820492197038 
25.0 5000.0 123.69515545236405 61.34639602871015 64.38346342768449 169.14615629449972 0.0 29.96748224744074 
25.5 5000.0 125.05447859447246 81.7884557686252 47.33382749343399 177.17861140342112 0.0 28.84462639166005 
26.0 5000.0 126.36922583775745 82.76298133978567 47.30382573542822 171.1959817064909 0.0 32.61730481622226 
26.5 5000.0 127.7315069262011 84.51398997379607 46.85579832584742 180.18093804194012 0.0 28.70906267307048 
27.0 5000.0 129.01944765417193 92.23514588073199 41.63907783372183 180.18093804194012 0.0 29.726425697697852 
27.5 5000.0 130.89342577097898 87.34558914792649 46.91329001905689 196.54633747401436 0.0 28.398641273366266 
28.0 5000.0 132.3667081474222 58.86100273549392 74.84050627930371 194.819754937664 0.0 33.297525950816684 
28.5 5000.0 133.09718180097963 69.7863626007746 65.4331345132221 181.75402757532854 0.0 29.93290234603032 
29.0 5000.0 133.91861606181362 93.25404416811101 44.5921637280902 191.94789200280013 0.0 28.121922431858003 
29.5 5000.0 135.31549987763165 91.1397348154568 48.4575552162773 186.74579394717847 0.0 30.601100753007984 
30.0 5000.0 136.62742280296388 78.59557449146725 60.86476675634013 188.44317113094468 0.0 29.72392176793231 
30.5 5000.0 137.6383736377455 83.06154990600974 58.03272726761129 190.4936344767517 0.0 29.738547078645215 
31.0 5000.0 138.34218603829794 90.14073093855997 52.90007829008775 190.35697529666328 0.0 31.492345268927625 
31.5 5000.0 139.84475541648138 87.13793753779305 56.12222001817106 177.45221879339996 0.0 28.348409221825793 
32.0 5000.0 141.20330343288555 90.60253715462558 54.08169740749735 197.0915877344845 0.0 28.543878871096954 
32.5 5000.0 142.1322387593354 78.70269436089579 66.01810605232285 191.4072783109131 0.0 28.686301320313447 
33.0 5000.0 142.73512544104685 80.82572272414647 64.46706309868094 192.84287910400167 0.0 30.347889669151037 
33.5 5000.0 142.56517580577494 87.39219857462784 59.04064631797077 178.0021365808621 0.0 30.203296756851124 
34.0 5000.0 143.13023118786623 87.92402168791071 58.985061511617545 192.3242546994516 0.0 31.98308418557352 
34.5 5000.0 144.13988588029332 92.88474048491331 55.74273741291465 182.69766778009546 0.0 28.14040632471656 
35.0 5000.0 145.04113927810468 84.3134566851638 64.3486445658284 188.84094228930394 0.0 30.171859462336823 
35.5 5000.0 146.0648225092612 88.88172816954793 61.036334560487525 185.74331988603686 0.0 31.04991203379013 
36.0 5000.0 147.3979961070197 87.83976444124153 63.343170585217116 186.42825270328177 0.0 32.671385067522735 
36.5 5000.0 148.54913852179334 96.9167594650205 55.32128348847448 197.9948854462931 0.0 30.26407604064362 
37.0 5000.0 149.26436664919353 97.87459958953811 54.82661028081661 192.70230752210043 0.0 28.935034751655394 
37.5 5000.0 149.07032839847227 99.01681182201379 53.63505164217744 186.14382861276883 0.0 32.64900519915173 
38.0 5000.0 149.0755850946605 89.6307433108648 63.35432841358801 193.56280889068444 0.0 29.396993365710642 
38.5 5000.0 149.9269661816981 82.89008933520907 70.50616300372626 190.43768163793027 0.0 31.38391540176612 
39.0 5000.0 150.62543395611726 78.14532448122478 75.14785383057783 199.38319589153886 0.0 31.040574453642293 
39.5 5000.0 151.33792333248078 78.37039943872955 75.31515208363943 188.61588129803465 0.0 33.33584284452805 
40.0 5000.0 151.76458659554666 89.89365292667891 64.25671267976395 184.57234454687895 0.0 27.30167962395728 
40.5 5000.0 151.77423720671584 86.9959945309539 67.60174018056054 191.94148239721022 0.0 31.372936833099036 
41.0 5000.0 151.92241213348646 89.33525402589085 65.21440321485989 185.97391557774586 0.0 28.98036315294192 
41.5 5000.0 152.4126289351688 88.47140828513375 66.78121497981518 183.81828403786517 0.0 30.856716180195555 
42.0 5000.0 152.66295045768058 80.61204366215111 74.02525676449653 185.30854116152508 0.0 29.84545780496607 
42.5 5000.0 152.26077588869478 79.03047541326897 76.01311930494201 193.19427412537712 0.0 27.113215377838245 
43.0 5000.0 151.34783236352948 70.18699800961967 84.44787116873322 193.19427412537712 0.0 30.50758354686069 
43.5 5000.0 151.51188190556925 78.35204309444163 76.64852467685175 188.55195304287696 0.0 32.145269000125076 
44.0 5000.0 152.10555677464058 88.59853713946325 66.63309659243113 179.95643261957372 0.0 30.52765929433265 
44.5 5000.0 152.30968411658856 89.10896873291725 65.69804665605037 182.8228508691933 0.0 30.941358115070177 
45.0 5000.0 152.737527366642 89.6054790796577 65.41883019737443 183.00056180647698 0.0 28.61528022632033 
45.5 5000.0 152.69754509571158 89.16001808049276 65.83902105748277 190.6396773717303 0.0 29.752361919054756 
46.0 5000.0 152.1258102398296 63.60995076482934 90.61480712311646 187.35016608497358 0.0 34.10901660154015 
46.5 5000.0 151.95951072549713 75.85416788301552 78.60890132445755 181.6862740015414 0.0 30.39083065511811 
47.0 5000.0 152.05823882570826 80.72792155346303 73.89053025007517 176.5478486220816 0.0 29.289625263974923 
47.5 5000.0 151.98791191332762 86.61077971043152 68.53388960800933 186.6558348220953 0.0 30.16554430715531 
48.0 5000.0 152.10888107010857 90.47665391275362 65.03101872155413 180.29841224716904 0.0 29.92308623760562 
48.5 5000.0 152.2632767855498 66.82339519977093 87.7590489968627 190.64366817979445 0.0 25.421868825606396 
49.0 5000.0 152.2919140708279 80.70075907865602 74.05565779708667 185.92370690757267 0.0 30.87183673057952 
49.5 5000.0 151.57787539750592 75.41982537737587 79.45759970559114 192.5720104436869 0.0 30.039068630543778 
50.0 5000.0 151.65607586779575 71.6628799072579 82.84308873510447 192.66388790343595 0.0 28.42907004445294 
#####################################################################
# End of data export. Simulation finished at: 2020-02-22T09:36+0000 #
#####################################################################
