#####################################################################
# Alchemist log file - simulation started at: 2020-02-19T19:01+0000 #
#####################################################################
# seed = 1.0, speed = 10, meanNeighbors = 10, nodeCount = 50
#
# The columns have the following meaning: 
# time nodes org:protelis:armonicCentralityHLL[Mean] harmonicCentrality[Mean] msqer@harmonicCentrality[Mean] msqer@harmonicCentrality[Max] msqer@harmonicCentrality[Min] msqer@harmonicCentrality[StandardDeviation] 
0.0 50.0 NaN NaN 0.0 0.0 0.0 0.0 
0.5 50.0 2.413333333333333 19.841698412698413 18.635031746031746 24.933333333333334 11.969444444444447 3.6070009207724776 
1.0 50.0 5.600666666666666 20.05147619047619 14.450809523809523 24.433333333333334 6.475 4.674807005647693 
1.5 50.0 11.879 20.22001587301587 8.341015873015872 19.827380952380953 1.3166666666666664 4.431470977189524 
2.0 50.0 16.4245 20.060444444444443 3.683944444444444 11.259523809523806 0.13333333333333286 2.8132685757131557 
2.5 50.0 18.59045238095238 19.85552380952381 1.53502380952381 9.559523809523808 0.03333333333333499 1.8529304792316363 
3.0 50.0 19.63046031746032 19.864444444444445 0.8030634920634925 3.1448412698412724 0.0 0.7024559944466112 
3.5 50.0 19.889583694083694 20.077396825396825 0.773749639249639 3.183333333333337 0.01666666666666572 0.6980099729579238 
4.0 50.0 19.968242424242423 20.16350937950938 0.788428571428572 3.7400793650793673 0.004365079365076241 0.6656941379599357 
4.5 50.0 20.02205339105339 20.676604617604617 0.9982366522366525 4.713888888888889 0.0 0.9012814070195182 
5.0 50.0 20.277862914862915 21.21726984126984 1.1163434343434349 3.6904761904761934 0.08214285714285552 0.9951334512569069 
5.5 50.0 20.71633333333333 20.89674603174603 0.7545238095238099 3.416666666666668 0.017063492063492447 0.6917937100285029 
6.0 50.0 20.87225396825397 20.670936507936506 0.5880158730158733 1.6333333333333329 0.02896825396825342 0.4473291747277102 
6.5 50.0 20.889777777777777 20.38730303030303 0.757904761904762 4.513888888888893 0.0 0.7459857134337228 
7.0 50.0 20.833761904761904 20.736047619047618 0.9226190476190478 4.945238095238098 0.01904761904761898 0.995467596678019 
7.5 50.0 20.638190476190477 20.228952380952382 0.9655238095238093 4.993650793650794 0.0 0.9115860908337952 
8.0 50.0 20.565595238095238 20.499920634920635 0.9600238095238101 5.223015873015871 0.00952380952380949 0.9776434133909411 
8.5 50.0 20.655214285714287 20.353874458874458 0.9847207792207797 5.134884559884558 0.0 0.8639052454256341 
9.0 50.0 20.622357142857144 19.989969696969695 0.998308080808081 2.9833333333333343 0.02380952380952195 0.7584267642200969 
9.5 50.0 20.575238095238095 18.506809523809522 2.168904761904762 12.102380952380955 0.14285714285714235 2.4392482350028377 
10.0 50.0 20.35142857142857 19.753349206349206 0.985380952380953 4.824206349206351 0.01944444444444393 0.9895761054178106 
10.5 50.0 19.75570634920635 19.402015873015873 1.3598809523809523 9.026190476190477 0.06666666666666998 1.7536860547511808 
11.0 50.0 19.598777777777777 20.101365079365078 1.3266031746031746 9.291666666666668 0.00952380952380949 1.910338406155941 
11.5 50.0 19.840873015873015 20.13695238095238 0.9139682539682532 7.517460317460316 0.00952380952380949 1.157732201793784 
12.0 50.0 19.95434126984127 19.371574314574314 0.8258780663780663 4.190079365079367 0.12380952380952692 0.7114925609485616 
12.5 50.0 19.997325396825396 20.159142857142857 1.1835317460317463 4.501984126984125 0.02619047619047521 1.1059532432495662 
13.0 50.0 19.766142857142857 20.116476190476188 1.1912380952380954 4.418650793650793 0.016666666666669272 1.2323908108088402 
13.5 50.0 19.981603174603173 19.978809523809524 0.9183492063492067 4.0 0.0 0.8777057692545235 
14.0 50.0 20.075365079365078 19.853571428571428 0.8576825396825397 3.55952380952381 0.02619047619047521 0.7470847215080434 
14.5 50.0 19.97938095238095 19.771809523809523 0.8063333333333335 4.9761904761904745 0.0 0.943854122403354 
15.0 50.0 19.85629365079365 19.66314285714286 0.7743888888888888 3.2857142857142847 0.03333333333333499 0.6951936964599261 
15.5 50.0 19.72263492063492 18.252380952380953 1.501936507936508 14.203968253968254 0.011111111111112848 2.660309222471557 
16.0 50.0 19.70792857142857 19.20861904761905 1.0677857142857141 3.7527777777777764 0.0023809523809532607 0.779141113107397 
16.5 50.0 19.529373015873016 19.46452380952381 0.9488650793650797 2.966666666666672 0.08571428571428186 0.6618302401128668 
17.0 50.0 19.506785714285712 19.314714285714285 0.7307857142857141 2.724999999999996 0.04285714285714448 0.6513645854299959 
17.5 50.0 19.51202380952381 20.256095238095238 0.9699761904761901 4.753571428571426 3.552713678800501E-15 0.996312015909883 
18.0 50.0 19.657095238095238 20.24609523809524 0.783190476190477 3.666666666666668 0.03333333333333144 0.7359204000485057 
18.5 50.0 19.893785714285713 19.90195238095238 0.7005000000000003 3.3166666666666664 0.016666666666667496 0.7626416235291593 
19.0 50.0 20.015761904761906 19.887619047619047 0.7326190476190477 3.3166666666666664 0.0 0.6968262592481491 
19.5 50.0 20.004380952380952 19.617047619047618 0.868571428571429 3.9833333333333307 0.007142857142856229 0.7683776232249543 
20.0 50.0 19.904095238095238 19.72647619047619 0.9177142857142858 2.5166666666666657 0.05714285714285694 0.7474398914417347 
20.5 50.0 20.02407142857143 19.60104761904762 0.7898333333333333 3.3214285714285765 0.0023809523809532607 0.8341855703931775 
21.0 50.0 19.874214285714285 19.449238095238094 0.6339761904761902 3.711904761904762 0.0 0.76358321596973 
21.5 50.0 19.647166666666667 18.82185714285714 0.9334047619047621 4.94404761904762 0.0 0.9475598763213939 
22.0 50.0 19.451666666666668 18.858666666666668 0.9853809523809522 5.553571428571429 0.038095238095236184 0.9389859162317489 
22.5 50.0 19.237928571428572 18.835047619047618 1.1472619047619044 5.428571428571427 0.016666666666669272 1.0257358437363178 
23.0 50.0 19.020904761904763 18.26730158730159 1.3252222222222219 5.163095238095238 0.07261904761904248 1.0971736878665388 
23.5 50.0 18.670690476190476 17.923952380952382 1.0126428571428574 4.326190476190476 7.936507936552317E-4 0.8310375576029253 
24.0 50.0 18.513285714285715 18.638333333333332 0.875285714285714 3.866666666666667 0.0023809523809532607 0.7698142940915446 
24.5 50.0 18.351857142857142 18.705809523809524 0.8459047619047616 2.7202380952380967 0.0 0.6849778635223659 
25.0 50.0 18.438126984126985 18.744555555555557 0.763190476190476 2.6369047619047645 0.05000000000000071 0.651011648801244 
25.5 50.0 18.600269841269842 18.024190476190476 0.8986190476190478 3.4499999999999993 0.03888888888888964 0.7939992077793452 
26.0 50.0 18.77053968253968 18.132968253968254 1.24852380952381 3.616666666666667 0.03333333333333499 0.9432750626951242 
26.5 50.0 18.76563492063492 18.30147619047619 1.2015079365079364 4.215079365079367 0.016666666666662167 1.070020493721246 
27.0 50.0 18.706103174603175 18.585746031746034 0.9259603174603175 4.060714285714285 0.04285714285714093 0.8511716912531843 
27.5 50.0 18.450309523809523 18.999555555555556 0.8685793650793653 2.596428571428568 0.0357142857142847 0.6906540580250542 
28.0 50.0 18.58511904761905 19.21336507936508 0.7930714285714292 3.0619047619047652 0.01904761904761898 0.719385844056651 
28.5 50.0 18.736190476190476 19.04577777777778 0.6864603174603174 3.0301587301587336 0.01666666666666572 0.6640196334609303 
29.0 50.0 19.0 19.431333333333335 0.816619047619048 3.133333333333333 0.038095238095239736 0.7414893418480327 
29.5 50.0 19.2360873015873 19.450666666666667 0.770452380952381 2.5500000000000043 3.9682539682317497E-4 0.7146699161535853 
30.0 50.0 19.42113492063492 19.861238095238097 0.8522936507936509 4.913888888888888 0.017857142857145902 0.9470510726991032 
30.5 50.0 19.459333333333333 20.223333333333333 1.0019523809523805 4.579365079365079 0.0 0.8516275659937701 
31.0 50.0 19.513531746031745 20.113809523809525 0.8861349206349208 4.579365079365079 0.025000000000000355 0.9143126223817368 
31.5 50.0 19.846373015873016 20.144571428571428 0.8175317460317466 2.5769841269841223 0.03333333333333499 0.737916412891028 
32.0 50.0 20.142238095238095 20.300285714285714 0.8041904761904759 3.616666666666667 0.0238095238095255 0.7446621656437732 
32.5 50.0 20.11452380952381 19.972380952380952 0.9528095238095236 3.7238095238095212 0.02380952380952195 0.8668412478077636 
33.0 50.0 20.103738095238096 20.135714285714286 0.7945476190476186 3.780952380952378 0.0 0.7603896534220053 
33.5 50.0 20.103952380952382 20.268761904761906 0.6126190476190478 2.8000000000000043 0.00952380952380949 0.5684621435619595 
34.0 50.0 20.19690476190476 20.546380952380954 0.7308095238095241 3.6500000000000057 0.0 0.7373663930208475 
34.5 50.0 20.284333333333333 20.393047619047618 0.753761904761905 3.099999999999998 0.01666666666666572 0.7096761027131905 
35.0 50.0 20.17947619047619 19.983 0.814809523809524 3.06666666666667 0.01071428571428612 0.7763669393452476 
35.5 50.0 20.282285714285713 20.379952380952382 0.8311904761904765 2.733333333333338 0.007142857142863335 0.7093709274963862 
36.0 50.0 20.281095238095237 20.197380952380954 0.7868571428571436 3.1833333333333336 0.03333333333333144 0.7512221812532717 
36.5 50.0 20.247857142857143 20.18042857142857 0.6772380952380956 2.8928571428571423 0.016666666666669272 0.6869375679554142 
37.0 50.0 20.169333333333334 20.19304761904762 0.678285714285714 3.5666666666666664 0.0 0.6798889465139414 
37.5 50.0 20.240380952380953 19.736333333333334 0.8476190476190478 2.873809523809525 0.0 0.716339733777579 
38.0 50.0 20.141238095238094 19.379666666666665 0.8936190476190482 2.9119047619047613 0.01785714285714235 0.7331498230628303 
38.5 50.0 19.853714285714286 19.035047619047617 1.048666666666667 4.716666666666669 0.03333333333333144 0.9550970938104727 
39.0 50.0 19.65552380952381 18.75057142857143 1.156285714285714 3.216666666666667 0.03333333333333499 0.9002414770582712 
39.5 50.0 19.474714285714285 18.666571428571427 1.2747142857142861 4.30952380952381 0.03333333333333144 0.9908358424181019 
40.0 50.0 19.093285714285713 19.12333333333333 0.9861428571428572 3.2500000000000036 0.035714285714281147 0.7992268639064999 
40.5 50.0 19.02847619047619 19.26173015873016 1.1442857142857146 4.19047619047619 0.05000000000000071 0.8885967280690384 
41.0 50.0 18.927857142857142 19.444539682539684 1.0998571428571433 3.1833333333333336 0.05000000000000071 0.7442403217037699 
41.5 50.0 19.146238095238097 19.851714285714287 1.1098571428571429 4.150000000000006 0.0 0.9946542244614799 
42.0 50.0 19.37052380952381 20.096857142857143 1.2261428571428572 5.866666666666667 0.03333333333333144 1.1899283715261038 
42.5 50.0 19.65833333333333 20.108857142857143 0.9081428571428576 3.7166666666666686 0.04999999999999716 0.9003624097432702 
43.0 50.0 19.767666666666667 20.32247619047619 0.9390952380952384 3.9190476190476176 0.06666666666666288 0.8487930606831942 
43.5 50.0 19.986857142857144 20.279809523809522 0.7681904761904762 3.147619047619049 0.016666666666669272 0.6538055583157688 
44.0 50.0 20.30147619047619 20.35961904761905 0.6138571428571423 1.9166666666666679 0.00952380952380949 0.44730611903489353 
44.5 50.0 20.20547619047619 20.214619047619045 0.7150476190476197 2.583333333333332 0.01666666666666572 0.5138788725693046 
45.0 50.0 20.195857142857143 19.636857142857142 0.9993809523809533 3.216666666666665 0.03333333333333144 0.6444071333195265 
45.5 50.0 20.342761904761904 19.677238095238096 0.9916666666666665 3.2119047619047603 0.01666666666666572 0.7573905841870052 
46.0 50.0 20.15607142857143 19.79104761904762 0.8720714285714286 3.1904761904761862 0.05000000000000071 0.7222530709334909 
46.5 50.0 19.936071428571427 20.424285714285713 0.7850714285714283 3.1499999999999986 0.0 0.8086014585561991 
47.0 50.0 19.939357142857144 20.245428571428572 0.7880714285714288 3.81190476190476 0.01666666666666572 0.7247024890595642 
47.5 50.0 20.001190476190477 20.13504761904762 0.665619047619048 3.019047619047619 7.105427357601002E-15 0.6363974047064525 
48.0 50.0 20.20495238095238 19.647238095238095 0.8191428571428572 4.058333333333334 0.03333333333333144 0.7663224106220637 
48.5 50.0 20.099833333333333 19.680238095238096 0.9747857142857143 4.058333333333334 0.01666666666666572 0.9361620271785276 
49.0 50.0 19.84192857142857 19.77204761904762 0.6024047619047624 2.508333333333333 0.05000000000000071 0.5548943923721908 
49.5 50.0 19.810547619047618 19.617571428571427 0.7013095238095242 2.6809523809523803 0.016666666666662167 0.6170038612122277 
50.0 50.0 19.864642857142858 19.013699855699855 1.0475620490620494 7.658694083694083 0.03452380952380807 1.2249540582592426 
#####################################################################
# End of data export. Simulation finished at: 2020-02-19T19:01+0000 #
#####################################################################
