#####################################################################
# Alchemist log file - simulation started at: 2020-02-19T23:08+0000 #
#####################################################################
# seed = 3.0, speed = 5, meanNeighbors = 3, nodeCount = 1000
#
# The columns have the following meaning: 
# time nodes org:protelis:armonicCentralityHLL[Mean] harmonicCentrality[Mean] msqer@harmonicCentrality[Mean] msqer@harmonicCentrality[Max] msqer@harmonicCentrality[Min] msqer@harmonicCentrality[StandardDeviation] 
0.0 1000.0 NaN NaN 0.0 0.0 0.0 0.0 
0.5 1000.0 0.7527210884353742 6.836738635323287 6.480238635323287 20.022580197580197 0.0 4.356841368300736 
1.0 1000.0 1.7292000000000003 6.572125595243361 4.947192261910028 21.19936591186591 0.0 4.052797803193131 
1.5 1000.0 3.5009523809523806 6.373369776661447 3.3751666020582722 18.808126065989164 0.0 3.5917281444783122 
2.0 1000.0 4.765947619047619 6.681193688354815 3.0415079395490974 14.678035178615676 0.0 2.7038234667119734 
2.5 1000.0 5.594840079365079 7.717932876064758 3.671108414415297 17.04767213341902 0.0 3.6976926545225144 
3.0 1000.0 6.226791305916306 6.659183130985614 2.7066752234454348 17.105155955155954 0.0 2.5899276273486125 
3.5 1000.0 6.790580519480519 6.31581976326421 2.694584856628318 13.368638611130871 0.0 2.376654807798837 
4.0 1000.0 7.361821511821512 6.191317499983676 2.872763792579969 16.992063492063494 0.0 2.520780650442393 
4.5 1000.0 7.903724037074038 6.55242640071711 3.275895417344953 15.992063492063494 0.0 2.7514778880769515 
5.0 1000.0 8.397966626429126 7.688324359004646 3.735482276791059 18.43709464340269 0.0 3.2944347828860336 
5.5 1000.0 8.870105182154447 6.289623156212552 3.8761757122091876 17.4265873015873 0.0 3.488715706086155 
6.0 1000.0 9.260014197485521 6.363333623832308 4.231302519182743 19.38924686424686 0.0 3.9124258774976908 
6.5 1000.0 9.594142653115718 6.725611926468485 4.146623538853647 21.613802863802867 0.0 3.7260144300071345 
7.0 1000.0 10.063423707273978 6.716617881111851 4.419499047731194 22.195141378229614 0.0 3.8194280728848993 
7.5 1000.0 10.2688855762057 6.661270660445505 4.924144834791971 22.57389389506262 0.0 4.284265445755783 
8.0 1000.0 10.798116307749062 6.457733847559389 5.356872033653705 27.26333182641232 0.0 4.527754533615705 
8.5 1000.0 10.973340712986106 7.43313736877456 4.84647496266887 23.246665159745653 0.0 4.191880030034317 
9.0 1000.0 11.021324238303798 8.440427605445056 4.655988880108295 23.103285603285602 0.0 4.253145057923609 
9.5 1000.0 11.307069669646621 7.001532014734492 5.673118500073161 28.58353533721181 0.0 4.838959339585649 
10.0 1000.0 11.813536147269234 7.82841783190503 5.465317339820679 28.58353533721181 0.0 4.614424647610855 
10.5 1000.0 12.34942560133771 7.037194552907496 6.515484652979248 24.853467080099875 0.0 5.5749381210596285 
11.0 1000.0 12.609797134683841 6.903225641506756 6.857965100017441 27.990244974996283 0.0 6.176157744200815 
11.5 1000.0 12.999054461870585 7.4417380685048204 6.822846139308762 27.65225001130944 0.0 5.812593763676989 
12.0 1000.0 13.120206518244316 7.308423365085868 6.919703580265588 28.062037446096873 0.0 5.886561671854135 
12.5 1000.0 13.242832861629072 7.758506534529772 6.903114390750651 32.98822792228735 0.0 6.157085041000934 
13.0 1000.0 13.728228558348329 7.495566975349175 7.46684031930324 32.525765209424506 0.0 6.932363627247006 
13.5 1000.0 13.904644369847098 6.182138611388612 8.584691872877263 38.363489781258664 0.0 7.507077294120458 
14.0 1000.0 13.808270295275618 6.280569923042214 8.609522923942102 38.363489781258664 0.0 8.231762426697827 
14.5 1000.0 13.767264972065382 6.596624773407676 8.164536564308053 37.05356004508345 0.0 8.207330011843064 
15.0 1000.0 13.752255822533607 5.60632654012654 8.83159480577259 36.227378961494004 0.0 8.121926271478022 
15.5 1000.0 13.689907958722696 5.958810120108649 8.897096361659628 36.227378961494004 0.0 7.984647238784335 
16.0 1000.0 13.805699880025738 6.500652658146209 8.584423333927296 30.63067853625349 0.0 7.671347785609822 
16.5 1000.0 14.011122822843245 6.860324326327268 8.445450148890066 29.821929357766564 0.0 7.691591818751966 
17.0 1000.0 14.315588590480065 7.018525795891565 8.496636634142927 27.475493375441914 0.0 7.219294462666541 
17.5 1000.0 14.230759046210663 6.901029056349567 8.633695212002136 31.381187558044914 0.0 7.254102045453586 
18.0 1000.0 14.487894193573217 6.740370424783933 8.832779801616821 36.734839449624396 0.0 7.496254646712391 
18.5 1000.0 14.680456259757918 6.395765599533877 9.376880843061649 36.734839449624396 0.0 7.918944047654748 
19.0 1000.0 14.585392730901864 6.555500801018583 9.323718530557795 34.17977775695609 0.0 8.02827876964163 
19.5 1000.0 14.671431500253702 7.391678615131821 8.683877988030915 31.016624432753098 0.0 7.18821183365016 
20.0 1000.0 15.02443695362833 6.940116508404848 9.434961500819353 35.84896783017803 0.0 7.609481310266436 
20.5 1000.0 15.197191599432696 7.056992594242503 9.554518044549802 32.87972860010546 0.0 7.898382833414965 
21.0 1000.0 15.32395347909981 6.7980919108220865 9.742315639584914 31.392281081243244 0.0 8.261114494548936 
21.5 1000.0 15.39185273423274 6.470421809975272 10.018526792424241 35.389566141395015 0.0 8.825360301153626 
22.0 1000.0 15.373904605652736 6.125523785802 10.314746943489068 36.57055633564073 0.0 9.141336063061239 
22.5 1000.0 15.428407008801496 7.018345912861277 9.585817288301527 36.57055633564073 0.0 8.634898938650299 
23.0 1000.0 15.241744073493251 6.36179058209398 10.22447637090708 35.04237292383933 0.0 9.460822911830826 
23.5 1000.0 15.519706255415429 6.475798210269263 10.290568938535541 34.38708222613695 0.0 9.411596422227499 
24.0 1000.0 15.949972537268692 6.829272006256258 10.464238567781383 32.110755756129045 0.0 9.0615660917301 
24.5 1000.0 15.862030147109694 7.3896110655362195 9.776854095245806 32.333529330243564 0.0 8.81993007692571 
25.0 1000.0 16.105232996452614 6.907125916094569 10.393760438592517 34.26843160405754 0.0 9.114864637941004 
25.5 1000.0 16.251617770136694 7.303934803663828 10.164059139878065 38.17664438841481 0.0 9.088464403277827 
26.0 1000.0 16.528472916741798 7.1620234763086925 10.320069371027108 36.12715768582334 0.0 9.134747026325396 
26.5 1000.0 16.9433159583866 7.37820157850667 10.794051720087916 32.323568318189345 0.0 9.142909235493718 
27.0 1000.0 16.87714341467514 7.056509266635466 10.941307087865795 33.33504394170777 0.0 9.337789905181571 
27.5 1000.0 17.374313455899678 6.544596256280326 11.739405210089313 34.39010928525095 0.0 9.929534344022636 
28.0 1000.0 17.456995541782593 6.9856422854774936 11.63647156411558 37.67326325012377 0.0 9.72426525358896 
28.5 1000.0 17.697541312444176 6.750726135840797 11.946707493809964 38.03059667705236 0.0 10.060313037229797 
29.0 1000.0 18.133548398886 7.299185987276286 12.01988220427999 38.18500417998544 0.0 10.063126798189797 
29.5 1000.0 18.39501558279143 6.1863453241087445 13.065690377592881 40.210312688666825 0.0 10.79690972881558 
30.0 1000.0 18.6142959238892 5.997343757823144 13.534244241464297 37.68407474748699 0.0 11.323631202935209 
30.5 1000.0 18.79260001843327 5.950381565178065 13.817243817438735 39.013922157361215 0.0 11.376085219242514 
31.0 1000.0 18.968141053528797 6.487352698136058 13.410852617231692 42.48063939505773 0.0 10.968746765534508 
31.5 1000.0 18.819814403865283 6.212938927572703 13.46545791931657 42.48063939505773 0.0 11.303008599314959 
32.0 1000.0 18.79127369806668 6.484767306763994 13.295621074846506 39.30315507974009 0.0 10.981543647589518 
32.5 1000.0 18.583247584415208 7.07395612539876 12.884421873996368 36.327241563478886 0.0 10.62885781512271 
33.0 1000.0 18.030682283360346 6.477898877411954 12.613111093791229 40.22246106321449 0.0 11.196683694649721 
33.5 1000.0 17.894125082013367 5.736100143483967 13.227247804878738 42.25788488296734 0.0 11.597932612454885 
34.0 1000.0 17.94649389273046 6.3714164834272085 12.621257652193803 42.7557571176146 0.0 10.511456010841261 
34.5 1000.0 18.07391948593275 5.128876989676989 13.693128432541695 42.58863972669104 0.0 11.837573030112756 
35.0 1000.0 17.870439181674968 5.476993947284525 13.517865407958519 42.379069973922746 0.0 11.986530431615849 
35.5 1000.0 17.660198142933137 5.9150879529218034 12.738827906326145 46.38369462500054 0.0 11.75654211062413 
36.0 1000.0 17.534754666283963 5.983023809034103 12.94610752927065 43.55457961326377 0.0 12.123312173831962 
36.5 1000.0 17.352510095525567 5.763370473970474 12.679081574047045 47.15082520620777 0.0 12.14702617294986 
37.0 1000.0 17.305940748860582 6.494865271278429 12.145545776400985 39.72813305973369 0.0 11.481741548262802 
37.5 1000.0 17.491527426501253 6.326670377420997 12.355857828377909 42.73698512957647 0.0 11.89792626306633 
38.0 1000.0 18.251867434322413 6.364111938061939 12.882777829482809 41.65629153151539 0.0 12.226063453144391 
38.5 1000.0 18.4820476900284 6.063678014469191 13.274593766174476 44.64344734786147 0.0 12.412379150683746 
39.0 1000.0 18.612713487943022 6.551874369421428 13.280714797744333 48.86935192607616 0.0 12.209578862777418 
39.5 1000.0 18.81072502424147 6.40307844932845 13.63267268050677 48.86935192607616 0.0 12.324932520005648 
40.0 1000.0 19.186963858196695 6.284609744340626 13.896967730304977 48.785194661436435 0.0 12.299522235211114 
40.5 1000.0 19.109601623167944 5.9895989860704395 14.184074682682501 47.50801810761082 0.0 12.418775960157399 
41.0 1000.0 19.131273364018718 6.571377026602568 13.654760223890872 44.06936648488252 0.0 11.906139591851408 
41.5 1000.0 19.24115783685053 5.81733436053111 14.476604604015252 46.63499496538585 0.0 12.761590978989958 
42.0 1000.0 18.892395570947432 5.777044302373865 14.248886067743376 45.48024980331098 0.0 13.021313008333097 
42.5 1000.0 18.747272220139298 6.99996769573631 13.12893978113598 43.34253147229517 0.0 11.785383743257617 
43.0 1000.0 18.854594056427732 6.391745126983439 13.525166740829677 42.45233282238773 0.0 12.411217896012884 
43.5 1000.0 18.908498620528526 6.475402617927308 13.565934474225912 44.053463590052964 0.0 12.67106153629993 
44.0 1000.0 18.902962354253876 6.175297206328243 13.91204193193454 46.72856350542078 0.0 12.927272046355004 
44.5 1000.0 19.40404688756142 6.603755366671587 14.022062772971983 49.73293872492123 0.0 12.49488198417635 
45.0 1000.0 19.19800342879919 5.908743978243978 14.455482893778656 46.30067886211405 0.0 12.992518453228058 
45.5 1000.0 19.07349986083477 5.976943508323462 14.368097468344214 49.716078916028856 0.0 13.174459754134968 
46.0 1000.0 19.48184291250115 6.1269899115418465 14.553168777889631 48.1643711230032 0.0 12.84421696708534 
46.5 1000.0 19.249952701333257 5.740453463541606 14.680247562404235 48.43604798410501 0.0 13.382930865561772 
47.0 1000.0 19.126784700982462 5.56611752789694 14.536271693728278 47.998081454613 0.0 13.315048800916253 
47.5 1000.0 19.3058745362852 5.808365750692376 14.442463092886838 48.54009924472549 0.0 12.927496315430346 
48.0 1000.0 19.688239992801208 5.376518237318237 15.054054716965933 43.45051876377367 0.0 13.198564582514583 
48.5 1000.0 19.48440310274303 5.623349544899545 14.837116442181369 44.58272516251306 0.0 13.155100929029233 
49.0 1000.0 18.819906231394576 5.51081272061272 14.535955475580042 46.26773379797232 0.0 13.183563413116241 
49.5 1000.0 18.853694167962548 5.842402881269058 14.234012760481143 44.807457052593044 0.0 13.05197533889723 
50.0 1000.0 18.734230870093835 5.801495144312172 13.988162834122242 42.633287698980055 0.0 13.11531355277614 
#####################################################################
# End of data export. Simulation finished at: 2020-02-19T23:12+0000 #
#####################################################################
