#####################################################################
# Alchemist log file - simulation started at: 2020-02-19T16:57+0000 #
#####################################################################
# seed = 1.0, speed = 1, meanNeighbors = 5, nodeCount = 200
#
# The columns have the following meaning: 
# time nodes org:protelis:armonicCentralityHLL[Mean] harmonicCentrality[Mean] msqer@harmonicCentrality[Mean] msqer@harmonicCentrality[Max] msqer@harmonicCentrality[Min] msqer@harmonicCentrality[StandardDeviation] 
0.0 200.0 NaN NaN 0.0 0.0 0.0 0.0 
0.5 200.0 1.2810457516339868 24.10473653909543 23.451403205762098 35.0813233936686 0.0 8.157392518192253 
1.0 200.0 3.13775 24.058876426036782 20.921126426036786 33.49676479351403 0.0 7.887098972109747 
1.5 200.0 6.628095238095238 24.099759155994963 17.475830584566395 30.425527100178808 0.0 7.312819269648349 
2.0 200.0 9.405833333333334 23.61683817280273 14.442528648993205 25.927047788812494 0.0 6.077007768394707 
2.5 200.0 11.48781222943723 24.092415063297157 12.730293310050405 22.216658178422886 0.0 5.5009426408903845 
3.0 200.0 13.296405289155288 23.882047698788202 10.673642409632913 17.26703944919889 0.0 4.7048322100747795 
3.5 200.0 14.975683302808303 26.296010657147576 11.412160687672607 21.38788069945191 0.0 3.877981470862819 
4.0 200.0 16.34850491175491 26.34832502807712 10.01982011632221 21.46129339786461 0.0 3.8338894085166952 
4.5 200.0 17.86468874793507 26.503164281166978 8.638475533231905 18.29506781058639 0.0 4.126801361647201 
5.0 200.0 19.201877981495628 26.365562426737846 7.163684445242219 17.526068715426298 0.0 3.853514232869082 
5.5 200.0 20.795810654215067 26.78381050228656 6.221976038547684 17.364285714285717 0.0 3.280676426862642 
6.0 200.0 21.69071993284493 27.532354591895967 5.846634659051035 15.014525812165134 0.0 3.1390240914396834 
6.5 200.0 22.848215997603187 27.656125196912388 4.8129091993092015 23.499713981409027 0.0 3.122317059547515 
7.0 200.0 23.86483394845179 27.791713036618265 3.936251576788963 23.4945435799151 0.0 2.6745141442542795 
7.5 200.0 24.85613589259468 28.157679988564478 3.3610627456208038 24.572073205432343 0.0 3.0189312052218966 
8.0 200.0 25.79574415954273 28.132810640806973 2.4780328443645088 24.40540653876568 0.0 2.82481944687218 
8.5 200.0 26.542024386861847 28.094497996592928 1.7662633441923394 24.543116927791853 0.0 2.4902242286453293 
9.0 200.0 27.10210788693161 28.09084881940086 1.288998624656292 20.44358969633737 0.0 1.7823181642916464 
9.5 200.0 27.58399599455207 28.53763707067151 1.2333709418568968 20.429262008874005 0.0 2.2602136242678066 
10.0 200.0 27.778788312541284 28.28307636588147 1.3122421513017206 22.059140532669947 0.0 2.655992161755288 
10.5 200.0 27.93889202267349 28.414999947373936 1.0653426294970052 21.615787003487235 0.0 2.2851678425991504 
11.0 200.0 28.258541116771422 28.533719004591752 0.9266863954708261 17.678851991698945 0.0 1.8048017459816625 
11.5 200.0 28.463069420961137 28.295020230466875 1.3404196731061295 25.838201809370545 0.0 2.8390336715092737 
12.0 200.0 28.73027678514483 25.943528790881782 3.3562128992420046 19.56418593028253 0.0 2.7613530813753977 
12.5 200.0 28.8368734879804 25.88944399705833 3.453222349969691 19.57392600109645 0.0 2.6733218994199324 
13.0 200.0 28.980050796056744 25.786318549091142 3.4624112251973647 13.882055378498823 0.0 2.66133575875329 
13.5 200.0 28.900811628535386 25.846059850445446 3.2195790367705017 12.125885849735923 0.0 2.380198769825083 
14.0 200.0 28.801679038920728 25.78422801179565 3.0731842084324112 9.744594235544067 0.0 2.051309508328267 
14.5 200.0 28.735708274133398 25.780346883120405 2.978705903171766 8.677731189615802 0.0 1.8466605049015343 
15.0 200.0 28.598621315780395 25.345759160548113 3.6121055425880906 18.0237763270189 0.0 2.1802645466554647 
15.5 200.0 28.41389994055689 25.338703048021625 3.634470219170652 21.003881705470846 0.0 2.410955544773107 
16.0 200.0 28.45449909260883 24.313161231568174 4.348271528414129 22.919724096852583 0.0 3.037806130045132 
16.5 200.0 28.272042566743057 24.425075937325936 4.0559225578628535 22.493121369514554 0.0 2.5724238093396132 
17.0 200.0 27.92199306251174 24.55014206762158 3.680551370797722 22.493121369514554 0.0 2.4790708192246775 
17.5 200.0 27.463183185290912 24.217438233831935 3.5570750153806916 18.8188869622996 0.0 2.1207222578331777 
18.0 200.0 27.395860783132978 23.250658645071095 4.145202138061883 24.616501485270835 0.0 2.882986335784349 
18.5 200.0 27.050391405411865 24.496857932854226 2.8550844049462465 24.616501485270835 0.0 3.1821003183452166 
19.0 200.0 26.70954518947927 24.66611278380885 2.320303412299863 20.413647072741504 0.0 2.631593685208377 
19.5 200.0 26.379571222066435 23.100005755388565 3.9293567489962222 23.569371336699373 0.0 4.433347222181559 
20.0 200.0 26.120867528725256 23.09334009720752 3.7321870846363896 23.50551852284656 0.0 4.294699404326572 
20.5 200.0 26.096639136419586 23.238975123777028 3.6407457728259134 22.683503188418044 0.0 4.278359416548861 
21.0 200.0 26.078138838088858 23.19060925883721 3.4952273921272905 22.683503188418044 0.0 4.300456027716508 
21.5 200.0 26.048324137101325 23.073581587777902 3.556317963703664 21.316171135831162 0.0 3.8118478390859085 
22.0 200.0 26.08489307331871 23.494512142386352 3.297196412293451 23.03563511974233 0.0 3.6441579020875112 
22.5 200.0 25.962402107543575 23.252239443371774 3.080012371274098 14.802913279792405 0.0 3.0350523737036745 
23.0 200.0 25.828146963644933 23.06305961176982 2.9684437872092744 14.802913279792405 0.0 2.79645345273852 
23.5 200.0 25.676657800653576 22.987331494192738 2.76554043927393 13.54315567413696 0.0 2.362284843448552 
24.0 200.0 25.53528713172238 22.91724752606414 2.6681798325266084 13.54315567413696 0.0 2.0103967379140495 
24.5 200.0 25.309525682974353 22.88818740807784 2.4545883672332436 11.617443541810886 0.0 1.4133456030155338 
25.0 200.0 25.16262252271853 22.30580527647087 2.8587629852088914 24.697045128933677 0.0 3.017526495876087 
25.5 200.0 24.977510889233223 22.236852289973463 2.742604338220994 22.676267806840556 0.0 2.7560969102320216 
26.0 200.0 24.877587878254595 22.531951040499443 2.347957912332995 22.676267806840556 0.0 2.7557073997848383 
26.5 200.0 24.591131175843945 23.011589646243998 2.3614973399791905 20.230553429124658 0.0 2.794374828054902 
27.0 200.0 24.70586823251898 23.751621054109915 2.328388844602873 22.490774332381548 0.0 3.018736607655008 
27.5 200.0 24.618722999942623 23.735838826956126 2.205247289968718 22.932173416389325 0.0 3.0313297215258297 
28.0 200.0 24.710775056549643 23.42061714552732 2.2385023357739326 22.812765046980953 0.0 3.0300127161173815 
28.5 200.0 25.08117900001306 23.293088502797705 1.8602030659168936 22.96066851628502 0.0 1.991976061741053 
29.0 200.0 24.89182855878601 23.274007462352717 1.7089764063360593 22.96066851628502 0.0 1.9546206347644033 
29.5 200.0 24.732240614964745 23.126223224944294 1.6910986098207277 15.80734063439598 0.0 1.3103928351041387 
30.0 200.0 24.533808285470023 22.00647649649714 2.5969894658840085 15.193307881949695 0.0 2.9022903720536934 
30.5 200.0 24.547519422281454 20.64521188688734 4.092348489493178 22.37696023876364 0.0 4.268984741252696 
31.0 200.0 24.35672669890397 20.7206644311255 3.823115711723732 19.662320008254856 0.0 4.090009063078085 
31.5 200.0 24.054283551834104 17.49706525058899 6.557218301245116 17.316642619319623 0.0 3.892912811282627 
32.0 200.0 23.50921853305163 18.03820635947935 5.511029796933197 17.316642619319623 0.0 3.82810880457633 
32.5 200.0 23.24157666940295 17.65209604569874 5.603956146944447 14.278642168169696 0.0 3.6208373480813316 
33.0 200.0 23.155506110277205 17.63809604569874 5.517410064578465 14.04821922685531 0.0 3.4712753004996983 
33.5 200.0 22.881430518849776 17.456052984472713 5.425377534377062 22.039441319139122 0.0 3.538774805597461 
34.0 200.0 22.817156543869185 17.610091323842322 5.252231886693529 22.039441319139122 0.0 3.429294878269698 
34.5 200.0 22.660132589341345 16.974283367952935 5.750015888055077 22.00950794262646 0.0 3.4608479991282493 
35.0 200.0 22.43747503736298 13.440428426965191 9.023879943731123 22.00950794262646 0.0 4.881085306502849 
35.5 200.0 22.247896378112323 14.179778716424615 8.83573272803691 18.50940284390681 0.0 4.384351950700482 
36.0 200.0 22.06801739541376 14.818458148104046 8.41404731157603 17.069223650670683 0.0 3.7809478991911023 
36.5 200.0 22.158284126440126 16.991443195736153 6.431236349327804 15.983484141616792 0.0 3.7915688719178577 
37.0 200.0 22.16876680951057 22.49394936635446 3.8000985566549415 26.28223720723721 0.0 4.737747683332791 
37.5 200.0 22.225073219424345 22.463337310485343 3.452827679389169 16.760940316944428 0.0 4.276611793523228 
38.0 200.0 22.411045800735398 25.080927970943662 2.9108749942061336 16.886388302100375 0.0 4.132868431097131 
38.5 200.0 22.689450086105747 25.14003201514449 2.726363644597357 16.864368655080725 0.0 4.1498175101271135 
39.0 200.0 23.021008838884413 24.358410973266416 2.1413851376219757 16.251670242382318 0.0 3.554807522753015 
39.5 200.0 23.632571787599968 23.892673308334643 1.7645823753272065 22.124315565270887 0.0 3.0887180428846976 
40.0 200.0 24.214669235647207 24.050543502462258 1.6415475426475503 22.124315565270887 0.0 3.2827600101867045 
40.5 200.0 24.30438657301806 23.974650339001844 1.6133027094917158 18.224392379595184 0.0 3.129516684947407 
41.0 200.0 24.298995187439566 24.06274969167787 1.19301425982133 15.684584487784733 0.0 2.089093630818876 
41.5 200.0 24.50812709233289 23.43213692451527 1.5307347332207009 17.52076742809446 0.0 2.781278447680623 
42.0 200.0 24.582290942983537 23.66270555421977 1.1007016447879716 17.52076742809446 0.0 2.1367108205148164 
42.5 200.0 24.662602871355446 23.793915498192966 1.0904003547600134 15.130253617099768 0.0 2.0333797711944337 
43.0 200.0 24.699718828747535 23.750588943884367 1.0638301594132682 15.12267785952401 0.0 1.771476692952678 
43.5 200.0 24.583020979641024 17.51697177886613 7.066049200774896 18.562617005325844 0.0 3.2552671928562362 
44.0 200.0 24.54389150411655 23.170289379144297 1.4005002671997255 18.781872136739885 0.0 2.0211674391149135 
44.5 200.0 24.503999773739736 17.21000688681243 7.293992886927306 18.781872136739885 0.0 3.5177867326214813 
45.0 200.0 24.307016326366366 23.45096725098061 1.4468654756528267 16.315251358361802 0.0 2.145667817479274 
45.5 200.0 24.23425743500376 17.207128629704748 7.370721320496082 18.251040054716526 0.0 3.3641263877514933 
46.0 200.0 24.24761195612729 17.258056623455364 7.378265953191759 19.496768666714157 0.0 3.465420761241569 
46.5 200.0 24.274898638504567 24.11734370375828 1.4456080295023903 18.590131879868387 0.0 2.6683443770956137 
47.0 200.0 24.439396445914454 21.22984543178143 3.6416841100374584 18.590131879868387 0.0 3.244267858589137 
47.5 200.0 24.342665780617278 21.054531561123827 3.6729279976253144 15.93147235913457 0.0 3.0676635293746424 
48.0 200.0 24.19253323742416 20.837581426094985 3.5739002730215508 16.993735599752537 0.0 2.9416838094321576 
48.5 200.0 24.181486505255506 20.672965753373 3.655827591198342 14.43504274515103 0.0 2.5397144113274184 
49.0 200.0 24.24536373246298 17.06639839198469 7.178965340478288 15.213725979902451 0.0 3.0846247687362967 
49.5 200.0 24.109957928791435 21.4153785585715 3.3085559626228926 10.429893880478108 0.0 2.157603714142362 
50.0 200.0 24.01566478690209 15.771583372509843 8.244081414392248 23.10246885467474 0.0 4.157015258784053 
#####################################################################
# End of data export. Simulation finished at: 2020-02-19T16:57+0000 #
#####################################################################
