#####################################################################
# Alchemist log file - simulation started at: 2020-02-20T09:28+0000 #
#####################################################################
# seed = 7.0, speed = 5, meanNeighbors = 2, nodeCount = 500
#
# The columns have the following meaning: 
# time nodes org:protelis:armonicCentralityHLL[Mean] harmonicCentrality[Mean] msqer@harmonicCentrality[Mean] msqer@harmonicCentrality[Max] msqer@harmonicCentrality[Min] msqer@harmonicCentrality[StandardDeviation] 
0.0 500.0 NaN NaN 0.0 0.0 0.0 0.0 
0.5 500.0 0.4888059701492538 2.6465095238095238 2.404509523809524 9.616666666666665 0.0 1.9749394043657011 
1.0 500.0 0.9853999999999998 2.877620634920635 2.0082206349206353 8.713095238095237 0.0 1.9880780560778781 
1.5 500.0 1.9806333333333335 2.8407255411255417 1.3159588744588746 6.916666666666666 0.0 1.4129704593873453 
2.0 500.0 2.5141666666666667 2.863462481962482 1.1992875901875901 6.383333333333333 0.0 1.260231543548347 
2.5 500.0 2.8622666666666667 3.0626174603174605 1.171285714285714 6.333333333333333 0.0 1.2260772774030197 
3.0 500.0 3.0636071428571428 3.0687750360750363 1.172386940836941 6.9718253968253965 0.0 1.2176252846343194 
3.5 500.0 3.2230119047619046 3.025747619047619 1.2366595238095237 8.833333333333334 0.0 1.2896283282958052 
4.0 500.0 3.320289682539683 3.1712857142857147 1.2398563492063492 8.0 0.0 1.3202261947797704 
4.5 500.0 3.495468253968254 3.1305666666666667 1.1772047619047619 6.49404761904762 0.0 1.1884324401999724 
5.0 500.0 3.5492611832611836 3.2022857142857144 1.3809277056277056 6.8047619047619055 0.0 1.4655073044215967 
5.5 500.0 3.6870643578643576 3.145749206349206 1.5440183261183262 8.152380952380952 0.0 1.592094811841878 
6.0 500.0 3.7420207792207796 3.0854523809523813 1.503476334776335 6.733333333333333 0.0 1.4795394855241972 
6.5 500.0 3.6514758297258294 3.096456687756688 1.4799100066600064 6.9869047619047615 0.0 1.4774144960201037 
7.0 500.0 3.6829424464424463 2.907252380952381 1.4884121434121431 9.307539682539682 0.0 1.6026005512743327 
7.5 500.0 3.632344910644911 3.109773015873016 1.5661467532467535 9.1488455988456 0.0 1.6076283161750105 
8.0 500.0 3.7460100455100456 3.0155365079365084 1.7238232878232878 10.232972582972584 0.0 1.794680947934618 
8.5 500.0 3.8166598124098123 3.268298556998557 1.5828002830502832 10.232972582972584 0.0 1.7278015224626007 
9.0 500.0 3.865070451770452 3.197714285714286 1.5579200466200465 9.490451215451218 0.0 1.7571793723592333 
9.5 500.0 3.9422102092352094 3.259420634920635 1.5510424436674435 9.476634476634477 0.0 1.8311888329771417 
10.0 500.0 4.13329968054821 3.4694666666666665 1.58775382085235 10.476634476634477 0.0 1.866903633477205 
10.5 500.0 4.287287581536111 3.3953206349206346 1.7087997582482877 9.668981018981018 0.0 1.8643961812546421 
11.0 500.0 4.318583394538038 2.9632998556998555 2.0877147076693516 12.794261702349939 0.0 2.3372868691289814 
11.5 500.0 4.196568471423657 3.151442446442447 1.8585859284764084 15.627595035683273 0.0 2.187749222427131 
12.0 500.0 4.051789590225735 2.864028571428572 1.9489149870511326 10.12852645720293 0.0 2.1178682210330297 
12.5 500.0 4.023429878875854 2.943819047619048 1.7847108312568063 11.831483179702992 0.0 2.1577259228048455 
13.0 500.0 3.924847246501348 3.072803318903319 1.7329408972949993 10.570047028135264 0.0 2.0143411772302064 
13.5 500.0 3.9099330406917527 3.1301396825396828 1.6823121583061649 12.373990771010897 0.0 2.0224287069353033 
14.0 500.0 3.8948612697206926 2.8289809523809524 1.8472993649587872 11.746050191638425 0.0 2.0575834068964576 
14.5 500.0 3.78614879398992 2.9300761904761905 1.6536853019264277 8.26031746031746 0.0 1.7906281942708087 
15.0 500.0 3.767081782431684 2.886769841269841 1.6398833697332713 8.045020735646997 0.0 1.8270998279703796 
15.5 500.0 3.683488190057501 2.9620682539682535 1.553144245113556 8.60987829250213 0.0 1.716985028022132 
16.0 500.0 3.577169336828101 3.041857142857143 1.5846469703057346 8.60987829250213 0.0 1.7173028575562979 
16.5 500.0 3.611332048942468 3.1832320346320344 1.575356657667076 9.428551061343493 0.0 1.7353700990801093 
17.0 500.0 3.791389827144907 3.01379879009879 1.798093334748414 12.161311173346778 0.0 1.892199430937023 
17.5 500.0 3.8726649520831358 2.9345079365079365 1.6985372575554414 12.24464450668011 0.0 1.8613234038214383 
18.0 500.0 3.7042939674183186 2.9260481962481957 1.63255592441557 12.219712859380042 0.0 2.0118551781714338 
18.5 500.0 3.5580871627770234 2.9461463203463203 1.6409699910598516 12.219712859380042 0.0 1.9825053310941054 
19.0 500.0 3.5416876875114087 2.7672875901875904 1.599581626905348 9.83328466768869 0.0 1.9034998507116756 
19.5 500.0 3.4900774832520796 2.7652768564768566 1.5352922129668092 10.017588198059995 0.0 1.732897542537548 
20.0 500.0 3.3639622379057506 2.7197412698412697 1.4798177934613062 8.298820623820621 0.0 1.692328038345881 
20.5 500.0 3.2770022666621608 2.963644733044733 1.4343146764745702 7.4 0.0 1.5580769198184485 
21.0 500.0 3.2251470259402883 2.7855193362193362 1.3709299652232274 7.791280941280941 0.0 1.5343518009236599 
21.5 500.0 3.3087685427060034 2.4372000000000003 1.4948828284202897 10.738329154505625 0.0 1.6610831744490355 
22.0 500.0 3.3459845923512335 2.596909523809524 1.5038941161607569 10.655031896208365 0.0 1.6759963248553844 
22.5 500.0 3.245537094432915 2.4762222222222223 1.4701259833218039 8.649667244520185 0.0 1.6116014013383642 
23.0 500.0 3.2240143142633078 2.3405333333333327 1.516361933310927 8.127363322951558 0.0 1.5872161477982225 
23.5 500.0 3.218676606838294 2.3823190476190472 1.4091398103014976 9.077691752691754 0.0 1.5269984812374402 
24.0 500.0 3.1340241540451297 2.45557619047619 1.4394003445213197 9.362728933433267 0.0 1.5865981935015763 
24.5 500.0 2.987316310959422 2.446715873015873 1.3419274220705335 9.06933791183017 0.0 1.5742708158512613 
25.0 500.0 2.924891109377454 2.6055779220779223 1.3275103012966452 8.449670079662338 0.0 1.527802468562026 
25.5 500.0 3.0004348939920553 2.692844744144744 1.2834942235513844 8.449670079662338 0.0 1.3627929021192464 
26.0 500.0 3.036228694985112 2.7454116106116104 1.2808122780686955 7.117738590958403 0.0 1.3366431093336486 
26.5 500.0 3.092651567167969 2.4528142857142856 1.3302199210363228 6.5 0.0 1.3868108982609206 
27.0 500.0 3.1806351224522174 2.5881793650793647 1.385409031876127 7.510618810154412 0.0 1.3934992262920929 
27.5 500.0 3.21025042326603 2.747407936507937 1.3511068723724786 7.510618810154412 0.0 1.4120184810784273 
28.0 500.0 3.2810694863048138 2.7909428571428574 1.5035504386857663 7.1992063492063485 0.0 1.5207954806224624 
28.5 500.0 3.277018126587297 2.9509275613275614 1.4858155291846993 7.792857142857144 0.0 1.429516449143701 
29.0 500.0 3.274911417315205 2.848668253968254 1.3909495125533 8.325768675768677 0.0 1.3520709018081225 
29.5 500.0 3.3626111583549636 2.881690764790765 1.425149253593059 8.325768675768677 0.0 1.3984559354654091 
30.0 500.0 3.4210574925074924 2.8091968253968256 1.4395286324786325 6.946428571428571 0.0 1.3946467139251038 
30.5 500.0 3.372520527511704 2.9193603174603173 1.4999179301091066 8.183369408369408 0.0 1.4660460710943524 
31.0 500.0 3.3049344691256457 2.8828669552669552 1.4167158544070309 8.183369408369408 0.0 1.3749595194837705 
31.5 500.0 3.2537085581085585 2.917879653679654 1.3728193806193807 6.977380952380952 0.0 1.4029522657977416 
32.0 500.0 3.2373769286269285 2.859077777777778 1.4218814019314021 8.041677766677767 0.0 1.4844569669467627 
32.5 500.0 3.295500113775114 2.6474333333333337 1.5547168525918527 7.695956820956821 0.0 1.541420144901624 
33.0 500.0 3.250925859108212 2.9009031746031746 1.5990004622828151 7.7235171691054045 0.0 1.5624213960073354 
33.5 500.0 3.327563155635215 2.738028571428571 1.6289266476987065 7.7235171691054045 0.0 1.608730280325838 
34.0 500.0 3.482089890828126 2.9215809523809524 1.6150851289233643 7.124095349095349 0.0 1.5045010612295018 
34.5 500.0 3.4209201386848447 2.710052380952381 1.5822995037642096 7.541666666666668 0.0 1.6355455937836294 
35.0 500.0 3.3326473283596347 2.920038095238095 1.4538883207006268 7.583333333333334 0.0 1.5794427397126976 
35.5 500.0 3.264621157102272 3.172390476190476 1.2641257969069115 7.583333333333334 0.0 1.4352413710929888 
36.0 500.0 3.2212750030499255 3.3583761904761906 1.1889746811496038 7.466666666666667 0.0 1.3730834464396358 
36.5 500.0 3.342311976576915 3.143919624819625 1.229373071038009 7.805988455988459 0.0 1.3933266337791899 
37.0 500.0 3.468586885336885 2.7836285714285713 1.2506964091464092 6.829401154401154 0.0 1.297233873093537 
37.5 500.0 3.498249555999556 2.7971174603174607 1.4284479686979688 6.966666666666666 0.0 1.4307521801038836 
38.0 500.0 3.548008313908314 3.0391349206349205 1.3679257742257742 6.7 0.0 1.3848111948316626 
38.5 500.0 3.5278182373182374 3.208754578754579 1.355828427128427 7.719877344877346 0.0 1.4185215308442713 
39.0 500.0 3.4759447949109714 2.9156174603174603 1.3362316635978402 7.77900432900433 0.0 1.4320403466196132 
39.5 500.0 3.57099158390629 2.951886435786436 1.456880761395467 7.579845154845156 0.0 1.5834713428529337 
40.0 500.0 3.6816766979752273 3.1348689754689754 1.71283424043277 10.338095238095237 0.0 1.6803027864833684 
40.5 500.0 3.7160009546009545 3.1825619047619047 1.614043944943945 7.566666666666667 0.0 1.58002466436404 
41.0 500.0 3.7040044233544234 2.8151619047619048 1.6833304972804972 9.52421744921745 0.0 1.7765965478081296 
41.5 500.0 3.612486769602946 2.9147572871572875 1.5572086588248355 9.547431734931735 0.0 1.6786907031455474 
42.0 500.0 3.61520278022631 2.780274603174603 1.5426218278453572 9.064563622651857 0.0 1.6947096405674793 
42.5 500.0 3.565021463177345 2.8428492063492063 1.5945992409551235 8.019314427402662 0.0 1.7802730996723681 
43.0 500.0 3.5474856223841513 2.6326904761904766 1.6079081887067181 8.917038517038517 0.0 1.836798234049631 
43.5 500.0 3.4960751250727258 2.6837444444444443 1.5730466091442097 9.322965922965922 0.0 1.7749428004639025 
44.0 500.0 3.419914103577881 2.656888888888889 1.5359312752950522 11.137276612276613 0.0 1.6817313969144203 
44.5 500.0 3.232900708441885 2.989320634920635 1.239748671589848 8.533333333333333 0.0 1.3973514804258191 
45.0 500.0 3.1761312168223936 2.828871428571429 1.2312216930128694 7.566666666666668 0.0 1.3191110124392764 
45.5 500.0 3.229302153565389 2.822915873015873 1.3953639140271492 6.634559884559884 0.0 1.3707420299357567 
46.0 500.0 3.2753274091921147 2.8248444444444445 1.4369685347332406 7.618394513982748 0.0 1.451147846719505 
46.5 500.0 3.3397039191115043 2.8293809523809528 1.3118799208875058 7.758472388464647 0.0 1.3899480943685676 
47.0 500.0 3.3090952899353825 2.9744746031746034 1.2922919710320637 6.733333333333333 0.0 1.325873511795003 
47.5 500.0 3.336298875874727 2.9586122655122655 1.294342281488721 7.937734487734488 0.0 1.3304816528107222 
48.0 500.0 3.273940804161887 2.804981573981574 1.4315813103876875 6.946442648338934 0.0 1.4131086044204952 
48.5 500.0 3.3211952793392725 2.7753699855699856 1.4766968666408598 8.166666666666666 0.0 1.5688977012553118 
49.0 500.0 3.3635756495310676 2.748239682539683 1.4346675243229423 10.02579365079365 0.0 1.6890921626245545 
49.5 500.0 3.4288098881166995 2.9184222222222225 1.403324173830985 7.483333333333334 0.0 1.5095168870906965 
50.0 500.0 3.4066717837717837 2.90469595959596 1.3834032412032413 7.65 0.0 1.4130421063716507 
#####################################################################
# End of data export. Simulation finished at: 2020-02-20T09:29+0000 #
#####################################################################
