#####################################################################
# Alchemist log file - simulation started at: 2020-02-23T15:25+0000 #
#####################################################################
# seed = 13.0, speed = 10, meanNeighbors = 7, nodeCount = 5000
#
# The columns have the following meaning: 
# time nodes org:protelis:armonicCentralityHLL[Mean] harmonicCentrality[Mean] msqer@harmonicCentrality[Mean] msqer@harmonicCentrality[Max] msqer@harmonicCentrality[Min] msqer@harmonicCentrality[StandardDeviation] 
0.0 5000.0 NaN NaN 0.0 0.0 0.0 0.0 
0.5 5000.0 2.162136448782411 199.40298157782485 198.35866967306293 270.52218946755164 0.0 39.13483284654805 
1.0 5000.0 5.667325793650792 195.027217052838 189.38002459252056 257.8828271333125 0.0 33.520401932401015 
1.5 5000.0 13.976050043290044 193.98597117101608 180.10710334994826 253.94467458436426 0.0 35.74593969979196 
2.0 5000.0 24.971513226773226 195.9529361708199 171.17711024563397 245.03368038121127 0.0 33.74339475924168 
2.5 5000.0 36.31290415350989 192.35917198276084 156.3116570500302 233.55442459053384 1.0 30.683317013186162 
3.0 5000.0 49.607408769243314 193.36797920050998 144.23909101290724 244.5155839904267 0.3496031746031747 28.787733445759997 
3.5 5000.0 62.655961951120325 184.95992068009033 124.2288061882754 219.53790031296612 1.4833333333333325 31.140475850275873 
4.0 5000.0 76.78073743252078 193.71976136481317 117.49379528776697 208.12664114713425 0.0 24.702909824534718 
4.5 5000.0 90.35640698986919 192.41225279837568 103.31096000094803 224.44630872124253 9.408117332026578 23.597512869399004 
5.0 5000.0 104.7452732329461 186.49361107063038 84.08538361287145 214.83244352323842 1.0 23.668963352810085 
5.5 5000.0 118.43437543724731 188.19134077590996 71.8635349098783 190.58944491390602 0.0244672482563999 22.485088328808807 
6.0 5000.0 132.5977921975168 188.0746264987959 57.34463070180527 225.35784956279218 0.0 23.91096679146538 
6.5 5000.0 146.1397288530338 187.3183675273877 44.080244264641955 222.55254124257132 0.0013966727889282993 25.294429449834283 
7.0 5000.0 160.54921956265002 183.94987190309092 34.160661390308114 231.96713405273778 0.0 25.76400955420244 
7.5 5000.0 173.8314781611809 191.9371848397309 29.13964097697652 225.42074426350115 0.0 22.651155824651372 
8.0 5000.0 187.5491704760997 186.707556468013 27.94196257188369 219.3083204123575 0.0 21.670889205797224 
8.5 5000.0 200.13147312865073 190.17160702767865 30.970822132748534 282.30383551738026 0.0 26.335965533662044 
9.0 5000.0 212.35093137177938 187.558792609768 38.092937028606 281.25443760800385 0.0 30.994885483125298 
9.5 5000.0 223.51322043685505 188.05609219001957 45.17541255586863 225.42071131539106 9.499813507716226E-4 35.69765516210514 
10.0 5000.0 235.24991977646638 184.76684043784957 57.355223745646846 339.448872364296 0.0038702520985509636 44.27418460072187 
10.5 5000.0 244.93435440343944 179.38742583990992 69.41699952900639 299.0694730292911 0.009426535786531076 49.57297139238405 
11.0 5000.0 254.51812134552452 186.85935772937611 71.717311889473 361.29490071820715 0.003220932923397868 49.7857811408136 
11.5 5000.0 263.84599841785337 183.80688010055863 82.07263768481468 374.07516719384694 0.03798217739421261 50.05408871853044 
12.0 5000.0 273.2267072380801 187.19230343977046 87.86876217402572 370.41649536512733 0.02828047070363482 51.13657803262833 
12.5 5000.0 281.6039112342452 181.46369893178704 101.02095837933253 409.9883903104596 0.23891377484005716 50.13448841708312 
13.0 5000.0 289.8498866594823 180.71503426445966 109.72536558286497 409.9883903104596 0.030515626354542746 53.910881263001535 
13.5 5000.0 295.93951165514295 187.88625709930355 109.15628860349649 347.5903855073823 0.0805967682123594 51.71507717629317 
14.0 5000.0 302.2110247181035 184.58138450746804 118.79560488333922 415.02858988688115 0.18494284924275917 48.96601365347673 
14.5 5000.0 307.6346174785725 179.9089627236169 128.5768671884416 445.0321991143774 0.5625262828257149 47.68461233375373 
15.0 5000.0 312.78337016249947 184.2666024614989 129.0736391742832 405.311021667499 0.0 41.58352240445118 
15.5 5000.0 316.67443718146774 182.15588538319102 135.2747133358904 390.85654295129956 1.0 42.92520040876353 
16.0 5000.0 320.99399680139373 179.90137088299045 141.7488499994768 410.13559581234546 2.0 40.3929017361292 
16.5 5000.0 324.53382795149827 179.89876815732177 144.93779904842867 385.2154580265603 10.112777021670752 38.99167926663706 
17.0 5000.0 327.41403726087253 177.50399208443676 150.04474971359042 385.224004454373 21.514392933421647 33.88113774756509 
17.5 5000.0 329.4917526073352 176.77123205775703 153.13048996183105 384.2964658243128 0.0 36.339148780622004 
18.0 5000.0 331.2998025041633 175.6146204754407 156.48853019605016 377.13635033160153 49.27112847217583 31.835227561483133 
18.5 5000.0 332.5260243324414 176.49472896103384 156.7931362641346 391.20683619342987 40.782284020589884 32.858805822461505 
19.0 5000.0 333.7221940849502 179.01928629248502 155.40953347530822 376.00588579608655 0.0 30.17858423090794 
19.5 5000.0 334.1398554175379 176.6254563818869 158.1595523651895 390.45932938879355 55.31284981297094 28.24457400972469 
20.0 5000.0 334.8591802855349 180.29437516780553 154.98532196837246 379.3219016079361 79.75984242541449 27.15802233512545 
20.5 5000.0 335.5391054666053 179.55435194221678 156.36955963695513 368.7433174131697 1.5 26.736078011214687 
21.0 5000.0 335.7706350207498 179.43670604449338 156.55016435620692 379.35899809281 0.0 29.644545317143074 
21.5 5000.0 335.70552560031916 176.92957336154882 159.27405014037532 350.4305578443521 0.0 25.366218122998625 
22.0 5000.0 335.5821384433156 179.92531837119074 156.59397301766742 390.16231830959487 67.15856520005903 26.009258445438427 
22.5 5000.0 335.6265051356245 178.5302564880949 158.04542984965997 411.6073604689136 88.42929255888265 28.38970621104352 
23.0 5000.0 336.1959077897791 176.1861545308863 160.92896824667358 387.5015553943359 76.15411539193167 30.28043047645436 
23.5 5000.0 336.36526267595906 176.733695001775 160.33365128669337 380.54688486003846 2.0 28.046816855070098 
24.0 5000.0 336.1395781199591 177.26707076229525 159.55001409820375 387.31549339218134 0.0 29.024016401420024 
24.5 5000.0 336.0695182390935 176.48537262283816 160.15380810093274 399.77272224616706 83.14581529110419 27.920072723516345 
25.0 5000.0 335.69915082743694 176.01833483103317 160.440957363073 381.6870282957651 2.0 25.70356219911725 
25.5 5000.0 335.4753242770268 173.40553835551864 163.10403132492496 354.0649604625081 85.24924610074731 26.4622225696886 
26.0 5000.0 335.2455615250094 172.53594463123065 163.65705276852094 385.8495852438771 0.0 32.29066752674767 
26.5 5000.0 335.3004015606045 177.61885003672955 158.60458113749746 389.424036638983 84.07157912026716 26.394537508972952 
27.0 5000.0 335.15329894367625 175.19744315682516 160.64266043791713 373.49979618115736 92.7827693276013 27.50739182752797 
27.5 5000.0 334.5948344527633 171.91213647006143 163.310585716331 381.87578434083406 95.21077779211015 28.4684298277144 
28.0 5000.0 334.50167117170287 177.121188746246 158.07245666507512 375.22020107310396 88.35908863473293 25.25891974747329 
28.5 5000.0 334.633945292867 171.1526066363328 164.1387472998643 352.2728936630698 88.08442976679066 27.18342456517611 
29.0 5000.0 334.54382733878793 171.76198951957647 163.56853172694684 403.86424363031455 79.71342034265706 28.175984169678845 
29.5 5000.0 334.30564787440227 173.08615683493295 162.13995031902792 373.82495447042015 4.5 27.545283515828807 
30.0 5000.0 334.6543951366037 177.39990046657542 157.86175839828306 364.2066052594503 1.0 25.333062938113805 
30.5 5000.0 334.2802080783466 176.3104583881704 158.5321099358503 421.8476546329861 1.0 26.505583516485586 
31.0 5000.0 334.1503117976243 171.34146016576133 163.36565758629612 378.5328321866459 0.0 28.653423415073263 
31.5 5000.0 334.46658258891665 172.9627961856419 161.98298220684845 356.14341578972875 77.14218764939861 26.16060752312018 
32.0 5000.0 334.13369168948896 164.04262506416563 170.99326521038455 385.9459670004369 88.4023109137498 27.909620438446893 
32.5 5000.0 333.7805909039313 169.8529497468121 164.9974889122867 367.2110038407314 81.01504807012509 25.269016826902472 
33.0 5000.0 334.0021904283738 161.72201512246463 172.88575154303726 382.88651093590613 91.25653468337461 31.4447912463234 
33.5 5000.0 333.9792295440219 174.67319319548383 159.83196885853218 372.3003392056335 85.01897597605608 24.265373066428253 
34.0 5000.0 333.47388446357184 166.79867606615866 167.1784848871849 389.12438462228675 85.36507856922947 28.29653688526509 
34.5 5000.0 333.2929681685982 162.27777592678726 171.66765166729706 372.62670899204454 86.10279674087795 30.696108538935338 
35.0 5000.0 332.64382934989277 172.29994557065513 161.07121984144808 371.7080790916909 0.0 29.863727006273034 
35.5 5000.0 332.5711105414614 163.73782826795284 169.54018607573357 392.1288876446494 0.0 29.19205057253736 
36.0 5000.0 333.1528022837949 165.1010882647096 168.85099752657038 395.08704019656057 1.0 28.87900509921696 
36.5 5000.0 333.0883207521529 168.58748957206765 165.2609257804486 400.792118248001 6.661976911976912 31.014246146424867 
37.0 5000.0 333.0693224955533 161.73121863845066 171.86813740261178 386.0213736003729 0.0 31.51897774243686 
37.5 5000.0 332.86589354513313 168.4909356021529 165.14850482850386 396.14558131300475 0.0 28.439684543591998 
38.0 5000.0 332.7089867805566 169.75696874698406 163.7819045207037 396.14558131300475 1.0 26.457440914536562 
38.5 5000.0 332.2913349992381 167.98833999926404 165.02688676679924 390.6670406347218 2.5 25.741756768542633 
39.0 5000.0 331.5718486000482 166.00058846559386 166.57466244079853 384.4034975799265 2.0 28.62898425342735 
39.5 5000.0 331.49499578021965 168.5979425833737 163.7753962327827 384.7950909508773 3.0 26.083590377967205 
40.0 5000.0 331.3678009725427 165.56857321262416 166.41937288795833 365.43672105074296 88.88159440214457 26.59735103936612 
40.5 5000.0 331.4365788386743 165.90484496819155 165.91739130495355 367.97316324913373 1.0 28.189045945899004 
41.0 5000.0 331.1394088832197 167.797810654397 163.84448987590437 370.7961840719911 0.0 28.554198167660005 
41.5 5000.0 330.9714307933059 160.81753830987458 170.8267249973958 381.71276607683586 4.5 28.5289241602178 
42.0 5000.0 331.1446995734911 168.3698628447554 163.5005081283447 381.0318022436252 84.20657167324055 26.00560773100813 
42.5 5000.0 331.17156517000535 170.3293522326245 161.37180596037638 366.7794213983169 0.0 26.43547226236966 
43.0 5000.0 331.4569316818271 161.5986303260966 170.4077169881689 362.16183991589565 0.0 28.456280557704243 
43.5 5000.0 331.49788640972344 162.18418810620128 170.09979334966565 385.0083647236535 0.0 27.852423143321307 
44.0 5000.0 331.55805390495175 159.70253384415216 172.54009872747346 389.94457277155715 97.3150788872571 28.42457962511487 
44.5 5000.0 332.12353819585115 161.68721837372667 170.71393811798464 419.7175825551142 98.61883355235753 30.661371718606865 
45.0 5000.0 331.7187166167887 164.2326054120064 168.29349273047376 374.2222877114163 88.39521595683374 29.72645713814736 
45.5 5000.0 331.5279013520704 163.6566401571433 168.79867814551775 394.0770896947915 1.0 26.254023438638562 
46.0 5000.0 331.98767791025784 164.56269493862808 167.98501434310808 389.66697825976075 95.4902268784175 28.911239352360983 
46.5 5000.0 331.88686031371117 167.30944466953974 165.09240741256744 361.11470709172926 2.0 28.125594790486613 
47.0 5000.0 331.44336598881597 166.1791392169677 165.87073467298038 398.08702587772706 92.57547722985578 26.871476393311422 
47.5 5000.0 330.95801603423035 164.35891488287407 167.195007585303 385.2500316780575 1.0 25.785086972507855 
48.0 5000.0 330.1909230698608 163.68224238827534 167.19959658318342 370.53303362069266 1.5 28.949597584270926 
48.5 5000.0 329.24984285084366 166.3508121305566 163.67619558163005 363.0339756751302 1.0 27.07672443794096 
49.0 5000.0 328.37518922625327 167.9244862680437 161.73221551201897 374.20986462643367 0.0 25.417763777879127 
49.5 5000.0 327.7559856495259 149.753112142315 178.9802297580143 368.92718517203184 0.0 30.528370630675976 
50.0 5000.0 327.1018819715626 161.23570738414887 166.98046070855818 357.7183935221337 0.5 26.543175311200034 
#####################################################################
# End of data export. Simulation finished at: 2020-02-23T16:17+0000 #
#####################################################################
