#####################################################################
# Alchemist log file - simulation started at: 2020-02-20T07:23+0000 #
#####################################################################
# seed = 1.0, speed = 2, meanNeighbors = 7, nodeCount = 5000
#
# The columns have the following meaning: 
# time nodes org:protelis:armonicCentralityHLL[Mean] harmonicCentrality[Mean] msqer@harmonicCentrality[Mean] msqer@harmonicCentrality[Max] msqer@harmonicCentrality[Min] msqer@harmonicCentrality[StandardDeviation] 
0.0 5000.0 NaN NaN 0.0 0.0 0.0 0.0 
0.5 5000.0 2.117901304917659 197.55485854197997 196.49434282769425 247.69244525341028 0.0 32.04545369900307 
1.0 5000.0 5.308235476190477 196.74918063033437 191.44631182081056 244.71052799999148 0.0 33.48686508538855 
1.5 5000.0 12.231158073593074 198.33730392915896 186.1187658555659 243.5238571789344 0.0 29.578022813346163 
2.0 5000.0 19.533901074481076 196.59364187952022 177.10313859724695 231.7522004458546 0.0 30.39820818015978 
2.5 5000.0 26.379332485798514 196.5716289382602 170.2348329603982 225.4172610377672 0.0 29.131932541892642 
3.0 5000.0 33.52280959064156 197.24176032466553 163.89127523132407 235.82025025748408 0.0 29.53912032580253 
3.5 5000.0 41.00648159534954 197.85139733399464 157.080046452082 230.82804125314706 0.0 27.712345988753217 
4.0 5000.0 48.38087390263497 198.02087931477533 150.0197884945722 226.63968969656884 0.0 25.825501385840095 
4.5 5000.0 56.118914758580104 197.71208814323987 141.9658358177443 222.48820006709227 0.0 23.81867109121052 
5.0 5000.0 63.88783710532862 196.68640451014636 133.62709849396097 199.66554259097776 0.0 24.145931898094144 
5.5 5000.0 71.23895007512286 197.1291644644399 126.45913399062944 207.99606373862085 0.0 23.487290685422376 
6.0 5000.0 78.84316919373282 198.12480205618337 119.80995361019647 208.93654430699735 0.0 20.208938221510852 
6.5 5000.0 86.11351575801008 198.27919728254574 112.5881091578997 223.61326976363938 0.0 18.634174466766176 
7.0 5000.0 93.16394294778824 200.19861860830804 107.42267030555315 229.31566300358995 0.0 17.038067579224535 
7.5 5000.0 100.12480503534059 200.4243129272832 100.9285278561081 217.20624557773536 0.0 15.381934034883022 
8.0 5000.0 106.94440493143004 198.25814902998883 92.19230671643243 221.97258745550744 0.0 15.745183719651504 
8.5 5000.0 113.84203773146719 199.80470826060744 86.69489053270024 211.85191992822416 0.0 14.868860717073625 
9.0 5000.0 120.15358130307334 194.63227790411426 75.4101409262602 219.77149254101244 0.0 15.315168128935355 
9.5 5000.0 126.22294091089746 194.22840825386274 69.06947247659043 233.59130726557987 0.0 16.233863406926233 
10.0 5000.0 132.11353957422477 193.28729930018952 61.88637993973854 232.05424440793576 0.0 15.59575721014016 
10.5 5000.0 137.7991049033733 192.557649450987 57.37875191108634 187.25793128954177 0.0 15.853180170682085 
11.0 5000.0 143.0006824624345 195.231709887922 53.87323260503518 175.55120492027265 0.0 16.12520816066499 
11.5 5000.0 148.01483851166745 194.91798956790922 47.98684677736223 184.49204887221558 0.0 19.55248831831815 
12.0 5000.0 152.6895384701746 193.97997025994877 43.827405169258256 201.6266858037303 0.0 20.811124899722703 
12.5 5000.0 157.86755561298688 193.94457729492254 38.105050154780784 218.92609657433243 0.0 19.4369435038792 
13.0 5000.0 162.8982983681016 191.53870342072915 33.02154616696188 218.92609657433243 0.0 20.909056492001714 
13.5 5000.0 167.3165785952661 192.74845579171694 29.473104123611982 207.74370750716415 0.0 19.356477848559496 
14.0 5000.0 171.42673678431353 195.0650432236399 27.267014684486853 215.18067075859992 0.0 19.201414127490956 
14.5 5000.0 175.08114881716335 193.38124946535518 25.940682475030695 238.27779484072732 0.0 19.642674576266398 
15.0 5000.0 178.68447656281015 191.53680210995432 23.753935693081402 238.27779484072732 0.0 21.170366559338465 
15.5 5000.0 182.20970757353254 190.77238663988246 21.756257648330184 214.24540327858574 0.0 20.85226885696711 
16.0 5000.0 185.59579601876737 189.59398105146153 19.289432647414586 252.28012984418172 0.0 19.53467151381985 
16.5 5000.0 189.36534515192145 187.54946670440964 18.732009576529553 253.66876887604045 0.0 20.20831446059465 
17.0 5000.0 192.73146084759625 191.79355196279224 18.276458897186906 253.66876887604045 0.0 19.631932896644678 
17.5 5000.0 195.16085074525753 194.82349407779265 17.94507547572619 233.29355216110616 0.0 18.69548153339375 
18.0 5000.0 197.74551039743662 196.215109194544 16.318863645162182 237.4295450477854 0.0 17.004398164729302 
18.5 5000.0 200.6928243434183 194.4185181287159 16.70074027663895 223.95877466798422 0.0 17.62013922230773 
19.0 5000.0 202.98527659643696 193.10010638105257 17.978807122832848 231.66720998214248 0.0 21.36709490484798 
19.5 5000.0 205.1426639017631 191.134164445359 19.508660557523296 236.65819414335414 0.0 20.4914830309868 
20.0 5000.0 207.15645058715208 196.90029851816885 17.24895724458945 228.88569016193262 0.0 17.024175552301497 
20.5 5000.0 209.00778060987315 190.72060648944853 21.410235956126215 252.68355593968334 0.0 19.672746710977023 
21.0 5000.0 210.63822985412042 194.74615018384975 19.383949709742268 258.07990297631494 0.0 16.629685093060637 
21.5 5000.0 211.75939297392165 194.05564712282978 20.31089347557902 258.07990297631494 0.0 18.239330560951892 
22.0 5000.0 212.9781553842107 191.43919217186402 23.553273705661038 251.8132724782653 0.0 20.705709788291585 
22.5 5000.0 213.90798181573962 194.25030340941973 22.050782006741724 240.6531818627054 0.0 18.389403183449698 
23.0 5000.0 214.86189552399716 194.58162937993689 22.32351100682894 234.11600304329363 0.0 17.22433515897038 
23.5 5000.0 215.92036006713872 191.61677080850848 25.710198927479855 250.86825071271036 0.0017332701289376473 19.96971059387834 
24.0 5000.0 216.3620831344988 191.1929104689214 26.274511430898404 216.6808836025269 0.0 18.432593198719715 
24.5 5000.0 216.72741083900604 190.98832878895857 26.664204766671478 225.74950429471545 0.0 16.376179751200606 
25.0 5000.0 217.01403337577264 191.7790075962263 26.5917885574773 209.47793172235484 0.0 18.06794907038305 
25.5 5000.0 217.0244073122872 192.2170372125363 26.360661345687266 224.2485548816786 0.0 16.165506446014078 
26.0 5000.0 217.01435726752678 192.59521860059277 26.273601126364213 221.5247026302256 0.0 18.157795537072065 
26.5 5000.0 217.08124995849477 191.82733672219348 26.835437976386885 252.38929015893348 0.0 20.558754434412663 
27.0 5000.0 217.24747123690537 189.0811110849591 29.833365731901257 257.19776900515524 0.0 22.916472180962153 
27.5 5000.0 217.74250324902434 192.86436658762898 25.99044573569233 233.0227743825612 0.0 15.417094899904997 
28.0 5000.0 217.90558850680966 193.22434289441193 25.810190231470344 246.05524898672047 0.0 15.248622703738013 
28.5 5000.0 217.86703488269924 196.4208153029186 22.715318320963412 238.48056179601042 0.0 14.965581080864935 
29.0 5000.0 217.8880483477674 192.13213644051535 26.84491743570632 228.83745737772082 0.0 17.37702052659282 
29.5 5000.0 218.03361935225325 194.60579655129078 24.13334845358364 216.13392061397028 0.0 17.769697684314988 
30.0 5000.0 218.1837645787114 193.22975886260784 25.40115575788697 225.79891516350375 0.0 19.528350024890877 
30.5 5000.0 218.4381539888767 193.64198960229552 25.26805329611834 218.9725118090625 0.0 19.80703224871875 
31.0 5000.0 218.3109896773888 191.48541495084413 27.567322038404726 215.2698643439026 0.0 17.82318237660732 
31.5 5000.0 218.0328490336301 192.72077801950508 26.355562459584277 244.251019598031 0.0 18.708051751539525 
32.0 5000.0 217.86981648653307 189.76501717920945 29.63047835700622 235.2825532887033 0.0 20.6814151602118 
32.5 5000.0 217.76768213095207 192.52494491239588 26.577472864796768 242.40722284406064 0.0 19.098845420027942 
33.0 5000.0 218.03080444392737 188.42323689095278 30.63204151860201 250.6578290876141 0.0 21.443821590824403 
33.5 5000.0 217.9215942550902 188.21763165193178 30.578888705110018 232.78172585658703 0.0 20.56295751278465 
34.0 5000.0 217.74308978650896 189.31652344517647 29.347434980034468 235.32823441937197 0.0 21.346429687564196 
34.5 5000.0 217.66046560471102 191.443935669834 27.20709692885646 236.3128936922144 0.0 18.722309811850174 
35.0 5000.0 217.7214782572965 190.61565475733912 28.19168870231232 225.61122002588567 0.0 17.185004676339936 
35.5 5000.0 217.91770536993707 185.77514877237778 32.86695602949866 221.6824921572675 0.0 20.68671300883692 
36.0 5000.0 217.57305512157814 183.49034510819732 34.66860636009993 251.2751141394205 0.0 24.489724339697954 
36.5 5000.0 217.23002637385005 184.59527582853931 33.53249614580281 233.17408618152672 0.0 23.607930338366796 
37.0 5000.0 216.90713890534184 189.74434022357426 28.09401656100008 229.94568683660117 0.0 19.839707642684065 
37.5 5000.0 216.2713157280881 190.07922149488041 27.50773127662786 219.51294803724323 0.0 17.601193905685424 
38.0 5000.0 216.0049812680303 186.43461112942117 31.135050549173073 244.32928583237563 0.0 21.725921939273032 
38.5 5000.0 215.83546917367477 183.33920143772875 34.22464159268339 230.88236535879426 0.0 25.11337663931793 
39.0 5000.0 215.89241601029232 187.4009122973851 29.891717840234985 230.88236535879426 0.0 21.8596135034667 
39.5 5000.0 215.9723196231773 188.13610769134235 28.72780540974049 225.62538246335666 0.05496305409539559 19.45380268418802 
40.0 5000.0 215.76712930912856 189.32788057982185 27.454167745837008 227.42487897838274 0.0 16.7018963564146 
40.5 5000.0 215.44643360558132 189.56263662515144 27.28819945882287 227.42487897838274 0.0 19.828264212170982 
41.0 5000.0 215.2642259588634 187.15283380719703 29.29119450662493 223.8739122137483 0.0 19.762141099672206 
41.5 5000.0 215.0779736751917 185.14576095301962 31.026283735410704 244.7738460585644 0.0 19.629349414569568 
42.0 5000.0 214.9724195777794 190.78579789230275 25.400922025592383 227.129359406561 0.0 16.115056202710566 
42.5 5000.0 214.79454045141432 188.75635258445408 27.444633065518545 249.0243546895759 0.0 15.890997413026957 
43.0 5000.0 214.72096804990667 184.02984049511193 31.94111953278551 243.48867964068526 0.0 20.81487647512618 
43.5 5000.0 214.75543848604653 187.72630832306714 27.827192783182614 243.48867964068526 0.0 15.302073417426005 
44.0 5000.0 214.5506093091144 186.07930871445853 29.283311477144647 235.36464129145313 0.0 16.59578554335068 
44.5 5000.0 214.626869288143 186.8463182557743 28.679848770780204 211.28473437003552 0.0 16.271038415158333 
45.0 5000.0 214.68918868431405 186.12860215766122 29.53016799579778 219.21374571868043 0.0 17.291026999052555 
45.5 5000.0 214.97258566141414 185.99490865611938 29.710375234791005 195.92508367469887 0.0 16.663338586735875 
46.0 5000.0 215.10558819321403 183.63531149464137 31.876260617166313 216.36107144674108 0.015470609146916559 21.420634006463732 
46.5 5000.0 214.83904458071268 189.40651918819182 26.048693342338634 252.73482111838038 0.0 19.419749062093157 
47.0 5000.0 214.73510360947165 186.91080170488996 28.378942740658456 244.48255525162003 0.0 19.034416688521578 
47.5 5000.0 214.60949925864597 183.745974823341 31.353967382777313 237.06307757429013 0.0 17.686444386176902 
48.0 5000.0 214.368491347129 189.2417011185873 25.895043956658824 237.06307757429013 0.0 16.267877810855097 
48.5 5000.0 214.39226980927998 185.53249401943447 29.39399156197037 249.55709558049963 0.0 16.20176641419512 
49.0 5000.0 214.08926675826123 187.3983700985966 27.315104275046174 245.0243396658897 0.0 15.934403773968649 
49.5 5000.0 214.0085317892612 186.94111199996976 27.71548054674188 231.8372478517772 0.0 20.360642859451843 
50.0 5000.0 213.82180697402532 189.30056260245428 25.174426125480455 233.95145145151585 0.0 16.41649503285109 
#####################################################################
# End of data export. Simulation finished at: 2020-02-20T10:08+0000 #
#####################################################################
