#####################################################################
# Alchemist log file - simulation started at: 2020-02-20T10:10+0000 #
#####################################################################
# seed = 7.0, speed = 10, meanNeighbors = 3, nodeCount = 20
#
# The columns have the following meaning: 
# time nodes org:protelis:armonicCentralityHLL[Mean] harmonicCentrality[Mean] msqer@harmonicCentrality[Mean] msqer@harmonicCentrality[Max] msqer@harmonicCentrality[Min] msqer@harmonicCentrality[StandardDeviation] 
0.0 20.0 NaN NaN 0.0 0.0 0.0 0.0 
0.5 20.0 0.0 3.065 3.065 6.333333333333333 0.0 2.070962569655058 
1.0 20.0 1.0833333333333335 3.14 2.0566666666666666 5.5 0.0 1.8638716543420173 
1.5 20.0 1.5041666666666667 2.973333333333333 1.7025000000000001 4.166666666666667 0.0 1.3792348395723109 
2.0 20.0 2.8916666666666666 3.1066666666666665 1.1616666666666666 3.6166666666666667 0.0 1.1854515264815457 
2.5 20.0 3.229166666666667 3.2066666666666666 0.9358333333333334 3.5 0.0 0.9172051847199693 
3.0 20.0 3.3208333333333333 3.37 0.4991666666666668 2.25 0.0 0.622000991894811 
3.5 20.0 3.305833333333333 3.37 0.35083333333333344 1.083333333333334 0.0 0.4106575457519819 
4.0 20.0 3.4983333333333335 3.2616666666666667 0.2950000000000001 1.25 0.0 0.4013172754262588 
4.5 20.0 3.5191666666666666 3.2616666666666667 0.3158333333333333 1.25 0.0 0.4185911695813255 
5.0 20.0 3.45 3.3116666666666665 0.18833333333333327 1.083333333333333 0.0 0.3261999888849445 
5.5 20.0 3.3775 3.3116666666666665 0.11583333333333329 1.083333333333333 0.0 0.26537378471513545 
6.0 20.0 3.3116666666666665 4.13 0.8183333333333334 3.4000000000000004 0.0 0.9773891106842814 
6.5 20.0 3.3825 3.07 0.5125 2.7999999999999994 0.0 0.7103017026390473 
7.0 20.0 3.3641666666666667 4.173928571428571 1.0177380952380954 3.1500000000000004 0.0 0.9463347315594137 
7.5 20.0 3.3600000000000003 4.272142857142858 1.1183333333333334 3.6500000000000004 0.0 1.059364015997908 
8.0 20.0 3.3674999999999997 4.856428571428571 1.8255952380952385 4.783333333333334 0.0 1.2983394277776226 
8.5 20.0 3.4391666666666665 4.856428571428571 1.7539285714285717 4.783333333333334 0.0 1.3647455070311423 
9.0 20.0 4.215833333333333 4.183333333333334 0.7891666666666663 3.4000000000000004 0.0 0.9663229122608208 
9.5 20.0 4.435 4.416666666666667 0.6666666666666665 1.9000000000000004 0.0 0.6559444777530619 
10.0 20.0 4.678214285714286 4.316904761904762 0.6446428571428573 1.8023809523809522 0.0 0.6181243717815476 
10.5 20.0 4.7075000000000005 4.316904761904762 0.6739285714285717 1.8023809523809522 0.0 0.5988882940961082 
11.0 20.0 4.645595238095239 4.316904761904762 0.32869047619047653 1.033333333333334 0.0 0.34671168099192373 
11.5 20.0 4.631785714285715 4.316904761904762 0.3148809523809527 0.7500000000000009 0.0 0.3050208652685821 
12.0 20.0 4.5945238095238095 4.253809523809524 0.6407142857142857 1.5 0.0 0.46449560051092803 
12.5 20.0 4.578829365079365 3.2 1.6788293650793653 4.2095238095238106 0.0 1.236700042311246 
13.0 20.0 4.415178571428571 4.14531746031746 0.6126785714285716 1.8432539682539693 0.0 0.4413195069168045 
13.5 20.0 4.396190476190476 4.14531746031746 0.49369047619047635 1.2654761904761918 0.0 0.339341707359424 
14.0 20.0 4.291190476190476 4.411190476190477 0.33634920634920634 0.833333333333333 0.0 0.2772539039006003 
14.5 20.0 4.195019841269841 4.335357142857143 0.3764087301587302 1.0277777777777772 0.0 0.3005919322326906 
15.0 20.0 4.2363906926406925 4.42702380952381 0.2822997835497837 1.1615079365079377 0.0 0.34936262107805616 
15.5 20.0 4.226529581529582 4.42702380952381 0.29811327561327566 1.1615079365079377 0.0 0.3712181611805701 
16.0 20.0 4.381726190476191 4.42702380952381 0.07375000000000002 0.75 0.0 0.16870330771191033 
16.5 20.0 4.4071428571428575 3.56 0.9471428571428573 3.6500000000000004 0.0 1.0153128073013988 
17.0 20.0 4.350138888888889 3.397619047619048 1.00906746031746 3.8499999999999996 0.0 1.037133980227886 
17.5 20.0 4.322936507936508 3.447619047619048 1.0318650793650792 3.8499999999999996 0.0 1.0018586784666759 
18.0 20.0 4.109345238095238 4.4419047619047625 1.0963690476190473 3.866666666666667 0.0 1.1451735788990984 
18.5 20.0 3.9564880952380954 4.350238095238096 0.990892857142857 3.866666666666667 0.0 1.1280303417080848 
19.0 20.0 3.7618452380952383 4.350238095238096 0.7411309523809523 3.866666666666667 0.0 1.0994919485398367 
19.5 20.0 3.828452380952381 4.350238095238096 0.7179761904761905 3.866666666666667 0.0 1.090858964952771 
20.0 20.0 4.176111111111111 4.333571428571428 1.157777777777778 3.783333333333333 0.0 1.320555187902594 
20.5 20.0 4.389384920634921 3.8802380952380955 1.3060515873015872 4.912301587301587 0.0 1.3693181169154542 
21.0 20.0 4.123809523809524 2.925 1.5154761904761906 4.166666666666666 0.0 1.2115460026073883 
21.5 20.0 4.307142857142857 3.0083333333333333 1.498809523809524 3.45 0.0 1.1191818561837412 
22.0 20.0 4.266785714285715 2.708333333333333 1.5584523809523811 4.385714285714286 0.0 1.3327958268079019 
22.5 20.0 4.057738095238095 3.8669047619047623 0.570595238095238 1.9000000000000004 0.0 0.5385282679944003 
23.0 20.0 3.3645238095238095 2.716666666666667 0.697857142857143 2.5 0.0 0.773851994207558 
23.5 20.0 3.413968253968254 2.8833333333333333 0.6973015873015874 2.912301587301588 0.0 0.8722044493716824 
24.0 20.0 3.4176208513708515 2.7 0.9509541847041848 4.136544011544012 0.0 1.3529423076896165 
24.5 20.0 3.243217893217893 2.875 1.0848845598845598 4.136544011544012 0.0 1.0847770615428727 
25.0 20.0 3.0303210678210677 3.408333333333333 1.0613455988455989 2.5 0.0 0.7439193106571137 
25.5 20.0 2.8818272005772005 3.8916666666666666 1.2265061327561328 2.583333333333333 0.0 0.7661887646994353 
26.0 20.0 3.1666666666666665 4.175 1.0083333333333333 2.8333333333333335 0.0 0.955478203043496 
26.5 20.0 3.4 3.7666666666666666 0.775 3.0 0.0 0.8819585461873946 
27.0 20.0 3.645833333333333 3.675 0.32083333333333325 1.0 0.0 0.38547741342043623 
27.5 20.0 3.716666666666667 3.2583333333333333 0.8583333333333333 2.333333333333333 0.0 0.597937488175881 
28.0 20.0 3.7558333333333334 3.2583333333333333 0.5974999999999999 2.0 0.0 0.5762673549035078 
28.5 20.0 3.7258333333333336 3.1 0.7258333333333332 2.0 0.0 0.6697838308864726 
29.0 20.0 3.4075 3.166666666666667 0.29083333333333333 1.1666666666666665 0.0 0.3985160705411165 
29.5 20.0 3.3641666666666667 3.2 0.36416666666666664 1.8333333333333333 0.0 0.55567973758293 
30.0 20.0 3.1933333333333334 2.2333333333333334 0.9600000000000001 3.0 0.0 0.9613799779422828 
30.5 20.0 3.1375 2.316666666666667 1.054166666666667 3.0 0.0 0.798973665478816 
31.0 20.0 2.9541666666666666 2.691666666666667 0.9458333333333335 2.5 0.0 0.8035352261407853 
31.5 20.0 2.8125 2.7416666666666667 0.8541666666666667 2.5 0.0 0.7319339718726592 
32.0 20.0 2.91 2.816666666666667 0.31833333333333347 1.583333333333334 0.0 0.4163648029346467 
32.5 20.0 2.8266666666666667 2.625 0.36000000000000004 2.5833333333333335 0.0 0.6150262676841701 
33.0 20.0 2.755 2.625 0.19666666666666663 0.8333333333333335 0.0 0.2777625726832644 
33.5 20.0 2.755 2.625 0.19666666666666663 0.8333333333333335 0.0 0.2777625726832644 
34.0 20.0 2.8833333333333333 3.655952380952381 0.7726190476190478 2.783333333333333 0.0 0.9191055664981169 
34.5 20.0 2.875 3.553571428571429 0.6785714285714286 2.4499999999999997 0.0 0.8254847006753373 
35.0 20.0 3.1779761904761905 3.553571428571429 0.5765476190476192 2.4499999999999997 0.0 0.7834623592041753 
35.5 20.0 3.317142857142857 3.0585714285714287 0.579047619047619 3.0 0.0 0.8074950991328204 
36.0 20.0 3.275059523809524 3.0585714285714287 0.35172619047619047 1.833333333333334 0.0 0.4913455375332608 
36.5 20.0 3.254702380952381 3.2016666666666667 0.2247023809523809 1.0333333333333332 0.0 0.3228028901693089 
37.0 20.0 3.232261904761905 2.9502380952380953 0.2820238095238095 1.0 0.0 0.33145593306667975 
37.5 20.0 3.1851190476190476 2.9933333333333336 0.27916666666666673 1.0 0.0 0.35120279490734974 
38.0 20.0 3.0288095238095236 2.897619047619048 0.17785714285714285 1.1904761904761911 0.0 0.3381765054646927 
38.5 20.0 3.005119047619048 2.243333333333333 0.7617857142857144 3.4833333333333343 0.0 0.9915637931157616 
39.0 20.0 2.683154761904762 2.075 1.108154761904762 3.0095238095238104 0.0 0.9880837088284707 
39.5 20.0 2.5143452380952382 2.3916666666666666 0.9643452380952382 2.9166666666666665 0.0 0.9187450378931578 
40.0 20.0 2.4108333333333336 2.3916666666666666 0.5108333333333335 2.9166666666666665 0.0 0.7393745381079464 
40.5 20.0 2.4516666666666667 2.745 0.5233333333333333 3.1166666666666667 0.0 0.9353424490933913 
41.0 20.0 2.8091666666666666 2.995 0.4108333333333333 2.8666666666666667 0.0 0.6459562701328757 
41.5 20.0 2.818809523809524 2.995 0.42047619047619045 2.8666666666666667 0.0 0.6459160492402936 
42.0 20.0 2.935178571428571 2.6 0.6351785714285715 2.4261904761904765 0.0 0.739760881826487 
42.5 20.0 2.8138690476190478 2.6666666666666665 0.44720238095238085 1.8607142857142853 0.0 0.564415675499866 
43.0 20.0 2.7975 3.3316666666666666 0.7341666666666667 2.916666666666667 0.0 0.7470111008514677 
43.5 20.0 2.830833333333333 3.5216666666666665 0.9241666666666666 3.416666666666667 0.0 1.0084942600305764 
44.0 20.0 2.87 3.7859523809523807 1.0783333333333334 3.283333333333333 0.0 1.1449974476086981 
44.5 20.0 3.095 3.588690476190476 0.7702380952380952 2.8666666666666663 0.0 0.8164599466551821 
45.0 20.0 3.5508333333333333 4.043333333333333 0.49250000000000005 1.6499999999999997 0.0 0.5601136841582133 
45.5 20.0 3.5666666666666664 3.8633333333333333 0.2966666666666668 1.5666666666666667 0.0 0.45256255423651226 
46.0 20.0 3.6354761904761905 3.0583333333333336 0.6345238095238095 2.916666666666667 0.0 0.8838374825432529 
46.5 20.0 3.619642857142857 3.1416666666666666 0.6520238095238096 2.916666666666667 0.0 0.8728347376073697 
47.0 20.0 3.2863690476190475 3.8233333333333337 0.6297023809523811 2.3333333333333335 0.0 0.7959526485035053 
47.5 20.0 3.3280357142857144 3.9383333333333335 0.749702380952381 2.333333333333333 0.0 0.8438643461480315 
48.0 20.0 3.3958333333333335 4.358333333333333 0.9625000000000001 4.2 0.0 1.2884084542679932 
48.5 20.0 3.6350000000000002 4.358333333333333 0.7233333333333334 4.2 0.0 1.1984688086805249 
49.0 20.0 4.1033333333333335 4.358333333333333 0.25500000000000006 1.516666666666667 0.0 0.3737004773660661 
49.5 20.0 4.1575 4.19 0.1958333333333334 1.1333333333333333 0.0 0.3185252475602732 
50.0 20.0 4.3025 4.368333333333333 0.2424999999999999 1.35 0.0 0.3969722764930739 
#####################################################################
# End of data export. Simulation finished at: 2020-02-20T10:10+0000 #
#####################################################################
