#####################################################################
# Alchemist log file - simulation started at: 2020-02-21T03:12+0000 #
#####################################################################
# seed = 14.0, speed = 2, meanNeighbors = 2, nodeCount = 20
#
# The columns have the following meaning: 
# time nodes org:protelis:armonicCentralityHLL[Mean] harmonicCentrality[Mean] msqer@harmonicCentrality[Mean] msqer@harmonicCentrality[Max] msqer@harmonicCentrality[Min] msqer@harmonicCentrality[StandardDeviation] 
0.0 20.0 NaN NaN 0.0 0.0 0.0 0.0 
0.5 20.0 0.0 1.25 1.25 3.8333333333333335 0.0 1.3799419430113251 
1.0 20.0 0.4749999999999999 1.25 0.7749999999999999 3.1666666666666665 0.0 1.0882479615101488 
1.5 20.0 0.8166666666666669 1.25 0.4333333333333333 2.8333333333333335 0.0 0.7436868799693835 
2.0 20.0 1.1374999999999997 0.85 0.2875 2.0 0.0 0.5770178172322835 
2.5 20.0 1.1958333333333335 0.9 0.2958333333333333 1.5 0.0 0.538350170830054 
3.0 20.0 1.0166666666666668 0.9 0.11666666666666664 1.1666666666666665 0.0 0.31576510627233845 
3.5 20.0 0.9166666666666666 0.9 0.016666666666666646 0.33333333333333304 0.0 0.07453559924999294 
4.0 20.0 0.9 0.9 0.0 0.0 0.0 0.0 
4.5 20.0 0.9 0.9 0.0 0.0 0.0 0.0 
5.0 20.0 0.9 0.9 0.0 0.0 0.0 0.0 
5.5 20.0 0.9 0.9 0.0 0.0 0.0 0.0 
6.0 20.0 0.9 0.9 0.0 0.0 0.0 0.0 
6.5 20.0 0.9 0.9 0.0 0.0 0.0 0.0 
7.0 20.0 0.9 1.1333333333333335 0.2333333333333333 1.5 0.0 0.5026246899500344 
7.5 20.0 0.9750000000000001 1.3666666666666665 0.3916666666666667 2.5 0.0 0.761414119903423 
8.0 20.0 1.0916666666666666 1.6 0.5083333333333333 2.8333333333333335 0.0 0.881461107599494 
8.5 20.0 1.2583333333333335 1.6 0.3416666666666667 2.333333333333333 0.0 0.671528325834183 
9.0 20.0 1.5208333333333335 1.6 0.07916666666666668 0.5 0.0 0.14925497239162833 
9.5 20.0 1.5208333333333335 1.6 0.07916666666666668 0.5 0.0 0.14925497239162833 
10.0 20.0 1.5583333333333331 1.4666666666666666 0.3749999999999999 2.1666666666666665 0.0 0.7312470322826767 
10.5 20.0 1.6375 1.4666666666666666 0.3875 2.1666666666666665 0.0 0.7246066688634625 
11.0 20.0 1.4958333333333333 1.4666666666666666 0.24583333333333332 2.1666666666666665 0.0 0.5544048755935245 
11.5 20.0 1.5808333333333335 1.5333333333333334 0.13916666666666663 1.333333333333333 0.0 0.32092132536810847 
12.0 20.0 1.5225 1.4833333333333334 0.08916666666666666 0.5 0.0 0.18796190667944684 
12.5 20.0 1.5 1.4833333333333334 0.033333333333333354 0.5 0.0 0.11597539565640994 
13.0 20.0 1.475 1.4833333333333334 0.008333333333333347 0.16666666666666696 0.0 0.03726779962499656 
13.5 20.0 1.4833333333333334 1.4833333333333334 0.0 0.0 0.0 0.0 
14.0 20.0 1.4833333333333334 1.4833333333333334 0.0 0.0 0.0 0.0 
14.5 20.0 1.4833333333333334 1.4833333333333334 0.0 0.0 0.0 0.0 
15.0 20.0 1.4833333333333334 1.55 0.06666666666666665 0.6666666666666665 0.0 0.18257418583505533 
15.5 20.0 1.5083333333333335 1.55 0.041666666666666664 0.6666666666666665 0.0 0.15174424466672098 
16.0 20.0 1.5166666666666666 1.55 0.033333333333333326 0.6666666666666665 0.0 0.14907119849998596 
16.5 20.0 1.55 1.55 0.0 0.0 0.0 0.0 
17.0 20.0 1.55 1.55 0.0 0.0 0.0 0.0 
17.5 20.0 1.55 1.55 0.0 0.0 0.0 0.0 
18.0 20.0 1.55 1.55 0.0 0.0 0.0 0.0 
18.5 20.0 1.55 1.7333333333333332 0.1833333333333333 1.8333333333333333 0.0 0.4616902584383193 
19.0 20.0 1.6 1.7333333333333332 0.13333333333333333 1.8333333333333333 0.0 0.4209429681751916 
19.5 20.0 1.6916666666666667 1.7333333333333332 0.04166666666666666 0.5 0.0 0.1310662526095082 
20.0 20.0 1.7166666666666666 1.7333333333333332 0.016666666666666663 0.33333333333333326 0.0 0.07453559924999298 
20.5 20.0 1.7333333333333332 1.7333333333333332 0.0 0.0 0.0 0.0 
21.0 20.0 1.7333333333333332 1.7333333333333332 0.0 0.0 0.0 0.0 
21.5 20.0 1.7333333333333332 1.7333333333333332 0.0 0.0 0.0 0.0 
22.0 20.0 1.7333333333333332 1.7833333333333332 0.05000000000000001 0.5 0.0 0.15389675281277312 
22.5 20.0 1.7333333333333332 1.7833333333333332 0.05000000000000001 0.5 0.0 0.15389675281277312 
23.0 20.0 1.7583333333333333 1.7833333333333332 0.024999999999999994 0.5 0.0 0.11180339887498948 
23.5 20.0 1.7583333333333333 1.7333333333333332 0.024999999999999994 0.5 0.0 0.11180339887498948 
24.0 20.0 1.7583333333333333 1.7333333333333332 0.024999999999999994 0.5 0.0 0.11180339887498948 
24.5 20.0 1.7333333333333332 1.7333333333333332 0.0 0.0 0.0 0.0 
25.0 20.0 1.7333333333333332 1.7333333333333332 0.0 0.0 0.0 0.0 
25.5 20.0 1.7333333333333332 1.6833333333333331 0.05 0.5 0.0 0.15389675281277312 
26.0 20.0 1.7083333333333335 1.6833333333333331 0.025 0.5 0.0 0.11180339887498945 
26.5 20.0 1.6833333333333331 2.115 0.43166666666666675 2.0833333333333335 0.0 0.6763528785879963 
27.0 20.0 1.6833333333333331 2.115 0.43166666666666675 2.0833333333333335 0.0 0.6763528785879963 
27.5 20.0 1.8791666666666667 2.63 0.7508333333333332 3.1166666666666663 0.0 0.9628550837383065 
28.0 20.0 2.0841666666666665 2.63 0.5458333333333332 3.1166666666666663 0.0 0.8391180799189013 
28.5 20.0 2.19 3.895 1.7049999999999998 4.35 0.0 1.3680470136581373 
29.0 20.0 2.6766666666666667 3.945 1.2683333333333333 3.5000000000000004 0.0 1.0998125837151735 
29.5 20.0 3.1416666666666666 4.341666666666667 1.2 3.4000000000000004 0.0 1.0959788276437072 
30.0 20.0 3.8108333333333335 4.341666666666667 0.5308333333333333 2.6000000000000005 0.0 0.7957539916360322 
30.5 20.0 4.199166666666667 4.216666666666667 0.11750000000000001 0.583333333333333 0.0 0.16217409964754315 
31.0 20.0 4.245833333333334 4.216666666666667 0.09250000000000005 0.583333333333333 0.0 0.16289369762254835 
31.5 20.0 4.254166666666666 4.216666666666667 0.0375 0.16666666666666696 0.0 0.05404000034628883 
32.0 20.0 4.241666666666666 4.216666666666667 0.024999999999999953 0.16666666666666607 0.0 0.04376305152023294 
32.5 20.0 4.229166666666667 4.216666666666667 0.012500000000000002 0.08333333333333304 0.0 0.024106852778353137 
33.0 20.0 4.218333333333334 4.33 0.11166666666666665 0.7999999999999998 0.0 0.2327122058686091 
33.5 20.0 4.25 4.33 0.07999999999999996 0.7999999999999998 0.0 0.19335450579772034 
34.0 20.0 4.325833333333334 4.33 0.004166666666666674 0.08333333333333348 0.0 0.01863389981249828 
34.5 20.0 4.33 4.33 0.0 0.0 0.0 0.0 
35.0 20.0 4.33 4.33 0.0 0.0 0.0 0.0 
35.5 20.0 4.33 4.33 0.0 0.0 0.0 0.0 
36.0 20.0 4.33 4.33 0.0 0.0 0.0 0.0 
36.5 20.0 4.33 2.9499999999999997 1.3800000000000001 4.433333333333333 0.0 1.3806261821980488 
37.0 20.0 4.120833333333334 2.9499999999999997 1.1708333333333334 4.433333333333333 0.0 1.2436608265367162 
37.5 20.0 3.9283333333333332 2.9499999999999997 0.9783333333333334 4.433333333333333 0.0 1.1715449388989092 
38.0 20.0 3.4883333333333333 2.9499999999999997 0.5383333333333333 1.666666666666667 0.0 0.5841247763842629 
38.5 20.0 3.378333333333333 2.9499999999999997 0.4283333333333334 1.166666666666667 0.0 0.49891988598529424 
39.0 20.0 3.195 2.9499999999999997 0.24500000000000005 0.9000000000000004 0.0 0.3868110740627056 
39.5 20.0 3.06 2.9499999999999997 0.11000000000000001 0.7333333333333334 0.0 0.2686548689238504 
40.0 20.0 2.986666666666667 2.9499999999999997 0.03666666666666668 0.7333333333333334 0.0 0.1639783183499846 
40.5 20.0 2.9499999999999997 2.9499999999999997 0.0 0.0 0.0 0.0 
41.0 20.0 2.9499999999999997 2.9499999999999997 0.0 0.0 0.0 0.0 
41.5 20.0 2.9499999999999997 4.256666666666667 1.3066666666666666 4.616666666666667 0.0 1.379119559803978 
42.0 20.0 3.2791666666666663 4.256666666666667 0.9775 4.2 0.0 1.1337753910836577 
42.5 20.0 3.4850000000000003 4.256666666666667 0.7716666666666667 4.2 0.0 0.9888131582803213 
43.0 20.0 3.7933333333333334 4.256666666666667 0.4633333333333333 1.166666666666667 0.0 0.46946529245378027 
43.5 20.0 4.030833333333333 4.256666666666667 0.22583333333333333 0.8333333333333339 0.0 0.31379002738543127 
44.0 20.0 4.1883333333333335 4.256666666666667 0.06833333333333336 0.833333333333333 0.0 0.2004308225295776 
44.5 20.0 4.238333333333333 4.256666666666667 0.018333333333333354 0.36666666666666714 0.0 0.0819891591749924 
45.0 20.0 4.256666666666667 4.256666666666667 0.0 0.0 0.0 0.0 
45.5 20.0 4.256666666666667 4.373333333333333 0.11666666666666663 0.833333333333333 0.0 0.24091686464943576 
46.0 20.0 4.256666666666667 4.373333333333333 0.11666666666666663 0.833333333333333 0.0 0.24091686464943576 
46.5 20.0 4.331666666666666 4.473333333333333 0.1416666666666667 1.0 0.0 0.3107480128422065 
47.0 20.0 4.410833333333333 4.473333333333333 0.0625 1.0 0.0 0.2276163670000815 
47.5 20.0 4.473333333333333 4.473333333333333 0.0 0.0 0.0 0.0 
48.0 20.0 4.473333333333333 4.473333333333333 0.0 0.0 0.0 0.0 
48.5 20.0 4.473333333333333 4.473333333333333 0.0 0.0 0.0 0.0 
49.0 20.0 4.506666666666667 4.656666666666666 0.15000000000000008 1.416666666666667 0.0 0.3949239322713954 
49.5 20.0 4.519166666666666 4.631666666666667 0.11250000000000004 0.916666666666667 0.0 0.26251566369306534 
50.0 20.0 4.59 4.631666666666667 0.0416666666666667 0.666666666666667 0.0 0.15174424466672104 
#####################################################################
# End of data export. Simulation finished at: 2020-02-21T03:12+0000 #
#####################################################################
