#####################################################################
# Alchemist log file - simulation started at: 2020-02-19T19:07+0000 #
#####################################################################
# seed = 2.0, speed = 0, meanNeighbors = 5, nodeCount = 20
#
# The columns have the following meaning: 
# time nodes org:protelis:armonicCentralityHLL[Mean] harmonicCentrality[Mean] msqer@harmonicCentrality[Mean] msqer@harmonicCentrality[Max] msqer@harmonicCentrality[Min] msqer@harmonicCentrality[StandardDeviation] 
0.0 20.0 NaN NaN 0.0 0.0 0.0 0.0 
0.5 20.0 1.0555555555555556 8.831190476190477 8.356190476190475 11.5 4.85 1.966342797706052 
1.0 20.0 2.6666666666666665 8.831190476190477 6.16452380952381 10.533333333333333 2.05 2.2940495081754753 
1.5 20.0 4.778333333333333 8.831190476190477 4.0528571428571425 8.433333333333334 1.628571428571429 1.9076218504303126 
2.0 20.0 6.733333333333333 8.831190476190477 2.097857142857143 4.533333333333333 0.33333333333333304 1.1918715882183972 
2.5 20.0 7.71547619047619 8.831190476190477 1.1157142857142854 3.3 0.2857142857142856 0.8760285074225171 
3.0 20.0 8.388809523809524 8.831190476190477 0.4423809523809525 1.526190476190476 0.0 0.3885064015076354 
3.5 20.0 8.679880952380952 8.831190476190477 0.15130952380952398 0.7666666666666666 0.0 0.2205008931310341 
4.0 20.0 8.804166666666667 8.831190476190477 0.02702380952380956 0.3428571428571434 0.0 0.07710148106014877 
4.5 20.0 8.824940476190477 8.831190476190477 0.006249999999999912 0.041666666666666075 0.0 0.01526448118885492 
5.0 20.0 8.829107142857143 8.831190476190477 0.0020833333333333034 0.041666666666666075 0.0 0.009316949906248989 
5.5 20.0 8.831190476190477 8.831190476190477 0.0 0.0 0.0 0.0 
6.0 20.0 8.831190476190477 8.831190476190477 0.0 0.0 0.0 0.0 
6.5 20.0 8.831190476190477 8.831190476190477 0.0 0.0 0.0 0.0 
7.0 20.0 8.831190476190477 8.831190476190477 0.0 0.0 0.0 0.0 
7.5 20.0 8.831190476190477 8.831190476190477 0.0 0.0 0.0 0.0 
8.0 20.0 8.831190476190477 8.831190476190477 0.0 0.0 0.0 0.0 
#####################################################################
# End of data export. Simulation finished at: 2020-02-19T19:07+0000 #
#####################################################################
