#####################################################################
# Alchemist log file - simulation started at: 2020-02-21T07:30+0000 #
#####################################################################
# seed = 16.0, speed = 0, meanNeighbors = 2, nodeCount = 1000
#
# The columns have the following meaning: 
# time nodes org:protelis:armonicCentralityHLL[Mean] harmonicCentrality[Mean] msqer@harmonicCentrality[Mean] msqer@harmonicCentrality[Max] msqer@harmonicCentrality[Min] msqer@harmonicCentrality[StandardDeviation] 
0.0 1000.0 NaN NaN 0.0 0.0 0.0 0.0 
0.5 1000.0 0.49772579597141 3.0277936507936505 2.7724603174603173 12.116666666666665 0.0 2.301718171693364 
1.0 1000.0 1.0936166666666671 3.0277936507936505 1.9341769841269845 10.95 0.0 1.9854455752512747 
1.5 1000.0 2.0854666666666666 3.0277936507936505 0.942326984126984 6.866666666666665 0.0 1.315027084863094 
2.0 1000.0 2.608566666666667 3.0277936507936505 0.4192269841269841 4.783333333333333 0.0 0.7664091098291419 
2.5 1000.0 2.7999238095238095 3.0277936507936505 0.2278698412698412 3.7261904761904763 0.0 0.5122757381299394 
3.0 1000.0 2.9121511904761905 3.0277936507936505 0.11564246031746026 2.401190476190476 0.0 0.3121227708987268 
3.5 1000.0 2.9670269841269836 3.0277936507936505 0.060766666666666615 1.8595238095238096 0.0 0.2159589020405856 
4.0 1000.0 3.0026797619047616 3.0277936507936505 0.0251138888888889 1.2511904761904757 0.0 0.11269374287982159 
4.5 1000.0 3.0161345238095234 3.0277936507936505 0.011659126984126949 1.0234126984126988 0.0 0.07310761033759716 
5.0 1000.0 3.023230952380952 3.0277936507936505 0.004562698412698376 0.6150793650793651 0.0 0.04243457742112483 
5.5 1000.0 3.0256928571428574 3.0277936507936505 0.0021007936507936617 0.5472222222222225 0.0 0.0274194977653908 
6.0 1000.0 3.027135317460317 3.0277936507936505 6.583333333333361E-4 0.3472222222222223 0.0 0.014735573603133477 
6.5 1000.0 3.027482539682539 3.0277936507936505 3.111111111111091E-4 0.31111111111111134 0.0 0.009838197164968315 
7.0 1000.0 3.0277936507936505 3.0277936507936505 0.0 0.0 0.0 0.0 
7.5 1000.0 3.0277936507936505 3.0277936507936505 0.0 0.0 0.0 0.0 
8.0 1000.0 3.0277936507936505 3.0277936507936505 0.0 0.0 0.0 0.0 
8.5 1000.0 3.0277936507936505 3.0277936507936505 0.0 0.0 0.0 0.0 
9.0 1000.0 3.0277936507936505 3.0277936507936505 0.0 0.0 0.0 0.0 
9.5 1000.0 3.0277936507936505 3.0277936507936505 0.0 0.0 0.0 0.0 
10.0 1000.0 3.0277936507936505 3.0277936507936505 0.0 0.0 0.0 0.0 
10.5 1000.0 3.0277936507936505 3.0277936507936505 0.0 0.0 0.0 0.0 
#####################################################################
# End of data export. Simulation finished at: 2020-02-21T07:30+0000 #
#####################################################################
