#####################################################################
# Alchemist log file - simulation started at: 2020-02-21T00:06+0000 #
#####################################################################
# seed = 13.0, speed = 1, meanNeighbors = 3, nodeCount = 20
#
# The columns have the following meaning: 
# time nodes org:protelis:armonicCentralityHLL[Mean] harmonicCentrality[Mean] msqer@harmonicCentrality[Mean] msqer@harmonicCentrality[Max] msqer@harmonicCentrality[Min] msqer@harmonicCentrality[StandardDeviation] 
0.0 20.0 NaN NaN 0.0 0.0 0.0 0.0 
0.5 20.0 0.5 2.1 1.925 4.0 0.0 1.4813410630335069 
1.0 20.0 0.875 2.1 1.225 4.0 0.0 1.290173160326059 
1.5 20.0 1.6 2.1 0.5 2.5 0.0 0.6818447629055711 
2.0 20.0 1.9666666666666668 2.1 0.13333333333333333 1.3333333333333335 0.0 0.32713536014874506 
2.5 20.0 2.075 2.1 0.024999999999999994 0.5 0.0 0.11180339887498948 
3.0 20.0 2.1 2.1 0.0 0.0 0.0 0.0 
3.5 20.0 2.1 2.1 0.0 0.0 0.0 0.0 
4.0 20.0 2.1 2.1 0.0 0.0 0.0 0.0 
4.5 20.0 2.1 2.1 0.0 0.0 0.0 0.0 
5.0 20.0 2.1 2.1 0.0 0.0 0.0 0.0 
5.5 20.0 2.1 2.0083333333333333 0.09166666666666672 0.916666666666667 0.0 0.24912126265891468 
6.0 20.0 2.0541666666666667 2.0083333333333333 0.04583333333333335 0.6666666666666665 0.0 0.15642899104630853 
6.5 20.0 2.0541666666666667 2.0083333333333333 0.04583333333333335 0.6666666666666665 0.0 0.15642899104630853 
7.0 20.0 2.0208333333333335 2.0083333333333333 0.012500000000000022 0.25000000000000044 0.0 0.05590169943749486 
7.5 20.0 2.0083333333333333 2.0083333333333333 0.0 0.0 0.0 0.0 
8.0 20.0 2.0083333333333333 2.0083333333333333 0.0 0.0 0.0 0.0 
8.5 20.0 2.0083333333333333 2.6566666666666667 0.6483333333333332 3.083333333333333 0.0 0.8849934747174114 
9.0 20.0 2.3325 2.6566666666666667 0.32416666666666666 1.8333333333333335 0.0 0.5512737775169227 
9.5 20.0 2.424166666666667 2.6566666666666667 0.23249999999999996 1.0833333333333335 0.0 0.42510662577152775 
10.0 20.0 2.5325 2.6566666666666667 0.12416666666666665 1.083333333333333 0.0 0.3128100800786802 
10.5 20.0 2.6566666666666667 2.6566666666666667 0.0 0.0 0.0 0.0 
11.0 20.0 2.6566666666666667 2.6566666666666667 0.0 0.0 0.0 0.0 
11.5 20.0 2.6566666666666667 2.6566666666666667 0.0 0.0 0.0 0.0 
12.0 20.0 2.6566666666666667 2.6566666666666667 0.0 0.0 0.0 0.0 
12.5 20.0 2.6566666666666667 2.6566666666666667 0.0 0.0 0.0 0.0 
13.0 20.0 2.6566666666666667 2.6566666666666667 0.0 0.0 0.0 0.0 
13.5 20.0 2.6566666666666667 2.6566666666666667 0.0 0.0 0.0 0.0 
14.0 20.0 2.6566666666666667 2.6566666666666667 0.0 0.0 0.0 0.0 
14.5 20.0 2.6566666666666667 2.6566666666666667 0.0 0.0 0.0 0.0 
15.0 20.0 2.6566666666666667 2.808333333333333 0.15166666666666667 1.0499999999999998 0.0 0.31576047625149845 
15.5 20.0 2.6566666666666667 2.808333333333333 0.15166666666666667 1.0499999999999998 0.0 0.31576047625149845 
16.0 20.0 2.7325 2.716666666666667 0.07583333333333338 0.6666666666666661 0.0 0.1755921477150424 
16.5 20.0 2.775 2.716666666666667 0.05833333333333335 0.6666666666666661 0.0 0.1624465724134826 
17.0 20.0 2.7624999999999997 3.0833333333333335 0.3541666666666667 3.6666666666666665 0.0 0.8222397560166189 
17.5 20.0 2.716666666666667 3.0833333333333335 0.3666666666666666 3.6666666666666665 0.0 0.8184638299495418 
18.0 20.0 2.9 3.0833333333333335 0.1833333333333333 1.0 0.0 0.26157418189029846 
18.5 20.0 2.9 3.0833333333333335 0.1833333333333333 1.0 0.0 0.26157418189029846 
19.0 20.0 2.975 3.0833333333333335 0.10833333333333331 0.5 0.0 0.1601808188792968 
19.5 20.0 2.975 3.0833333333333335 0.10833333333333331 0.5 0.0 0.1601808188792968 
20.0 20.0 3.0 3.0833333333333335 0.0833333333333333 0.33333333333333304 0.0 0.1324532357065043 
20.5 20.0 3.0458333333333334 3.0833333333333335 0.0375 0.25 0.0 0.0915868871331308 
21.0 20.0 3.0708333333333333 3.0833333333333335 0.012499999999999999 0.25 0.0 0.05590169943749472 
21.5 20.0 3.0833333333333335 3.0833333333333335 0.0 0.0 0.0 0.0 
22.0 20.0 3.0833333333333335 3.175 0.09166666666666672 0.6666666666666665 0.0 0.21099180993500463 
22.5 20.0 3.1166666666666667 3.175 0.058333333333333376 0.6666666666666665 0.0 0.1624465724134828 
23.0 20.0 3.1624999999999996 3.175 0.012500000000000022 0.25000000000000044 0.0 0.05590169943749486 
23.5 20.0 3.175 3.175 0.0 0.0 0.0 0.0 
24.0 20.0 3.175 3.175 0.0 0.0 0.0 0.0 
24.5 20.0 3.175 3.175 0.0 0.0 0.0 0.0 
25.0 20.0 3.175 3.175 0.0 0.0 0.0 0.0 
25.5 20.0 3.175 3.175 0.0 0.0 0.0 0.0 
26.0 20.0 3.175 3.175 0.0 0.0 0.0 0.0 
26.5 20.0 3.175 3.175 0.0 0.0 0.0 0.0 
27.0 20.0 3.175 3.175 0.0 0.0 0.0 0.0 
27.5 20.0 3.175 3.175 0.0 0.0 0.0 0.0 
28.0 20.0 3.175 3.175 0.0 0.0 0.0 0.0 
28.5 20.0 3.175 3.175 0.0 0.0 0.0 0.0 
29.0 20.0 3.175 3.175 0.0 0.0 0.0 0.0 
29.5 20.0 3.175 3.175 0.0 0.0 0.0 0.0 
30.0 20.0 3.175 3.175 0.0 0.0 0.0 0.0 
30.5 20.0 3.175 3.175 0.0 0.0 0.0 0.0 
31.0 20.0 3.175 3.175 0.0 0.0 0.0 0.0 
31.5 20.0 3.175 3.1566666666666667 0.10166666666666664 0.8499999999999996 0.0 0.21288192372837195 
32.0 20.0 3.1325 3.1566666666666667 0.059166666666666666 0.5 0.0 0.12036433483144089 
32.5 20.0 3.1866666666666665 3.1566666666666667 0.03000000000000001 0.16666666666666696 0.0 0.054504680844108575 
33.0 20.0 3.169166666666667 3.873333333333333 0.7041666666666666 3.7666666666666666 0.0 1.082933461963816 
33.5 20.0 3.2066666666666666 3.873333333333333 0.6666666666666666 3.7666666666666666 0.0 1.0839876566483961 
34.0 20.0 3.6066666666666665 3.873333333333333 0.2666666666666666 0.75 0.0 0.28459471542314985 
34.5 20.0 3.69 3.873333333333333 0.1833333333333333 0.666666666666667 0.0 0.21081851067789203 
35.0 20.0 3.8116666666666665 3.873333333333333 0.06166666666666663 0.25 0.0 0.09854200279976788 
35.5 20.0 3.8466666666666667 3.873333333333333 0.026666666666666616 0.1999999999999993 0.0 0.06542707202974887 
36.0 20.0 3.873333333333333 3.873333333333333 0.0 0.0 0.0 0.0 
36.5 20.0 3.873333333333333 3.873333333333333 0.0 0.0 0.0 0.0 
37.0 20.0 3.873333333333333 3.873333333333333 0.0 0.0 0.0 0.0 
37.5 20.0 3.873333333333333 3.873333333333333 0.0 0.0 0.0 0.0 
38.0 20.0 3.873333333333333 3.873333333333333 0.0 0.0 0.0 0.0 
38.5 20.0 3.873333333333333 3.64 0.2333333333333333 2.3333333333333335 0.0 0.5603883365303906 
39.0 20.0 3.873333333333333 3.64 0.2333333333333333 2.3333333333333335 0.0 0.5603883365303906 
39.5 20.0 3.84 3.565 0.275 2.3333333333333335 0.0 0.5380955153369437 
40.0 20.0 3.6733333333333333 3.565 0.10833333333333334 0.75 0.0 0.20960140395047852 
40.5 20.0 3.6149999999999998 3.565 0.049999999999999975 0.75 0.0 0.1697090733892659 
41.0 20.0 3.565 3.565 0.0 0.0 0.0 0.0 
41.5 20.0 3.565 3.565 0.0 0.0 0.0 0.0 
42.0 20.0 3.565 3.565 0.0 0.0 0.0 0.0 
42.5 20.0 3.565 4.0 0.435 4.35 0.0 0.953631103048634 
43.0 20.0 3.6149999999999998 4.0 0.38500000000000006 4.35 0.0 0.9486509350078288 
43.5 20.0 3.6816666666666666 4.0 0.31833333333333336 4.35 0.0 0.9576698694995933 
44.0 20.0 3.9608333333333334 4.0 0.03916666666666666 0.33333333333333304 0.0 0.09812198518481055 
44.5 20.0 3.9775 4.0 0.022500000000000006 0.25 0.0 0.0697269109115208 
45.0 20.0 4.0 4.0 0.0 0.0 0.0 0.0 
45.5 20.0 4.0 4.0 0.0 0.0 0.0 0.0 
46.0 20.0 4.0 4.0 0.0 0.0 0.0 0.0 
46.5 20.0 4.0 4.0 0.0 0.0 0.0 0.0 
47.0 20.0 4.0 4.0 0.0 0.0 0.0 0.0 
47.5 20.0 4.0 4.0 0.0 0.0 0.0 0.0 
48.0 20.0 4.0 4.0 0.0 0.0 0.0 0.0 
48.5 20.0 4.0 4.0 0.0 0.0 0.0 0.0 
49.0 20.0 4.0 4.0 0.0 0.0 0.0 0.0 
49.5 20.0 4.0 4.0 0.0 0.0 0.0 0.0 
50.0 20.0 4.0 4.0 0.0 0.0 0.0 0.0 
#####################################################################
# End of data export. Simulation finished at: 2020-02-21T00:06+0000 #
#####################################################################
