#####################################################################
# Alchemist log file - simulation started at: 2020-02-21T02:17+0000 #
#####################################################################
# seed = 14.0, speed = 0, meanNeighbors = 2, nodeCount = 500
#
# The columns have the following meaning: 
# time nodes org:protelis:armonicCentralityHLL[Mean] harmonicCentrality[Mean] msqer@harmonicCentrality[Mean] msqer@harmonicCentrality[Max] msqer@harmonicCentrality[Min] msqer@harmonicCentrality[StandardDeviation] 
0.0 500.0 NaN NaN 0.0 0.0 0.0 0.0 
0.5 500.0 0.5595744680851065 3.4446609530991887 3.1816609530991884 12.666666666666666 0.0 3.045620966857278 
1.0 500.0 1.1738333333333333 3.4446609530991887 2.2708276197658552 11.990895215895215 0.0 2.6386289373954015 
1.5 500.0 2.1354 3.4446609530991887 1.3092609530991883 10.038453213453213 0.0 2.0274459007650707 
2.0 500.0 2.8233190476190475 3.4446609530991887 0.6213419054801406 6.482251082251084 0.0 1.2971932899911112 
2.5 500.0 3.0185261904761904 3.4446609530991887 0.42613476262299793 5.551587301587302 0.0 1.0066970364629875 
3.0 500.0 3.176138888888889 3.4446609530991887 0.2685220642102994 5.233333333333335 0.0 0.7624182713720666 
3.5 500.0 3.239560317460317 3.4446609530991887 0.20510063563887074 4.268253968253969 0.0 0.6156321278346999 
4.0 500.0 3.2982786435786435 3.4446609530991887 0.14638230952054465 3.6333333333333346 0.0 0.48862048110927403 
4.5 500.0 3.325147258297258 3.4446609530991887 0.1195136948019301 2.5515873015873023 0.0 0.39329295956883376 
5.0 500.0 3.3481993006993007 3.4446609530991887 0.09646165239988773 2.156482243246949 0.0 0.3334327734849669 
5.5 500.0 3.3673074925074924 3.4446609530991887 0.07735346059169583 1.4096568464215524 0.0 0.27262570029846056 
6.0 500.0 3.382286047286047 3.4446609530991887 0.06237490581314109 1.4096568464215524 0.0 0.23184506562210985 
6.5 500.0 3.399653934953935 3.4446609530991887 0.04500701814525344 1.124303311068017 0.0 0.18300233889475082 
7.0 500.0 3.413401215451215 3.4446609530991887 0.03125973764797295 1.124303311068017 0.0 0.13923281786253364 
7.5 500.0 3.4230119963369963 3.4446609530991887 0.021648956762192067 1.0232789269553972 0.0 0.11213787737116877 
8.0 500.0 3.4330535049917406 3.4446609530991887 0.011607448107448081 0.8221055088702149 0.0 0.07158147122818141 
8.5 500.0 3.4368958503914384 3.4446609530991887 0.007765102707749803 0.78609943977591 0.0 0.058012896610789184 
9.0 500.0 3.441773371399842 3.4446609530991887 0.0028875816993464065 0.4125816993464051 0.0 0.02606729373697608 
9.5 500.0 3.4428772929684697 3.4446609530991887 0.0017836601307189574 0.2504901960784327 0.0 0.017878526099694345 
10.0 500.0 3.444092325648208 3.4446609530991887 5.686274509803965E-4 0.1699346405228761 0.0 0.00840635564813446 
10.5 500.0 3.444432194929254 3.4446609530991887 2.2875816993463987E-4 0.0588235294117645 0.0 0.003614838661388654 
11.0 500.0 3.4446609530991887 3.4446609530991887 0.0 0.0 0.0 0.0 
11.5 500.0 3.4446609530991887 3.4446609530991887 0.0 0.0 0.0 0.0 
12.0 500.0 3.4446609530991887 3.4446609530991887 0.0 0.0 0.0 0.0 
12.5 500.0 3.4446609530991887 3.4446609530991887 0.0 0.0 0.0 0.0 
13.0 500.0 3.4446609530991887 3.4446609530991887 0.0 0.0 0.0 0.0 
13.5 500.0 3.4446609530991887 3.4446609530991887 0.0 0.0 0.0 0.0 
14.0 500.0 3.4446609530991887 3.4446609530991887 0.0 0.0 0.0 0.0 
14.5 500.0 3.4446609530991887 3.4446609530991887 0.0 0.0 0.0 0.0 
#####################################################################
# End of data export. Simulation finished at: 2020-02-21T02:17+0000 #
#####################################################################
