#####################################################################
# Alchemist log file - simulation started at: 2020-02-21T02:14+0000 #
#####################################################################
# seed = 13.0, speed = 10, meanNeighbors = 10, nodeCount = 1000
#
# The columns have the following meaning: 
# time nodes org:protelis:armonicCentralityHLL[Mean] harmonicCentrality[Mean] msqer@harmonicCentrality[Mean] msqer@harmonicCentrality[Max] msqer@harmonicCentrality[Min] msqer@harmonicCentrality[StandardDeviation] 
0.0 1000.0 NaN NaN 0.0 0.0 0.0 0.0 
0.5 1000.0 2.965952890792292 116.23503688384145 114.84993688384145 151.290214459603 0.0 17.80688326389906 
1.0 1000.0 8.549417857142856 113.08478760798221 104.53936975083936 146.64123129622357 1.0 18.386878162662168 
1.5 1000.0 20.242782597957596 114.57825731877955 94.34814138748861 133.92268131765036 0.0 16.886623130484764 
2.0 1000.0 34.982316021478525 114.01503651879158 79.12950541794798 120.89794122286382 0.0 14.632370642330624 
2.5 1000.0 48.476133096560304 113.87890898986113 65.4129425599675 106.58602794264559 5.083333333333333 13.24503800923697 
3.0 1000.0 62.85330665171602 112.08617022531769 49.232863573601676 95.89685684528125 0.0 13.175902704395336 
3.5 1000.0 74.8454182091819 112.7554474119272 37.920405796681045 99.22973406496219 0.7775726131080205 14.459588353702692 
4.0 1000.0 86.73742189923816 110.51518286994668 24.786570330541114 85.34211109703874 0.01873065519751549 14.702109836999185 
4.5 1000.0 96.0286988946506 111.98987656375762 17.886055597571435 78.70230150897139 0.005676172547055103 13.210038778414091 
5.0 1000.0 104.81909401358105 112.82670507244471 13.30622387779097 56.558918190076824 0.028914547970870785 10.478780113860259 
5.5 1000.0 110.84595854872525 111.5070956810102 11.545465295784785 65.29121718106305 0.03919396587320989 8.463381512960604 
6.0 1000.0 116.18147382340683 111.35733527817914 10.17790150107978 68.78794054803275 0.0032805730934484245 6.863551399329688 
6.5 1000.0 119.3524502710112 112.15065258134133 10.06358636185129 81.52816237204728 8.937296307891529E-4 6.923084694627222 
7.0 1000.0 122.06978666858298 111.4947157185035 11.833959880745185 65.85552381724708 0.02957133254514588 7.284801179196866 
7.5 1000.0 123.39601402010663 112.46424121801901 11.958352253460992 63.59367514026556 0.07777831107945588 7.065872888040405 
8.0 1000.0 124.45106616106253 110.71823497961378 14.320793509544082 61.22414154668013 0.05924758559527277 7.662205754876132 
8.5 1000.0 125.14175848580697 111.46290417487967 14.00827873165067 77.20651681349202 0.1356382790021513 7.112892317429008 
9.0 1000.0 125.77877659054349 111.28143588511135 14.627977143971234 36.179876337113186 0.04427690372295956 6.513666135171211 
9.5 1000.0 125.86211668710209 110.48927308675317 15.494889482258019 37.59989501311718 0.06016921948659615 6.600489715425652 
10.0 1000.0 126.01027575147172 110.26705094711332 15.810162899781094 42.45087169882058 0.12263073333542707 6.355952325502484 
10.5 1000.0 126.08920915388374 109.0436177978971 17.159453665965565 47.443952861989956 0.03513553424140525 6.969904191266403 
11.0 1000.0 126.10025865322517 109.30147306770671 16.830184410743154 54.33544071670472 0.13214417442110005 6.813783240440358 
11.5 1000.0 125.91661290864323 109.98918350391695 16.095812359638785 39.94766016577164 0.5421351487424175 6.749040870778029 
12.0 1000.0 125.57996381030419 109.91572344327437 15.740389905504617 38.13196424225336 0.2967731955082513 6.449353678716626 
12.5 1000.0 125.34522698583247 109.19636773754048 16.28341468016695 45.62370317243514 0.17380430438382177 6.747069579712114 
13.0 1000.0 125.32981736467755 108.3814110407881 16.983066346441802 43.43762416408434 0.3413421967870818 6.594125552643163 
13.5 1000.0 125.18946259097159 108.72765625187131 16.549155068255217 50.12594885273772 0.19584068829526302 6.500445784264787 
14.0 1000.0 124.78342791023275 109.46510627924887 15.442115731801302 34.94640397442252 0.005915670306592347 5.981221115358966 
14.5 1000.0 124.55025174151439 108.15398561070751 16.514410764643795 42.00796480828053 0.1994888984058889 6.820154712660623 
15.0 1000.0 124.69150798427381 108.8184428939192 15.917009364960833 36.75644272028207 0.3241902281347251 6.300324076813705 
15.5 1000.0 124.48065458949941 109.89640871882658 14.613239163817324 40.17090043931776 0.24286338539938868 6.077427578498926 
16.0 1000.0 124.09753884211554 108.94986080327324 15.171228934562583 43.09927287408006 0.09749176416725902 6.217821488654002 
16.5 1000.0 124.04158809532007 109.36676300280989 14.87950590997992 77.47283662713639 0.11217499611258575 6.434239308614452 
17.0 1000.0 124.0559474829421 110.00019498189332 14.270179270734658 76.00695501165764 0.18470335839163 6.522714043145149 
17.5 1000.0 123.99951822706252 106.691654985273 17.349402087182018 90.83326629141037 0.18811911558272243 7.147966383374669 
18.0 1000.0 123.82403842874707 108.99750448225902 14.917136293409856 38.17124216512764 0.15429491822544605 6.560347177388869 
18.5 1000.0 123.65212539701174 109.01630801021646 14.783095870833897 41.27983953181324 0.05454527412732091 6.815319011467578 
19.0 1000.0 123.6442378813195 107.77206916400334 16.09023131903642 96.35603834645931 0.026945431402225495 8.962421969255129 
19.5 1000.0 123.56596733146104 106.80031316286669 16.904200856599083 93.8349448762078 0.0011905354433423554 8.743258462597247 
20.0 1000.0 123.77290298195793 105.67329334184166 18.101413601821555 93.8349448762078 0.07876004202496745 8.726270965166897 
20.5 1000.0 123.29801113036564 105.1628797450968 18.165918705262005 96.56227769478541 0.0 7.335591252168965 
21.0 1000.0 122.60357421467681 106.65865450724016 16.649711167064087 99.7897531659125 0.16760015511331972 7.733667934570136 
21.5 1000.0 122.21279577212583 105.05092615201247 17.899684486783986 108.2938716282521 0.663732876083813 9.0799023830464 
22.0 1000.0 121.84145413279981 105.72216108779595 16.735402342352632 76.01625401360714 0.1641519496267847 7.241079193126845 
22.5 1000.0 121.88222700268737 106.85604293462468 15.2772569719426 73.52221999809863 0.2493428655967307 6.44813708258211 
23.0 1000.0 121.76788927269726 105.37471092787156 16.486679055462094 112.26649069734947 0.001684915120776509 6.820158239614804 
23.5 1000.0 121.43181956132574 105.056919251503 16.41969021457713 97.4993120105467 1.047777399435077 6.884629270944656 
24.0 1000.0 121.39935063562517 104.73132146116471 16.672113081664445 97.4993120105467 0.43449303452263166 6.779559844568142 
24.5 1000.0 121.21136904809536 106.52175108075694 14.805379922040796 48.452308874798916 0.16331018166457056 5.784640179531444 
25.0 1000.0 121.11672303917322 104.81611799417995 16.37305959970882 114.56529041563871 0.19998133975556698 7.391666848184678 
25.5 1000.0 120.80403215091577 103.51750616572713 17.30835127413385 41.53635461032688 0.09344816662624567 6.573606867531714 
26.0 1000.0 120.52826927707224 103.41466981250358 17.128450860508668 46.09112277041845 0.29210402802203816 6.107364412224758 
26.5 1000.0 120.26748947445779 103.0255872569922 17.2719948188305 47.873442170383086 1.1480187124536911 6.413433411154939 
27.0 1000.0 119.79216924321183 102.39706913211779 17.397740601580505 46.83365586768066 1.320245243232847 6.047429331607502 
27.5 1000.0 119.06262022265092 102.90877427238462 16.159638374072607 39.09723544121489 0.06737927964707069 5.854186897291685 
28.0 1000.0 118.08071255548764 103.71706813846926 14.630692824759768 103.92584458025635 0.42352111529454817 6.338003478446739 
28.5 1000.0 117.91889312126165 103.9937297124088 14.194500960602369 105.64401760352091 0.1940938448731373 6.360593631676587 
29.0 1000.0 117.81492636722669 102.91485413570301 14.922674907132508 36.57465261103867 0.551033701420721 5.69812443792785 
29.5 1000.0 117.4406994352111 101.99794419700937 15.479780143682502 43.519451864747325 0.23093532284713092 6.171204179508652 
30.0 1000.0 117.16305557005165 104.35884644928814 12.854486114092328 45.51365640027204 0.14394275664552936 5.691483235784531 
30.5 1000.0 117.11193446428985 102.90120409404017 14.304147351722557 46.693326568899636 0.009062235851715172 6.373669752589924 
31.0 1000.0 117.03926246135491 103.48829694210959 13.623423841122293 46.78651310886235 0.06890067265729272 6.011357115882535 
31.5 1000.0 117.15956799989895 103.12230426514854 14.119006308028188 52.887929210863334 0.3261868188944561 6.560887079426083 
32.0 1000.0 117.03233714992682 99.68422076493559 17.431210256736627 45.14141197738445 0.004113145669862206 8.695849978398064 
32.5 1000.0 116.92477440909285 104.59318857204822 12.448073328079854 32.957964962902395 0.019003601317848506 5.843407353652983 
33.0 1000.0 116.9502937264323 103.7160496649128 13.344681215694518 103.80994505580418 0.018898365995880795 7.972815988162855 
33.5 1000.0 116.84955382191598 102.46372413434747 14.487828676590432 36.642409412414466 0.12688147765548763 5.780477794246544 
34.0 1000.0 116.8313003838761 102.72978681530384 14.206181214638741 40.74015065262739 0.10208251506101362 5.933657621217249 
34.5 1000.0 116.68426936996579 100.92021281368058 15.84626280462127 38.02850859122529 0.10183235431649962 5.818732228856917 
35.0 1000.0 116.6022494297616 103.24935993357032 13.380755573653255 50.67271967047475 0.1334298494156343 5.699633938695066 
35.5 1000.0 116.48377639097714 100.33359300849023 16.266386328833555 52.112546780683886 0.4027784866234754 6.794615679331888 
36.0 1000.0 116.45768694925928 101.01690081748745 15.522006687370101 51.32119766597151 0.0725419892397241 6.251806421839959 
36.5 1000.0 116.38461105456794 104.21052695487433 12.37781872256984 95.75719363367969 0.013258694910362578 6.920006210158401 
37.0 1000.0 116.2802566624489 100.35939564900593 15.9669125766913 45.33435002310652 0.09011506751275533 7.204868048408902 
37.5 1000.0 116.3834057953182 97.22362612300053 19.18709517006596 97.58065450197935 0.11014439549748545 7.682929585350141 
38.0 1000.0 116.40383373734598 98.42026418395825 18.005672613179154 112.79704477668872 0.11562523275372882 9.213815734170884 
38.5 1000.0 116.04730095887726 99.24051735909717 16.83911767612 103.91967895365725 0.10763441517543981 8.576879755281032 
39.0 1000.0 115.47549241672988 98.55854362694606 16.972645130904198 42.344927916803314 0.18754383231180327 6.2292529245116395 
39.5 1000.0 115.19459441207078 102.01502745861252 13.510764593029165 81.12030266869479 0.16630495213219376 6.235870674869105 
40.0 1000.0 115.0437572888467 101.80781521237304 13.485282224492192 85.49321937787614 0.04475553699859347 6.373419401698444 
40.5 1000.0 115.00538382148183 103.38357529879144 11.769934648642176 32.54727741392911 0.1651227143655234 5.491126656817681 
41.0 1000.0 114.96716350321636 101.04270296117306 13.99629050935728 40.91477956518078 0.05333304658397253 5.980585239922964 
41.5 1000.0 115.31363449961691 100.40463445199265 14.986728528577599 48.854401771229675 0.22562459163793847 6.253590161213253 
42.0 1000.0 115.66203811597958 100.45794730476064 15.20590701982071 47.573505054459176 0.6827477046798407 6.340991758295319 
42.5 1000.0 115.6870365442086 101.90601890770351 13.808731812299593 48.727369403343275 0.06315277859395962 6.910575421356455 
43.0 1000.0 115.67820734073301 99.50974291842023 16.181057493587492 53.190098510512 0.927069587320247 6.76554011716073 
43.5 1000.0 115.83983589497814 98.91104481583912 16.948228487119508 52.79918579244074 0.03658838846911294 6.817135707353395 
44.0 1000.0 116.18244499950116 98.83590409190568 17.358162386775742 45.520354101555355 0.17714303289567113 6.434041967837391 
44.5 1000.0 116.0071307749466 99.05470172098285 16.9708220863074 46.68461215427159 0.0018520198814400146 6.627400068295104 
45.0 1000.0 115.2140441806185 101.10457696602106 14.171069284678454 41.166110399262564 0.08166880284731803 6.490996060320833 
45.5 1000.0 114.70544473669628 100.13183768421146 15.019931303904965 122.58641032170443 0.21505945417611372 8.564920847318511 
46.0 1000.0 114.47044415687478 100.08613467705345 14.998241521673869 122.58641032170443 0.023555245923645884 8.808898891748807 
46.5 1000.0 114.86233773290445 98.70104443498128 16.301549662058022 85.40260914979788 0.007519221877814175 6.790851788341584 
47.0 1000.0 115.13854790652842 100.60475654968677 14.577480073233241 47.09615791574157 0.1990300245547445 5.814894548057606 
47.5 1000.0 114.91126639298622 99.72372269803209 15.21490812006735 102.43032868833951 0.013512041955635823 6.866975105582178 
48.0 1000.0 115.07303633684633 99.69969851739557 15.43985175121478 116.1344015805316 0.1948376254322568 7.8776091122352225 
48.5 1000.0 114.76617414509631 99.58166939796506 15.218765099528575 45.69669849992165 0.0 6.661381749116757 
49.0 1000.0 114.43485546718345 98.08685909338278 16.35677666577427 94.21997579195757 0.0 6.905922308085858 
49.5 1000.0 114.22094867105803 98.98601706995208 15.4538233371369 105.06336700794905 0.06941959292640831 6.799075662901561 
50.0 1000.0 114.30367422589381 101.02207188934182 13.525948826523353 107.19598517667401 0.07795668538300049 7.082930434623648 
#####################################################################
# End of data export. Simulation finished at: 2020-02-21T02:17+0000 #
#####################################################################
