#####################################################################
# Alchemist log file - simulation started at: 2020-02-19T15:17+0000 #
#####################################################################
# seed = 0.0, speed = 5, meanNeighbors = 5, nodeCount = 500
#
# The columns have the following meaning: 
# time nodes org:protelis:armonicCentralityHLL[Mean] harmonicCentrality[Mean] msqer@harmonicCentrality[Mean] msqer@harmonicCentrality[Max] msqer@harmonicCentrality[Min] msqer@harmonicCentrality[StandardDeviation] 
0.0 500.0 NaN NaN 0.0 0.0 0.0 0.0 
0.5 500.0 1.3640873015873018 33.760307381447554 33.072807381447554 53.55884458413363 0.0 15.015900613369215 
1.0 500.0 3.2631380952380957 36.858433521668715 33.60929542643062 56.481834342875544 0.0 14.38260756551375 
1.5 500.0 6.973134126984127 38.48668675401666 31.54555262703253 53.30645941138774 0.0 12.322135491972963 
2.0 500.0 10.126520707070707 33.99635621279429 24.112060902548983 43.30560864087249 0.0 9.954276716205282 
2.5 500.0 13.119195160395162 35.04426536886885 22.329930525934007 39.0981458516249 0.0 9.39349954654009 
3.0 500.0 15.629573648573649 40.38371485854147 25.093735149361756 46.10275592663869 0.0 9.246766109152002 
3.5 500.0 18.009239587863117 41.78814675614331 24.422119589192615 49.133832029534 0.0 9.691246969564945 
4.0 500.0 20.264843278857366 40.889483856324006 22.189730569002453 47.75183746368639 0.0 8.209630076129244 
4.5 500.0 22.84532100064538 40.45035581916843 18.47447567583343 52.980930675828695 0.0 8.34220370621173 
5.0 500.0 25.379352953316033 38.583635678940375 14.536084601366543 48.42121912083818 0.0 6.358421243181638 
5.5 500.0 27.61647566486661 41.573652923314135 15.142320446852905 36.990026939286615 0.0 6.429870332445547 
6.0 500.0 29.71704350231214 38.84320967485226 11.017564579673284 35.850244791468754 0.0 6.066806008393776 
6.5 500.0 31.672535994808726 39.58026978233628 9.607005825618934 38.50740457351366 0.0 6.401484693314245 
7.0 500.0 33.58522426221538 40.98694192333308 9.273306641742655 35.11127658804152 0.0 6.632694859973498 
7.5 500.0 35.69881421063081 39.162030459869555 8.37616909837213 43.22396867408477 0.0 7.284310525937124 
8.0 500.0 37.41590780034292 32.045292121978555 8.636484041683493 46.45800530738611 0.0 8.41724119024758 
8.5 500.0 38.69422453733157 33.755657274910554 8.212232960138872 37.779481376037104 0.0 8.73478788242999 
9.0 500.0 39.53357408918709 32.3898208140808 9.61836311473295 36.869689558392125 0.0 8.473755041099759 
9.5 500.0 39.99517574176269 25.05815846283987 16.87850182539727 37.693564553594506 0.0 8.14630042046181 
10.0 500.0 40.58196785558578 33.774900719795255 10.511878973199396 40.41078842748314 0.0 8.039887349154037 
10.5 500.0 41.36293950587868 27.851920605955275 15.681322348026612 43.72767694102525 0.0 8.949261674891785 
11.0 500.0 42.441692613651036 32.00755339585408 13.140891081484133 42.84834185209505 0.0 8.819444292562741 
11.5 500.0 43.3113621977958 29.705979677071703 14.478723764039994 47.374704231571855 0.0 8.843086830035961 
12.0 500.0 43.83919117059806 23.097307213715805 21.135864875467067 47.374704231571855 0.0 8.541984081985266 
12.5 500.0 43.88550453607266 23.436260876280457 20.96439600438499 39.99453460509855 0.0 7.726197592247426 
13.0 500.0 44.15883007783405 27.407290649315637 17.834838264847857 49.85308133159223 0.0 8.952511446101592 
13.5 500.0 44.242459910754356 30.770643904408658 14.816380744364992 47.99275544317035 0.0 10.254304662527709 
14.0 500.0 43.73173398080723 27.54517041713486 17.389981221384023 47.079060307298626 0.0 9.685739491387146 
14.5 500.0 43.77468879392657 33.231452304447906 12.364036532661942 42.51257009275882 0.0 9.811670970066746 
15.0 500.0 43.81123529524755 32.85172470045872 11.88062458895581 41.83966472515504 0.0 8.393069579816798 
15.5 500.0 43.117123269592284 28.72774522725813 16.248271838177022 42.83903742393002 0.0 9.978866238027393 
16.0 500.0 43.3490526153117 29.397570457421267 16.171886683507378 48.12115856758069 0.0 9.975285772687005 
16.5 500.0 43.916647076040555 28.157989768650015 17.753080721099607 52.73481850204357 0.0 9.44587614651886 
17.0 500.0 44.0775570413213 28.912699860532516 17.49425101243065 52.98481850204357 0.0 9.504627485319066 
17.5 500.0 44.74082657901579 20.96332391458445 24.632515575641275 46.59383826265068 0.0 8.751501725400658 
18.0 500.0 45.094494149442205 25.66106604853701 19.775265637438167 47.918011131181466 0.0 9.459224036110008 
18.5 500.0 44.961468503285836 22.243166924630142 23.448544485525783 47.83467779784814 0.0 9.101576115941775 
19.0 500.0 44.314285145677104 28.80209980805473 16.255518975252183 49.011052020187265 0.0 9.940817835136277 
19.5 500.0 44.31077904918657 28.14203471695205 16.782405380187 50.261052020187265 0.0 10.066572985846852 
20.0 500.0 43.97896825693965 28.742325899709677 15.986436956005866 41.29630934548933 0.0 8.82571871616382 
20.5 500.0 43.32814735484987 26.446443751649092 17.67254471541309 47.7976493337253 0.0 8.366863231527363 
21.0 500.0 43.38155512646204 20.938160881973356 23.10962123634787 47.7976493337253 0.0 9.169889293423704 
21.5 500.0 43.21371838986177 27.31612761007921 17.278608180963477 49.96184005025202 0.0 8.861790480072312 
22.0 500.0 42.85972267254367 29.351314052200934 14.948802512850975 49.798962692009525 0.0 9.397880211755096 
22.5 500.0 42.91229676810869 29.41274108899215 14.880129646918984 53.23341461476709 0.0 9.850275126628134 
23.0 500.0 43.3459743218679 28.09086880667858 16.707606498877716 53.23341461476709 0.0 8.988830652460361 
23.5 500.0 43.822400560743155 31.347705956502274 13.940394506027882 45.47800493692503 0.0 8.298674255927544 
24.0 500.0 43.752884769243316 32.16509479890074 13.159430378156431 41.37967248372017 0.0 8.85688919161288 
24.5 500.0 43.97159157074898 36.27891746489927 9.30010811771946 41.37967248372017 0.0 8.356825589683016 
25.0 500.0 43.98980166971994 34.95555253431591 10.796433440307611 38.51801898198691 0.0 7.803724684861651 
25.5 500.0 43.584981504763206 36.11705567834958 9.350169210865994 42.769591938711955 0.0 8.476692563444482 
26.0 500.0 43.426690754784225 27.449769335699337 17.065910593278115 48.939821037534735 0.0 9.548788960234258 
26.5 500.0 43.449919531431405 30.726022892412377 13.489862608211826 56.618673232910695 0.0 10.271922226200504 
27.0 500.0 42.95409076634249 26.703300147142123 16.731283726781637 45.725948764309585 0.0 10.117275831791426 
27.5 500.0 42.82302967798295 28.2287572683267 15.40117445314341 52.76604275292018 0.0 10.425319417331027 
28.0 500.0 42.71191380850648 31.9620738922538 11.597022204959607 53.349376086253514 0.0 9.733219702543984 
28.5 500.0 42.508014034678084 32.66148067916502 12.427405343271413 48.90638638511097 0.0 9.862651117638405 
29.0 500.0 42.310269357693706 34.17430746769852 11.022618292215661 52.46927998580442 0.0 9.048407739604485 
29.5 500.0 42.11043570807535 30.5316070655529 13.27386634876335 38.36790407760184 0.0 8.15740213114807 
30.0 500.0 42.088617964713464 31.958346212459933 11.661626706984116 50.348844449511084 0.0 9.310346408088222 
30.5 500.0 41.95914701683748 29.74662724727803 13.709930616165185 46.019253511366514 0.0 9.295096180744583 
31.0 500.0 41.99338041426844 27.69381195315111 15.683971254705671 46.08592017803318 0.0 9.984963532849266 
31.5 500.0 42.132861981870924 30.603173686276083 13.006134654090571 47.41478889409497 0.0 9.250940726530027 
32.0 500.0 42.67814334045802 32.62072175383877 12.642433812757394 48.83933128306448 0.0 8.389952769478217 
32.5 500.0 42.48123359458224 21.99945739532967 21.55033607177567 53.43998995517975 0.0 10.041200888837622 
33.0 500.0 42.49160930384691 28.142904688236065 16.057758213299582 53.43998995517975 0.0 8.676524942225567 
33.5 500.0 41.803143004060175 21.619268815995685 21.374291658277798 47.21447102033659 0.0 8.83315121670232 
34.0 500.0 41.81847627859421 20.911515608975588 22.234365109834368 49.03906800115475 0.0 7.861115584025143 
34.5 500.0 41.81610541836278 26.68634991640105 16.914848914116824 47.253110589823905 0.0 9.264985612791442 
35.0 500.0 41.63444484496051 24.075552161293093 19.403521350373975 46.858616206537306 0.0 8.171312472074407 
35.5 500.0 41.84181383145579 30.027252849789015 13.88086794860222 46.81575906368017 0.0 9.152659089113417 
36.0 500.0 42.25261938637556 30.82603911800792 13.079275959986772 42.68332305379519 0.0 8.394554652662686 
36.5 500.0 42.55736163486068 31.301677865431003 12.038923600184386 42.01886264726386 0.0 10.407660017701701 
37.0 500.0 42.05779095869371 20.506535199009125 21.926148370104034 38.478775657880846 0.0 7.921122235132108 
37.5 500.0 42.11792314616429 19.74025764043094 22.72432623258819 39.66919643048086 0.0 7.891819550813412 
38.0 500.0 41.82835773272679 21.65293745228516 21.76187035702564 45.255277294645644 0.0 7.733326214456894 
38.5 500.0 42.020752111948 25.66913808759133 18.143879213244016 46.77722458230063 0.0 6.69830565861548 
39.0 500.0 42.23290411083343 23.618817722495336 19.572813648833446 46.77722458230063 0.0 8.443692660673431 
39.5 500.0 42.6711267774283 23.467049016700642 20.161147432743146 39.9199196153281 0.0 7.460514316820704 
40.0 500.0 43.352482776159526 24.603860437444702 19.19372877143787 48.87952580555397 0.0 6.838507205544831 
40.5 500.0 43.3838924043443 26.809166558500966 17.244742751611312 45.21582973577954 0.0 8.794553814425976 
41.0 500.0 43.51871432622428 26.907652261436667 17.15836271760133 44.798295557486306 0.0 9.122472204533612 
41.5 500.0 43.54763188779685 32.04736885992184 12.808624861785374 44.964449346812394 0.0 9.684576351554535 
42.0 500.0 43.23363965143929 30.88783016316691 13.78310841299649 40.960983745829395 0.0 9.89295572791458 
42.5 500.0 42.65441503604139 31.982428838907172 12.078814447897347 41.247614919916025 0.0 10.037016497179424 
43.0 500.0 42.65194793298202 29.424872235537666 14.383031550040613 41.64472232673774 0.0 9.963016107797063 
43.5 500.0 42.59655400940217 33.43086911035122 11.289179887210189 47.946575550754 0.0 10.63402046287669 
44.0 500.0 42.34129754497556 28.385805354533723 15.064652167798755 47.34946586604437 0.0 11.259672029637928 
44.5 500.0 42.31143250612782 26.25536690647375 17.508460329758535 47.34946586604437 0.0 7.0371343518656 
45.0 500.0 42.1571791159036 23.82691984055329 19.101019517476328 43.36932463061484 0.0 7.821609611557575 
45.5 500.0 42.16743311252636 24.543154783666743 18.632726660056395 42.44069196811026 0.0 7.835689713477176 
46.0 500.0 42.19419962182769 27.960803905103962 14.763160415052743 42.56331315505305 0.0 9.259292682723451 
46.5 500.0 42.098605815044806 24.556993438078774 18.545722269304353 50.455982123747646 0.0 10.808201236548546 
47.0 500.0 42.31037122338122 25.857888470498995 17.184881549619227 40.151845523590815 0.0 9.425555998500652 
47.5 500.0 42.16883580326796 29.667435057575652 13.87710577513969 39.60314330720283 0.0 9.715261546902669 
48.0 500.0 41.650280168538785 28.497868050169863 15.127134904658918 38.667570338967906 0.0 8.659290560194245 
48.5 500.0 41.345398984201886 27.779825570031587 15.108363716751338 46.50287751771939 0.0 8.783458176965809 
49.0 500.0 41.74977785017574 32.69636950153082 10.895712772342007 46.50287751771939 0.0 8.672408890516751 
49.5 500.0 42.294658469737584 32.54228091842589 11.53636840682974 42.940121815912335 0.0 10.430800107730208 
50.0 500.0 42.55425020082416 30.13382641544063 13.479668094074404 45.826533689572116 0.0 10.005426445815766 
#####################################################################
# End of data export. Simulation finished at: 2020-02-19T15:20+0000 #
#####################################################################
