#####################################################################
# Alchemist log file - simulation started at: 2020-02-21T04:42+0000 #
#####################################################################
# seed = 14.0, speed = 10, meanNeighbors = 7, nodeCount = 20
#
# The columns have the following meaning: 
# time nodes org:protelis:armonicCentralityHLL[Mean] harmonicCentrality[Mean] msqer@harmonicCentrality[Mean] msqer@harmonicCentrality[Max] msqer@harmonicCentrality[Min] msqer@harmonicCentrality[StandardDeviation] 
0.0 20.0 NaN NaN 0.0 0.0 0.0 0.0 
0.5 20.0 0.6666666666666667 9.285 8.985 12.833333333333334 0.0 2.8033808953555424 
1.0 20.0 2.833333333333333 9.041666666666666 6.208333333333333 12.083333333333334 0.0 3.107585983247262 
1.5 20.0 5.370833333333334 9.363333333333333 3.9925 9.5 0.0 2.602846367061705 
2.0 20.0 7.7175 9.676666666666666 1.9591666666666667 5.45 0.0 1.6807951595661659 
2.5 20.0 8.974166666666667 9.653333333333334 0.844166666666667 3.833333333333332 0.0 0.8744467758203981 
3.0 20.0 9.5725 10.033333333333333 0.4608333333333332 1.5000000000000009 0.0 0.48023127347497074 
3.5 20.0 9.911666666666667 10.1 1.0449999999999995 7.75 0.0 2.1307488456584585 
4.0 20.0 10.458333333333334 11.041666666666666 0.6500000000000001 1.9833333333333343 0.0 0.5331414128370365 
4.5 20.0 10.195833333333333 10.18 1.2624999999999997 7.5 0.08333333333333215 2.1462388903076484 
5.0 20.0 10.429166666666667 10.921666666666667 0.7875 7.116666666666666 0.033333333333333215 1.5144708897906858 
5.5 20.0 10.755 11.038333333333334 0.4800000000000001 2.7 0.03333333333333233 0.6459636257932434 
6.0 20.0 10.713333333333333 11.038333333333334 0.3900000000000001 2.7 0.0 0.6615903221677029 
6.5 20.0 10.94 11.088333333333333 0.28833333333333333 0.8333333333333321 0.0 0.2547846241011465 
7.0 20.0 10.942499999999999 11.35 0.49750000000000016 1.9500000000000002 0.0 0.4555465517581201 
7.5 20.0 11.12 11.55 0.5066666666666668 1.8833333333333337 0.05000000000000071 0.4393775501535639 
8.0 20.0 11.295833333333333 11.41 0.5191666666666667 1.4499999999999993 0.033333333333333215 0.3721391851168259 
8.5 20.0 11.440833333333334 11.153333333333332 0.5491666666666665 1.9499999999999993 0.0 0.5617817051226627 
9.0 20.0 11.315 11.026666666666667 0.37499999999999983 1.2666666666666648 0.0 0.3956082000581082 
9.5 20.0 11.3325 11.473333333333333 0.4874999999999998 1.8833333333333329 0.0 0.43575151860310496 
10.0 20.0 11.196666666666667 11.263333333333334 0.5283333333333332 1.6333333333333329 0.16666666666666607 0.49589248504604927 
10.5 20.0 11.225 11.313333333333333 0.3366666666666668 1.3833333333333329 0.10000000000000053 0.29107584269195247 
11.0 20.0 11.4725 11.388333333333334 0.27750000000000025 0.7666666666666675 0.0 0.2673934722573607 
11.5 20.0 11.44 11.555 0.21333333333333346 0.5999999999999996 0.0 0.23249221831912428 
12.0 20.0 11.4025 11.196666666666667 0.5175 2.2666666666666675 0.05000000000000071 0.5453545174541073 
12.5 20.0 11.37 11.26 0.5216666666666667 2.2666666666666675 0.08333333333333393 0.48777751135614655 
13.0 20.0 11.375 11.31 0.2900000000000001 1.116666666666668 0.0 0.2730807562154549 
13.5 20.0 11.415000000000001 9.45 1.9649999999999999 7.5 0.40000000000000036 1.7075246267264181 
14.0 20.0 11.094166666666666 9.5 1.6191666666666666 5.066666666666666 0.25 1.2788915499334677 
14.5 20.0 10.907499999999999 9.766666666666666 1.1958333333333333 5.066666666666666 0.05000000000000071 1.395899121256671 
15.0 20.0 10.4575 9.766666666666667 0.7508333333333329 3.8666666666666663 0.0 0.8330960188406776 
15.5 20.0 10.246309523809524 9.65 0.6429761904761899 2.2595238095238113 0.0 0.5553236343099839 
16.0 20.0 10.213095238095237 10.083333333333334 0.4004761904761903 1.6166666666666654 0.0 0.44190657138165496 
16.5 20.0 10.203095238095237 9.878333333333334 0.5047619047619043 1.809523809523811 0.0 0.5494879300953244 
17.0 20.0 10.133809523809523 9.743333333333334 0.44880952380952355 1.6500000000000004 0.0 0.5049909042179681 
17.5 20.0 10.0875 9.793333333333333 0.4608333333333334 1.8166666666666673 0.0 0.5114557540042871 
18.0 20.0 9.851666666666667 9.876666666666667 0.3500000000000004 1.0833333333333321 0.0 0.39713889037163574 
18.5 20.0 9.868333333333334 9.701666666666666 0.2500000000000001 1.0833333333333321 0.0 0.3690908698077461 
19.0 20.0 9.770833333333334 9.701666666666666 0.16083333333333347 1.0 0.0 0.2675574486051427 
19.5 20.0 9.7225 9.701666666666666 0.07916666666666668 0.5 0.0 0.18232377536768893 
20.0 20.0 9.701666666666666 9.95 0.5233333333333334 2.0666666666666664 0.0 0.5764480875680125 
20.5 20.0 9.793333333333333 9.675 0.5883333333333335 2.583333333333334 0.0 0.7414838134538307 
21.0 20.0 9.706666666666667 9.575 0.29500000000000004 1.4166666666666679 0.0 0.37012326064458007 
21.5 20.0 9.6025 9.491666666666667 0.23249999999999976 1.4166666666666679 0.0 0.3354962720180538 
22.0 20.0 9.535833333333333 9.158333333333333 0.3941666666666667 1.5 0.0 0.4049140765109622 
22.5 20.0 9.419166666666667 9.008333333333333 0.4108333333333334 1.666666666666666 0.0 0.5217288792005027 
23.0 20.0 9.26 8.958333333333334 0.3016666666666667 1.666666666666666 0.0 0.5132997254890503 
23.5 20.0 9.070833333333333 8.766666666666666 0.3041666666666668 1.833333333333334 0.0 0.48836985672650224 
24.0 20.0 8.983333333333333 8.573333333333334 0.4099999999999998 2.0 0.0 0.5636503831152471 
24.5 20.0 8.783333333333333 8.540000000000001 0.28833333333333305 1.4333333333333327 0.0 0.41794890423317 
25.0 20.0 8.636666666666667 9.26 0.6733333333333332 7.2 0.0 1.558333567876894 
25.5 20.0 8.97 9.376666666666667 0.44500000000000006 1.6166666666666671 0.0 0.39934522431992936 
26.0 20.0 9.109166666666667 9.335 0.3058333333333332 1.1166666666666671 0.0 0.361982641501686 
26.5 20.0 9.308333333333334 9.525 0.5333333333333332 2.0 0.0 0.5259077365550168 
27.0 20.0 9.305833333333334 9.126666666666667 0.6308333333333331 3.366666666666667 0.0 0.7834037855589354 
27.5 20.0 9.376666666666667 9.076666666666666 0.6066666666666667 3.366666666666667 0.0 0.8095446702309981 
28.0 20.0 9.194166666666666 9.076666666666666 0.33750000000000013 1.75 0.0 0.4969166626212521 
28.5 20.0 9.1875 8.908333333333333 0.27916666666666684 1.7666666666666675 0.0 0.39528933070696504 
29.0 20.0 9.091666666666667 8.725 0.36666666666666636 1.5 0.0 0.4095711635499939 
29.5 20.0 9.020833333333334 8.573333333333332 0.5258333333333334 1.8499999999999996 0.0 0.5146529802288914 
30.0 20.0 8.743333333333332 8.68 0.51 2.7333333333333325 0.0 0.6341038710639176 
30.5 20.0 8.724166666666667 8.535 0.5958333333333332 2.1833333333333336 0.0 0.5786876411026178 
31.0 20.0 8.618333333333334 8.34 0.5133333333333334 2.1833333333333336 0.0 0.5382883855006648 
31.5 20.0 8.395833333333334 8.43 0.4141666666666664 1.9499999999999993 0.0 0.49005534357466396 
32.0 20.0 8.465833333333332 8.38 0.32583333333333325 1.2499999999999991 0.0 0.36855474808931876 
32.5 20.0 8.306666666666667 8.106666666666667 0.35666666666666663 1.1166666666666654 0.0 0.369185922827557 
33.0 20.0 8.2925 8.156666666666666 0.21749999999999997 0.6666666666666661 0.0 0.19664399215110218 
33.5 20.0 8.178333333333333 8.156666666666666 0.11166666666666666 0.41666666666666785 0.0 0.12566780677969494 
34.0 20.0 8.159166666666668 8.231666666666667 0.11249999999999999 0.8000000000000007 0.0 0.20497289793748086 
34.5 20.0 8.195 8.065 0.17999999999999988 0.6666666666666679 0.0 0.26003823380598406 
35.0 20.0 8.123333333333333 5.6 2.5233333333333334 4.833333333333334 0.0 1.1799172336916572 
35.5 20.0 8.025833333333333 5.55 2.4758333333333336 4.5 0.0 1.0846682059316868 
36.0 20.0 7.845833333333333 5.25 2.595833333333333 5.883333333333333 0.0 1.2829046333401457 
36.5 20.0 7.243333333333333 7.516666666666667 1.1066666666666662 5.883333333333333 0.0 1.4930188421978787 
37.0 20.0 6.921666666666667 7.596666666666667 0.9583333333333335 3.916666666666666 0.0 1.0938891933150547 
37.5 20.0 7.513928571428571 7.3933333333333335 0.46273809523809495 1.3833333333333346 0.0 0.4102737457908569 
38.0 20.0 7.628095238095238 7.261666666666667 0.5235714285714282 1.466666666666666 0.0 0.41034691717309707 
38.5 20.0 7.56 7.875 0.525 6.133333333333333 0.0 1.3653984273819402 
39.0 20.0 7.495 7.325 0.3016666666666662 1.1833333333333318 0.0 0.3597391842734876 
39.5 20.0 7.4875 7.1433333333333335 0.44250000000000006 1.1833333333333318 0.0 0.3510833276075305 
40.0 20.0 7.4904761904761905 7.3 0.4371428571428572 1.1833333333333336 0.0 0.34326973225472307 
40.5 20.0 7.550119047619048 8.04642857142857 0.833452380952381 5.216666666666666 0.0 1.3385129154401518 
41.0 20.0 7.54547619047619 8.04642857142857 0.7271428571428573 5.216666666666666 0.0 1.327954016130871 
41.5 20.0 7.504166666666666 8.155595238095238 0.8520238095238094 5.192857142857143 0.0 1.3461637698342006 
42.0 20.0 7.891249999999999 8.553849206349206 0.7431944444444444 4.482539682539682 0.1345238095238077 0.9909640296448132 
42.5 20.0 8.040416666666667 8.652619047619048 0.826011904761905 5.711904761904762 0.08333333333333393 1.231649058667942 
43.0 20.0 8.33797619047619 8.714761904761904 0.5689285714285712 1.9023809523809518 0.07380952380952444 0.49816735090918485 
43.5 20.0 8.344642857142857 8.538809523809524 0.36214285714285654 1.4023809523809536 0.0 0.38121517408276023 
44.0 20.0 8.614166666666666 8.478095238095237 0.34202380952380945 1.3000000000000007 0.023809523809524613 0.3392821087615661 
44.5 20.0 8.615654761904763 8.478095238095237 0.25470238095238085 1.3000000000000007 0.0 0.29090457826300037 
45.0 20.0 8.576845238095238 8.62404761904762 0.21636904761904754 1.4857142857142849 0.0 0.3375158019223997 
45.5 20.0 8.533452380952381 8.3825 0.32642857142857123 1.4619047619047612 0.016666666666663943 0.44922916036793914 
46.0 20.0 8.496210317460317 8.760238095238096 0.4440277777777782 1.083333333333334 0.06666666666666732 0.29127739511009626 
46.5 20.0 8.542638888888888 8.822619047619048 0.45259920634920636 1.6876984126984125 0.057142857142858716 0.451415953910568 
47.0 20.0 8.629404761904762 8.822619047619048 0.33607142857142835 1.5833333333333321 0.0023809523809532607 0.3657837521157153 
47.5 20.0 8.759166666666667 9.06 0.31416666666666626 1.7976190476190483 0.0 0.4043640053669179 
48.0 20.0 8.894642857142857 6.993333333333333 1.9013095238095237 6.566666666666668 0.7523809523809533 1.581023618250395 
48.5 20.0 8.973690476190477 6.943333333333333 2.0303571428571425 6.166666666666668 0.8166666666666664 1.4642643955902708 
49.0 20.0 8.825119047619047 6.815 2.0101190476190474 6.166666666666668 0.8166666666666664 1.436724826927157 
49.5 20.0 8.44142857142857 6.815 1.626428571428571 4.2666666666666675 0.7261904761904763 1.180695637666773 
50.0 20.0 7.8584523809523805 7.0216666666666665 0.8367857142857142 3.3166666666666673 0.0 0.9130054067622937 
#####################################################################
# End of data export. Simulation finished at: 2020-02-21T04:42+0000 #
#####################################################################
