#####################################################################
# Alchemist log file - simulation started at: 2020-02-20T03:02+0000 #
#####################################################################
# seed = 5.0, speed = 0, meanNeighbors = 10, nodeCount = 2000
#
# The columns have the following meaning: 
# time nodes org:protelis:armonicCentralityHLL[Mean] harmonicCentrality[Mean] msqer@harmonicCentrality[Mean] msqer@harmonicCentrality[Max] msqer@harmonicCentrality[Min] msqer@harmonicCentrality[StandardDeviation] 
0.0 2000.0 NaN NaN 0.0 0.0 0.0 0.0 
0.5 2000.0 3.4261857379767826 162.2996137856573 160.57795545232398 206.10158687758604 95.75952232178543 22.95127809323239 
1.0 2000.0 8.637859000721502 162.2996137856573 153.6617547849358 205.96587259187174 89.09285565511875 22.856459195458765 
1.5 2000.0 20.965612152430904 162.2996137856573 141.3340016332264 197.26232179266367 84.64619175932943 21.367549647439706 
2.0 2000.0 34.08857577778259 162.2996137856573 128.21103800787472 181.79929362062185 83.11100348929935 19.177576862650373 
2.5 2000.0 47.316773086070704 162.2996137856573 114.98284069958659 166.25790306511303 78.88984255298021 16.339437556940563 
3.0 2000.0 59.88107049641766 162.2996137856573 102.41854328923964 150.96082325955157 68.43366876585797 13.626619559868649 
3.5 2000.0 72.76978752381157 162.2996137856573 89.52982626184573 135.199338961011 56.92988835268761 11.526140082368334 
4.0 2000.0 84.77629816443333 162.2996137856573 77.52331562122397 124.62526724854992 48.938743957542584 10.118788544796665 
4.5 2000.0 96.39989594001024 162.2996137856573 65.89971784564707 97.74613603032282 31.596573761449378 10.474020889301439 
5.0 2000.0 106.80660195422688 162.2996137856573 55.49301183143043 91.10674643327987 21.105594476377433 10.971938308839254 
5.5 2000.0 116.37503504499713 162.2996137856573 45.924578740660166 80.4945480278551 15.247107688231296 11.90734236353835 
6.0 2000.0 124.79635021937608 162.2996137856573 37.50326356628123 73.38124643100954 9.04675579464012 11.992262017101982 
6.5 2000.0 132.2267083139387 162.2996137856573 30.07290547171861 73.38124643100954 7.262702682752689 11.995267432207172 
7.0 2000.0 138.6196877038871 162.2996137856573 23.679926081770187 63.76330252850681 3.804397380748526 11.006584457583486 
7.5 2000.0 144.03151763036132 162.2996137856573 18.26809615529598 63.76330252850681 2.8095162646455947 10.071891254577718 
8.0 2000.0 148.4197322531629 162.2996137856573 13.879881532494418 51.5904468902921 2.455217815554704 8.40962606851668 
8.5 2000.0 151.83617815453778 162.2996137856573 10.463435631119523 51.5904468902921 2.1117982085326616 7.209895693072753 
9.0 2000.0 154.50222537647568 162.2996137856573 7.797388409181614 38.089353674920105 1.630395863938702 5.506983263705723 
9.5 2000.0 156.34167747373124 162.2996137856573 5.957936311926073 38.089353674920105 1.4069007039005612 4.397791359638864 
10.0 2000.0 157.70552494382207 162.2996137856573 4.594088841835238 24.60131506407977 1.205305823070205 3.1079156467384106 
10.5 2000.0 158.57259128718007 162.2996137856573 3.7270224984772167 24.601315064079756 0.9755543967460198 2.4047918603239196 
11.0 2000.0 159.2261372740511 162.2996137856573 3.073476511606214 16.16641812931843 0.9755543967460198 1.6292102948796576 
11.5 2000.0 159.60005458686334 162.2996137856573 2.6995591987939673 16.16641812931843 0.8985180345224819 1.275592290279862 
12.0 2000.0 159.86754153119557 162.2996137856573 2.432072254461719 9.123085124210789 0.7638305784921329 0.9738465038557764 
12.5 2000.0 160.0101213691558 162.2996137856573 2.289492416501497 9.123085124210775 0.7584067493290263 0.8734903090982356 
13.0 2000.0 160.11212392672414 162.2996137856573 2.187489858933173 4.3954676789650335 0.6583243140169373 0.8171470967817771 
13.5 2000.0 160.16748788548662 162.2996137856573 2.1321259001706667 3.971055658262898 0.6583243140169373 0.8060084187188415 
14.0 2000.0 160.20458146291767 162.2996137856573 2.0950323227396224 3.791391329283428 0.6382087677984316 0.8034137216780217 
14.5 2000.0 160.2241637848037 162.2996137856573 2.0754500008536154 3.723922727051445 0.6382087677984316 0.8060623325017074 
15.0 2000.0 160.2370758486685 162.2996137856573 2.0625379369888055 3.723922727051445 0.6382087677984316 0.8069420944781924 
15.5 2000.0 160.24281101578165 162.2996137856573 2.0568027698756435 3.723922727051445 0.6305434574308606 0.8088230534220006 
16.0 2000.0 160.2467173278305 162.2996137856573 2.052896457826778 3.723922727051445 0.6305434574308606 0.8102262789481607 
16.5 2000.0 160.24824691076586 162.2996137856573 2.0513668748914493 3.723922727051445 0.6305434574308606 0.8108460408945097 
17.0 2000.0 160.2492846371012 162.2996137856573 2.0503291485561044 3.723922727051445 0.6305434574308606 0.811263741982356 
17.5 2000.0 160.24962322094257 162.2996137856573 2.0499905647147423 3.723922727051445 0.6305434574308606 0.8113805390925245 
18.0 2000.0 160.2497660018764 162.2996137856573 2.0498477837809173 3.723922727051445 0.6305434574308606 0.8114162007102085 
18.5 2000.0 160.2498220469255 162.2996137856573 2.049791738731813 3.723922727051445 0.6305434574308606 0.8114168956404871 
19.0 2000.0 160.24985185217702 162.2996137856573 2.0497619334802852 3.723922727051445 0.6305434574308606 0.8114185829068098 
19.5 2000.0 160.24985749952555 162.2996137856573 2.0497562861317644 3.723922727051445 0.6305434574308606 0.8114181680095538 
20.0 2000.0 160.24986105111745 162.2996137856573 2.0497527345398496 3.723922727051445 0.6305434574308606 0.8114180515621124 
20.5 2000.0 160.24986105111745 162.2996137856573 2.0497527345398496 3.723922727051445 0.6305434574308606 0.8114180515621124 
21.0 2000.0 160.24986105111745 162.2996137856573 2.0497527345398496 3.723922727051445 0.6305434574308606 0.8114180515621124 
21.5 2000.0 160.24986105111745 162.2996137856573 2.0497527345398496 3.723922727051445 0.6305434574308606 0.8114180515621124 
22.0 2000.0 160.24986105111745 162.2996137856573 2.0497527345398496 3.723922727051445 0.6305434574308606 0.8114180515621124 
22.5 2000.0 160.24986105111745 162.2996137856573 2.0497527345398496 3.723922727051445 0.6305434574308606 0.8114180515621124 
23.0 2000.0 160.24986105111745 162.2996137856573 2.0497527345398496 3.723922727051445 0.6305434574308606 0.8114180515621124 
23.5 2000.0 160.24986105111745 162.2996137856573 2.0497527345398496 3.723922727051445 0.6305434574308606 0.8114180515621124 
#####################################################################
# End of data export. Simulation finished at: 2020-02-20T03:14+0000 #
#####################################################################
