#####################################################################
# Alchemist log file - simulation started at: 2020-02-20T22:42+0000 #
#####################################################################
# seed = 12.0, speed = 5, meanNeighbors = 3, nodeCount = 1000
#
# The columns have the following meaning: 
# time nodes org:protelis:armonicCentralityHLL[Mean] harmonicCentrality[Mean] msqer@harmonicCentrality[Mean] msqer@harmonicCentrality[Max] msqer@harmonicCentrality[Min] msqer@harmonicCentrality[StandardDeviation] 
0.0 1000.0 NaN NaN 0.0 0.0 0.0 0.0 
0.5 1000.0 0.8825285043594904 8.756384381272177 8.323767714605511 28.87959262959263 0.0 6.836874317658902 
1.0 1000.0 1.9751190476190479 8.557271649412774 6.6860192684603925 23.182646149224755 0.0 5.567651329666477 
1.5 1000.0 3.9704773809523806 9.31012728514205 5.767436878326643 26.95693430236774 0.0 5.711881781459491 
2.0 1000.0 5.500986904761905 8.048186061213759 3.480626917579615 21.80382773124932 0.0 3.7069267331680864 
2.5 1000.0 6.509126623376623 8.337163800675413 3.368957599941211 18.0956077376356 0.0 3.575796951564806 
3.0 1000.0 7.448556132756133 8.280323973442824 3.139521224254936 19.05238095238095 0.0 3.025989730031632 
3.5 1000.0 8.243584124209123 7.767530092040592 2.9682755832925842 12.16198050315697 0.0 2.499652686364237 
4.0 1000.0 8.897641902541903 7.719203344256363 3.3675691239874674 16.02537185037185 0.0 2.8102403704813956 
4.5 1000.0 9.30731722166722 7.968400204615335 3.716291723413789 18.844480519480516 0.0 2.9906409247714296 
5.0 1000.0 9.777393041680542 8.684162493738674 3.6596555904784926 16.184754950931424 0.0 3.0481641985905528 
5.5 1000.0 10.075091176307353 9.028548213000176 4.6950704938418335 21.308350752088124 0.0 4.084793572749506 
6.0 1000.0 10.673640477801353 8.618640675081995 4.181200242498559 21.362286436697865 0.0 3.9249863396458133 
6.5 1000.0 11.192644498389466 9.191987599214466 4.790913107590671 21.019949494949493 0.0 4.159690486240774 
7.0 1000.0 11.537937318714137 7.436149834570414 5.17519550513658 22.233777333777336 0.0 4.2076356054885595 
7.5 1000.0 11.972406043148458 7.982337388277188 5.054285166582095 21.342399267399262 0.0 4.174419280436469 
8.0 1000.0 12.259801139712765 7.749082560179708 5.750855901984091 20.68993669728964 0.0 4.785704320271526 
8.5 1000.0 12.54001433360503 6.6742762603409655 6.87185662138261 25.471483500159966 0.0 4.9498092327352605 
9.0 1000.0 12.992676185146012 7.028890378764682 7.085695372445005 24.085692085692088 0.0 5.588154393252725 
9.5 1000.0 13.032892266043397 7.148239323055991 7.091853501767008 26.60315619622895 0.0 5.878792523584817 
10.0 1000.0 13.22418240819776 7.040042649050594 7.445150551716496 27.771419675096148 0.0 5.944011907784547 
10.5 1000.0 13.780200617526047 6.446474855002169 8.265866854637473 28.388097278538464 0.0 6.234030567638978 
11.0 1000.0 14.155961259867247 6.933606565548292 8.069913762125337 27.456713762673512 0.0 6.244756624806503 
11.5 1000.0 14.130922702612457 7.479305013610699 7.60416196530074 26.779301658094226 0.0 6.026767216588468 
12.0 1000.0 14.278406456606515 6.62062003112127 8.588568446337144 32.72549484345788 0.0 7.0588631281899685 
12.5 1000.0 14.560794078451929 6.805669076629013 8.86419303655213 32.72549484345788 0.0 7.596787833883216 
13.0 1000.0 14.87725385189083 5.987186322011322 9.770843970105949 36.41291585880143 0.0 8.441023380019285 
13.5 1000.0 15.103510274357596 6.429788058673353 9.686820033498488 36.29335355060974 0.0 8.481629400308215 
14.0 1000.0 15.394775979081256 7.336613963219374 9.488913948736549 35.48445800273757 0.0 8.020744497732789 
14.5 1000.0 15.970476843231763 6.92180638511815 10.043200201736004 35.527298573484465 0.0 8.476787396619022 
15.0 1000.0 16.1796178883149 5.919875846375847 11.16152606902308 38.71506752871258 0.0 9.887996615256492 
15.5 1000.0 16.273735502917056 6.773048504338898 10.570808017750998 38.71506752871258 0.0 9.45330030966473 
16.0 1000.0 16.700445131247008 7.035046274946916 10.754951205409258 41.329060768368045 0.0 9.670065880654143 
16.5 1000.0 16.86724407977801 8.562339158864923 9.675482672945014 36.150825970492285 0.0 8.734000480746596 
17.0 1000.0 17.072929214454298 7.461439805945179 10.619959466189522 44.15413183241017 0.0 9.606509288697456 
17.5 1000.0 17.42948563154371 6.5816803052554596 11.61304316282392 44.15413183241017 0.0 10.745941029454587 
18.0 1000.0 17.68824618272914 6.626649104248751 12.040112963567093 42.178710461916076 0.0 11.173392172512838 
18.5 1000.0 18.13272164790598 6.103296116783113 12.957099382349043 46.39854289776849 0.0 12.022118335336206 
19.0 1000.0 18.298424644746454 7.5408003323206145 12.285989178719026 47.19578093825333 0.0 11.11925203384489 
19.5 1000.0 18.418149445193233 8.77649062531961 11.783709259062345 41.513824833983946 0.0 10.470391299024731 
20.0 1000.0 19.015396927852596 6.889895029643559 13.330024922884789 49.1835859282086 0.0 12.10368571931456 
20.5 1000.0 19.550856379435636 6.836818930940061 13.888306258933502 42.39151721319703 0.0 12.281177291398151 
21.0 1000.0 19.670771333905392 7.904037749883573 13.035962391275199 48.647923323672586 0.0 11.469778630378515 
21.5 1000.0 19.675574662649208 8.58641410378332 12.749043701851281 49.54174108351291 0.0 11.11306465002257 
22.0 1000.0 19.512134016763643 6.8456678640846595 13.85220142487153 49.61256563839894 0.0 12.479007711321357 
22.5 1000.0 19.681878836123946 6.967123689171838 13.752019777239259 47.12927814734725 0.0 12.387826385522905 
23.0 1000.0 20.446534154844507 6.77258917818712 14.404382082314228 50.8229828601433 0.0 12.658302042886355 
23.5 1000.0 20.381167438933073 6.5984607291659145 14.678433094330309 50.8229828601433 0.0 12.981419907423007 
24.0 1000.0 20.336086415529465 9.223654419292497 12.611394646419697 47.12618246671025 0.0 10.804796177361137 
24.5 1000.0 20.604459383691033 7.233570412216923 14.331207228338718 53.65575022299579 0.0 12.763763370824565 
25.0 1000.0 20.822755533173023 7.381369867885812 14.414876067025137 41.670981449506066 0.0 12.837440055199382 
25.5 1000.0 21.18321966950616 8.018377711528437 14.199775882998773 51.81319227521737 0.0 12.573933396829595 
26.0 1000.0 21.218545981264082 7.590596399126369 14.943661944400219 46.28372567139929 0.0 13.367919807516932 
26.5 1000.0 21.346240556692216 6.962956928097105 15.302914690602082 49.72117955081143 0.0 14.183995677757245 
27.0 1000.0 21.129249091548157 7.929705257798886 14.235437299752022 45.6144015049816 0.0 13.088425960411792 
27.5 1000.0 21.084872425602775 7.785728977416431 14.353360471955797 47.74609206567434 0.0 12.947329159237832 
28.0 1000.0 21.225939663240084 8.722574991641768 13.715168599954575 48.579425399007675 0.0 12.58528525125158 
28.5 1000.0 21.18621613481363 10.348615403205587 12.650981331348113 44.91724505404727 0.0 11.651510036271342 
29.0 1000.0 21.36825448963789 7.50484578813545 14.757227801299837 47.632717702110405 0.0 13.491459950840587 
29.5 1000.0 21.443937261848806 6.767949115083378 15.571881390787103 49.34417702704951 0.0 14.446302370193497 
30.0 1000.0 21.008531031843383 8.008680532587128 14.276773228853687 48.38222063423935 0.0 13.208321609988262 
30.5 1000.0 21.17914782907648 6.672378943665179 15.490964388675254 51.249540290885356 0.0 14.818615612050854 
31.0 1000.0 21.44357837786964 6.363000683723105 15.911928731069706 53.191856251363696 0.0 15.327439980878077 
31.5 1000.0 21.884285755213085 6.248617769571255 16.53323342641245 49.26273752371464 0.0 15.37025828426221 
32.0 1000.0 22.082911586409708 6.487181854056489 16.53047951307645 50.42586832370448 0.0 15.09515749618 
32.5 1000.0 21.644059033250667 7.373938908975872 15.310058667899025 52.228144111134036 0.0 13.883302197789476 
33.0 1000.0 21.8040101752598 6.240334897343997 16.3962269738124 49.521550685481536 0.0 15.228092998605014 
33.5 1000.0 21.848965252256818 8.226571945389738 14.474536438019667 50.11293720278579 0.0 13.52446158652166 
34.0 1000.0 21.398231820473242 8.039324642687193 14.813349231077742 51.11293720278579 0.0 13.956458660813631 
34.5 1000.0 21.16673573278087 8.387435916760058 14.20132884050283 47.31455887980629 0.0 13.335042185066046 
35.0 1000.0 21.23399292297136 6.860325098078363 15.505391552048644 44.60425455294957 0.0 15.06995527279214 
35.5 1000.0 21.942688995556672 7.5588056864390145 15.42421374761882 46.61893563552162 0.0 14.58779712984274 
36.0 1000.0 22.473889101438438 7.168370505419135 16.175663670611158 48.87449934393274 0.0 14.90129758755561 
36.5 1000.0 22.607070566291966 7.065869127016476 16.406349536814794 50.42890459503132 0.0 14.899177686968844 
37.0 1000.0 22.563852047732553 6.755576594748188 16.68948216696661 50.61984125359864 0.0 15.179587163706454 
37.5 1000.0 22.708670949034044 6.176569373179281 17.394287786986627 50.06758204991819 0.0 15.836153011822551 
38.0 1000.0 22.514046490188644 6.775975921152867 16.77398727206162 50.03610241843855 0.0 15.305571773875178 
38.5 1000.0 22.386406963572107 8.024849810182996 15.813413345770549 48.53915561668717 0.0 14.34601310917805 
39.0 1000.0 22.77327936388111 7.642242784484149 16.203001561916437 50.278000090455365 0.0 14.754053097311386 
39.5 1000.0 22.762325009658714 8.237234779656003 15.815961997916151 51.74146196617812 0.0 14.195381688715537 
40.0 1000.0 22.629594634500517 7.395359459239301 16.50556022429429 51.13427636681241 0.0 14.979027925224544 
40.5 1000.0 22.424675370955725 6.220530272505273 17.084380809961164 50.96383907779285 0.0 16.10358016220537 
41.0 1000.0 22.26480403841763 6.778736629194237 16.416064960320924 51.86554280806932 0.0 15.204139606020464 
41.5 1000.0 22.093623805861103 7.127978703944462 16.05864327182023 49.078500510673685 0.0 14.461201133693999 
42.0 1000.0 21.904120064887266 7.3228215983923635 15.703602087105939 47.40657327813812 0.0 14.277572156572125 
42.5 1000.0 21.957555983790492 7.654784737256245 15.280257635465887 48.450987384982966 0.0 14.215489124877623 
43.0 1000.0 22.139651632363385 7.195253410990529 15.982713805156493 49.64133351567983 0.0 15.089325420798048 
43.5 1000.0 22.042725146252664 7.13045642049639 15.863312622262994 50.458793404204954 0.0 14.986533846549655 
44.0 1000.0 22.173748942505668 6.731658062705305 16.290054125173018 51.274049717465694 0.0 15.287339394819773 
44.5 1000.0 22.07082897265163 6.037595813345581 16.76116264492191 52.18433165260497 0.0 16.070341429531663 
45.0 1000.0 21.875922980999647 6.893357049800897 15.904103218979586 56.92529616843319 0.0 15.28509002292433 
45.5 1000.0 21.273056750802635 6.466552298759032 15.923497708211237 53.87886759700462 0.0 15.768029301399668 
46.0 1000.0 21.15004324724352 6.681042744298047 15.88038748458029 52.97269007520611 0.0 15.5199298119432 
46.5 1000.0 21.23534521877129 7.222269257471789 15.075296612557878 49.32931200803697 0.0 14.949766369501441 
47.0 1000.0 20.774947406386968 6.4097755744434295 15.116805628504734 46.735287022232185 0.0 15.536282331474492 
47.5 1000.0 20.843550649243443 6.368872909761377 15.30516450812278 47.41032633965914 0.0 15.61709541032408 
48.0 1000.0 20.651458311003477 7.233834170132854 14.85894933283548 53.06746961172317 0.0 15.040632993165826 
48.5 1000.0 20.618442899274562 6.165069028683735 15.492981525680834 51.468868100163114 0.0 15.792498105235431 
49.0 1000.0 20.44452761366442 6.762384669303864 14.852512571053092 47.08082317602378 0.0 15.017099072084305 
49.5 1000.0 19.964849122153236 6.324136103154933 14.951009950042012 47.737434059734476 0.0 15.061611130156578 
50.0 1000.0 19.74142627924155 6.033797757797758 14.785202292117564 48.38073397256142 0.0 15.251001347763522 
#####################################################################
# End of data export. Simulation finished at: 2020-02-20T22:44+0000 #
#####################################################################
