#####################################################################
# Alchemist log file - simulation started at: 2020-02-22T01:47+0000 #
#####################################################################
# seed = 6.0, speed = 0, meanNeighbors = 5, nodeCount = 5000
#
# The columns have the following meaning: 
# time nodes org:protelis:armonicCentralityHLL[Mean] harmonicCentrality[Mean] msqer@harmonicCentrality[Mean] msqer@harmonicCentrality[Max] msqer@harmonicCentrality[Min] msqer@harmonicCentrality[StandardDeviation] 
0.0 5000.0 NaN NaN 0.0 0.0 0.0 0.0 
0.5 5000.0 1.4357823669579033 106.61824506338498 105.89518506338497 180.35089490409817 0.0 46.59618987788995 
1.0 5000.0 3.41925904761905 106.61824506338498 103.19898601576593 177.62143727564413 0.0 46.12256653198077 
1.5 5000.0 7.286786536796537 106.61824506338498 99.33145852658843 170.65227967372175 0.0 45.358988462028144 
2.0 5000.0 10.61338936951937 106.61824506338498 96.00485569386561 166.79073349104505 0.0 44.329397926716815 
2.5 5000.0 13.268098705183705 106.61824506338498 93.35014635820127 159.5856130070551 0.0 43.3636283732871 
3.0 5000.0 15.709668309631544 106.61824506338498 90.90857675375342 157.04706095518986 0.0 42.28027556114311 
3.5 5000.0 17.98856246965453 106.61824506338498 88.62968259373044 150.59053321577244 0.0 41.27272434629915 
4.0 5000.0 20.160941040502326 106.61824506338498 86.45730402288265 148.67761651074542 0.0 40.228452401113586 
4.5 5000.0 22.227490440616876 106.61824506338498 84.3907546227681 142.0984178705142 0.0 39.2326429490702 
5.0 5000.0 24.252667083757093 106.61824506338498 82.36557797962789 136.89168107595998 0.0 38.19700068682707 
5.5 5000.0 26.20271933920582 106.61824506338498 80.41552572417915 134.51263611287536 0.0 37.20733413045059 
6.0 5000.0 28.143074811649893 106.61824506338498 78.47517025173508 129.278459454135 0.0 36.15598181348551 
6.5 5000.0 30.033433180579244 106.61824506338498 76.58481188280572 126.86630747598485 0.0 35.14097519553756 
7.0 5000.0 31.931702536958817 106.61824506338498 74.68654252642615 122.55755455078307 0.0 34.077866845219084 
7.5 5000.0 33.77811088903024 106.61824506338498 72.84013417435473 117.8805235831622 0.0 33.048755703565476 
8.0 5000.0 35.645848986535285 106.61824506338498 70.97239607684968 112.3358447414373 0.0 31.988785755597696 
8.5 5000.0 37.44053616061378 106.61824506338498 69.17770890277119 108.2418904384394 0.0 30.987635997990505 
9.0 5000.0 39.24097059721404 106.61824506338498 67.37727446617095 105.68954779960765 0.0 29.97801030322668 
9.5 5000.0 40.99180384967991 106.61824506338498 65.62644121370506 101.31604304243169 0.0 29.029431686027078 
10.0 5000.0 42.77087859060468 106.61824506338498 63.847366472780294 100.83678643489681 0.0 28.06615159623471 
10.5 5000.0 44.50340190947414 106.61824506338498 62.114843153910826 95.39548014886401 0.0 27.163883673689046 
11.0 5000.0 46.264909127899784 106.61824506338498 60.35333593548519 95.39548014886401 0.0 26.26086495409672 
11.5 5000.0 47.9792660256023 106.61824506338498 58.638979037782676 88.81755568579769 0.0 25.41013588944509 
12.0 5000.0 49.70359098286326 106.61824506338498 56.914654080521714 88.2120213306982 0.0 24.58614007724729 
12.5 5000.0 51.39914133973034 106.61824506338498 55.219103723654634 83.34416321865507 0.0 23.796617328072283 
13.0 5000.0 53.114355445440154 106.61824506338498 53.503889617944814 79.57417852666339 0.0 23.044251971248986 
13.5 5000.0 54.81663746341508 106.61824506338498 51.80160759996989 77.9574737519948 0.0 22.312952978452643 
14.0 5000.0 56.516851389363474 106.61824506338498 50.1013936740215 74.35560128498489 0.0 21.635774018321783 
14.5 5000.0 58.206495996166495 106.61824506338498 48.41174906721847 74.14246102352755 0.0 20.97703099367778 
15.0 5000.0 59.87966027352454 106.61824506338498 46.738584789860425 71.2134603605325 0.0 20.37508602212037 
15.5 5000.0 61.5617634832904 106.61824506338498 45.05648158009458 71.09314163117585 0.0 19.78740306597714 
16.0 5000.0 63.231706294650344 106.61824506338498 43.386538768734624 68.36759813805786 0.0 19.249076471869106 
16.5 5000.0 64.89218170071499 106.61824506338498 41.72606336266999 67.74350630009545 0.0 18.731098372191994 
17.0 5000.0 66.5364777728351 106.61824506338498 40.08176729054988 65.22637467226278 0.0 18.261884373996278 
17.5 5000.0 68.15844589213803 106.61824506338498 38.45979917124694 63.63070964737791 0.0 17.813313943681226 
18.0 5000.0 69.7819193314509 106.61824506338498 36.836325731934075 61.34978781657101 0.0 17.405658890743705 
18.5 5000.0 71.36492700104901 106.61824506338498 35.25331806233596 59.11952992972933 0.0 17.001477246468653 
19.0 5000.0 72.9168692352006 106.61824506338498 33.70137582818438 58.12937140521788 0.0 16.625978694050037 
19.5 5000.0 74.43525390803386 106.61824506338498 32.18299115535112 56.91328668946999 0.0 16.243706564290353 
20.0 5000.0 75.92988549982518 106.61824506338498 30.688359563559796 55.98111923900011 0.0 15.888557181195202 
20.5 5000.0 77.38036974034002 106.61824506338498 29.237875323044957 53.96875808601223 0.0 15.527642022237469 
21.0 5000.0 78.78489017088626 106.61824506338498 27.83335489249871 53.107921231856416 0.0 15.19543253209481 
21.5 5000.0 80.15120323574695 106.61824506338498 26.467041827638024 52.04817076958397 0.0 14.842873472592379 
22.0 5000.0 81.46359022406646 106.61824506338498 25.154654839318514 51.274334533009025 0.0 14.51029086089378 
22.5 5000.0 82.7447656126154 106.61824506338498 23.873479450769576 49.98392833071479 0.0 14.15559943888775 
23.0 5000.0 83.98473140291499 106.61824506338498 22.63351366046999 49.25504240613489 0.0 13.816639527897937 
23.5 5000.0 85.18954693012573 106.61824506338498 21.42869813325925 48.52084274301197 0.0 13.445630402710263 
24.0 5000.0 86.35365584785416 106.61824506338498 20.264589215530822 47.291052674547814 0.0 13.098513921324825 
24.5 5000.0 87.46901652161446 106.61824506338498 19.149228541770512 46.687929467010875 0.0 12.717103463847693 
25.0 5000.0 88.53953836525473 106.61824506338498 18.078706698130247 45.486284310553415 0.0 12.38129735620182 
25.5 5000.0 89.5645341670538 106.61824506338498 17.05371089633118 45.45952175132322 0.0 12.009621686854988 
26.0 5000.0 90.53076121773113 106.61824506338498 16.08748384565384 43.803961207175945 0.0 11.666915592887262 
26.5 5000.0 91.47669569785701 106.61824506338498 15.141549365527956 43.78741750603145 0.0 11.291201960774027 
27.0 5000.0 92.35879880805314 106.61824506338498 14.259446255331829 42.217709173730526 0.0 10.94537042937035 
27.5 5000.0 93.22502575076005 106.61824506338498 13.39321931262492 41.89547436710955 0.0 10.569163335487854 
28.0 5000.0 94.04735585163778 106.61824506338498 12.57088921174719 40.4198029065564 0.0 10.206177327061972 
28.5 5000.0 94.84741456836903 106.61824506338498 11.77083049501594 39.95085639348305 0.0 9.817638031526009 
29.0 5000.0 95.59060618993729 106.61824506338498 11.027638873447676 38.42452176811784 0.0 9.442631183726942 
29.5 5000.0 96.31248830391716 106.61824506338498 10.305756759467803 38.01460509221943 0.0 9.06437195879934 
30.0 5000.0 96.99091695454035 106.61824506338498 9.627328108844617 36.71965642646143 0.0 8.696280795872768 
30.5 5000.0 97.64094070945076 106.61824506338498 8.977358685791504 36.307243409586846 0.0 8.319921374237275 
31.0 5000.0 98.2500154218099 106.61824506338498 8.36855118963831 34.67902699254443 0.0 7.9626216430486725 
31.5 5000.0 98.82787587842206 106.61824506338498 7.7913206437691125 34.29587703685684 0.0 7.591052845190004 
32.0 5000.0 99.36366015265803 106.61824506338498 7.255992479192179 32.80625491254324 0.0 7.248962772061696 
32.5 5000.0 99.88061015575646 106.61824506338498 6.739903712500567 32.449049406099505 0.0 6.894513254486774 
33.0 5000.0 100.35598354928251 106.61824506338498 6.265228042899774 31.05333229596556 0.0 6.565383184547698 
33.5 5000.0 100.81367729209083 106.61824506338498 5.808616967454398 30.719766426585913 0.0 6.226876087798292 
34.0 5000.0 101.23071094462321 106.61824506338498 5.392576105101594 28.90371480952377 0.0 5.905018434051783 
34.5 5000.0 101.63864450244913 106.61824506338498 4.98528727964305 28.59796169247855 0.0 5.585715571385782 
35.0 5000.0 102.01521634524059 106.61824506338498 4.609146896301875 26.54187487131462 0.0 5.280012847045763 
35.5 5000.0 102.37752345614896 106.61824506338498 4.2476134033593285 26.26573291133964 0.0 4.972481919129429 
36.0 5000.0 102.71211912457836 106.61824506338498 3.913749508006222 24.724463439797596 0.0 4.679290780369264 
36.5 5000.0 103.03344512419133 106.61824506338498 3.593333541601114 24.47093700391917 0.0 4.375649636538861 
37.0 5000.0 103.32018525191192 106.61824506338498 3.3076234531923894 22.77309169109425 0.0 4.095011804136461 
37.5 5000.0 103.59901667930218 106.61824506338498 3.030100450040393 22.54293080185473 0.0 3.8009335962880706 
38.0 5000.0 103.8390197319968 106.61824506338498 2.7912294929332573 21.28190375901223 0.0 3.5401177922350096 
38.5 5000.0 104.07190622200356 106.61824506338498 2.5593812043517032 21.06954222686128 0.0 3.2731361779376065 
39.0 5000.0 104.27486379306124 106.61824506338498 2.3573671729251284 19.34308240052473 0.0 3.041052740590516 
39.5 5000.0 104.46727846140948 106.61824506338498 2.1656163638463672 19.15294495906111 0.0 2.804484180868544 
40.0 5000.0 104.64301530930938 106.61824506338498 1.9904513792419716 16.847070893107436 0.0 2.594250054216919 
40.5 5000.0 104.80627038908062 106.61824506338498 1.8279320508883568 16.684890237607853 0.0 2.3799520322338643 
41.0 5000.0 104.94983338500073 106.61824506338498 1.684781486828437 14.355953541516897 0.0 2.1898413676464394 
41.5 5000.0 105.07666874318086 106.61824506338498 1.558334370521298 14.220805012512969 0.0 2.0134500994786926 
42.0 5000.0 105.1869816245537 106.61824506338498 1.4485325514482208 12.497533227881952 0.0 1.8645124443647014 
42.5 5000.0 105.28940835678216 106.61824506338498 1.3463593313200477 12.382335796877967 0.0 1.728733020502932 
43.0 5000.0 105.37920828423478 106.61824506338498 1.256868944212662 10.70351214250941 0.0 1.6093378210344158 
43.5 5000.0 105.46425493364099 106.61824506338498 1.172088661597978 10.607146995481159 0.0 1.4949196145835792 
44.0 5000.0 105.53557505717095 106.61824506338498 1.1010108843553519 8.629951641255289 0.0 1.3957887319517073 
44.5 5000.0 105.60271392992915 106.61824506338498 1.0340033985250916 8.554432144215106 0.0 1.304083317821558 
45.0 5000.0 105.659576834106 106.61824506338498 0.9772047035984943 7.801992205000147 0.0 1.229369231496784 
45.5 5000.0 105.71133722521559 106.61824506338498 0.9254660260325273 7.734891907843526 0.0 1.1625592344191427 
46.0 5000.0 105.75989859852524 106.61824506338498 0.8769302936372131 6.511480935397174 0.0 1.0995646928651732 
46.5 5000.0 105.79984535221982 106.61824506338498 0.8369898655259448 6.457196324411932 0.0 1.0430692008350106 
47.0 5000.0 105.8367540241991 106.61824506338498 0.8001007722607703 5.371390537424205 0.0 0.9893110084940105 
47.5 5000.0 105.87275072544291 106.61824506338498 0.7641431363972155 5.3283205368976 0.0 0.9362411099832292 
48.0 5000.0 105.90355818991856 106.61824506338498 0.7333600474335612 4.789883925051669 0.0 0.8881774437653617 
48.5 5000.0 105.93390373234683 106.61824506338498 0.7030204097584826 4.752507861995596 0.0 0.8362335606909981 
49.0 5000.0 105.95936422091992 106.61824506338498 0.6775599211854009 4.473422599254533 0.0 0.7915075858395242 
49.5 5000.0 105.98347428237585 106.61824506338498 0.6534498597294677 4.439250112603304 0.0 0.7476692436376566 
50.0 5000.0 106.00468037798589 106.61824506338498 0.6322437641194275 4.239316871865071 0.0 0.7130229542794906 
#####################################################################
# End of data export. Simulation finished at: 2020-02-22T02:42+0000 #
#####################################################################
