#####################################################################
# Alchemist log file - simulation started at: 2020-02-21T09:37+0000 #
#####################################################################
# seed = 16.0, speed = 10, meanNeighbors = 2, nodeCount = 200
#
# The columns have the following meaning: 
# time nodes org:protelis:armonicCentralityHLL[Mean] harmonicCentrality[Mean] msqer@harmonicCentrality[Mean] msqer@harmonicCentrality[Max] msqer@harmonicCentrality[Min] msqer@harmonicCentrality[StandardDeviation] 
0.0 200.0 NaN NaN 0.0 0.0 0.0 0.0 
0.5 200.0 0.39409722222222215 2.8726666666666665 2.6835 7.5 0.0 1.8631345126350836 
1.0 200.0 1.0074999999999998 2.662 1.8253333333333333 5.916666666666667 0.0 1.4290321112508415 
1.5 200.0 1.94 2.651595598845599 1.3029289321789321 6.342857142857143 0.0 1.2294853225412667 
2.0 200.0 2.4961666666666664 2.3937619047619045 1.2033333333333336 4.0 0.0 1.0393122779285335 
2.5 200.0 2.6990833333333333 2.4815238095238095 1.1490119047619047 4.533333333333333 0.0 1.0615491792259188 
3.0 200.0 2.8006666666666664 2.8112936507936506 1.3124603174603173 7.676190476190477 0.0 1.236317398485281 
3.5 200.0 2.873297619047619 2.80961544011544 1.3419999999999999 8.492857142857144 0.0 1.3829436589138946 
4.0 200.0 2.922547619047619 2.942007936507937 1.1703809523809525 7.616666666666667 0.0 1.2951132211075471 
4.5 200.0 3.048869047619047 2.591190476190476 1.3413809523809523 9.0 0.0 1.438446977842468 
5.0 200.0 2.9746031746031747 2.381496031746032 1.4480992063492064 5.657142857142855 0.0 1.3833651215989335 
5.5 200.0 2.8812103174603174 2.44547619047619 1.1978650793650794 6.676190476190477 0.0 1.215153400732378 
6.0 200.0 2.8989345238095243 2.3946428571428573 1.2619107142857142 5.898015873015873 0.0 1.4484859752582784 
6.5 200.0 2.7846751443001443 2.3367619047619046 1.199103715728716 7.25 0.0 1.2836629046454293 
7.0 200.0 2.683987012987013 2.3154999999999997 1.200487012987013 5.043650793650793 0.0 1.1615232833200222 
7.5 200.0 2.646801948051948 2.0343333333333335 1.1314686147186148 5.551984126984127 0.0 1.1320563529156231 
8.0 200.0 2.5721219336219336 2.1565952380952385 1.2382886002886004 6.333333333333333 0.0 1.1775541702381316 
8.5 200.0 2.5378647186147187 2.4057619047619045 1.2441623376623376 6.333333333333333 0.0 1.1638751636192455 
9.0 200.0 2.564378968253968 2.3632539682539684 1.2055575396825398 6.333333333333333 0.0 1.2525696925015886 
9.5 200.0 2.677434218559218 2.5073015873015874 1.542469932844933 8.362734487734489 0.0 1.5189994560946016 
10.0 200.0 2.729300851925852 2.490857142857143 1.2061341852591851 7.894527694527692 0.0 1.2570267520533627 
10.5 200.0 2.6527050727050727 2.534944277944278 1.3397243867243869 7.894527694527692 0.0 1.3619489004930176 
11.0 200.0 2.9180709290709292 2.290186507936508 1.5161185481185482 8.845634920634918 0.0 1.612974764069254 
11.5 200.0 3.0564177003552 2.3325 1.5787510336885338 7.3273809523809526 0.0 1.6298179984990269 
12.0 200.0 2.9949064775094185 2.303 1.445235842588784 8.37579365079365 0.0 1.6165836853724223 
12.5 200.0 3.007974820930703 2.4646666666666666 1.6333200590259414 8.57367950676774 0.0 1.7174085993724697 
13.0 200.0 2.949471128136569 2.478119047619048 1.624042556707998 8.111904761904762 0.0 1.5421612647203398 
13.5 200.0 2.924511610809211 2.378 1.543178277475878 6.672018156422181 0.0 1.500098921197273 
14.0 200.0 2.982697751057852 2.5313333333333334 1.5334440325541332 6.672018156422181 0.0 1.4192905212232547 
14.5 200.0 2.7764262278614056 2.538297619047619 1.3792595611947394 5.4673604173604184 0.0 1.3995130044665565 
15.0 200.0 2.752221226056365 2.791404761904762 1.2653402736754131 5.694766344766345 0.0 1.3857489585321197 
15.5 200.0 3.0533329989294367 2.6603333333333334 1.286130617977056 6.20983460983461 0.0 1.4143340825610908 
16.0 200.0 3.129826247210224 2.5885 1.4084810091149857 6.20983460983461 0.0 1.41010563643504 
16.5 200.0 3.1942824883449883 2.804845238095238 1.3227586788211787 6.6 0.0 1.2780225806108696 
17.0 200.0 3.2776838512794395 2.6815357142857144 1.4959933750889634 6.152380952380952 0.0 1.4304808752181133 
17.5 200.0 3.296985854015266 2.7600714285714285 1.4945966043760162 6.285862748362749 0.0 1.495495106412331 
18.0 200.0 3.3919535023584944 3.2197420634920637 1.467941236846229 8.1 0.0 1.5728065380916194 
18.5 200.0 3.492209715271828 3.135555916305916 1.6771884310005438 8.834523809523809 0.0 1.6053565513279426 
19.0 200.0 3.550672241071622 2.9137142857142857 1.7212634276628083 7.775950335354358 0.0 1.5481359021446135 
19.5 200.0 3.4719742359678505 2.6743333333333332 1.6311848031784177 7.775950335354358 0.0 1.5634177837741623 
20.0 200.0 3.4528655118101708 3.010261904761905 1.5556869403815998 6.6035883406239435 0.0 1.5046117642019126 
20.5 200.0 3.596920919107216 2.773357142857143 1.7202106016468983 9.460497835497835 0.0 1.834925957367245 
21.0 200.0 3.5728185351501076 2.970330086580087 1.4950735856551578 7.88452380952381 0.0 1.4077563892334615 
21.5 200.0 3.4514319216925218 2.971150432900433 1.539709477470078 8.261033411033411 0.0 1.6416016393430033 
22.0 200.0 3.341671006667911 2.808690476190476 1.6431602396571434 10.573720723720724 0.0 1.9267625431189956 
22.5 200.0 3.406283968052931 2.6575238095238096 1.6924744442434072 8.481271506271504 0.0 1.8102213307017025 
23.0 200.0 3.504876362457632 2.5583373015873017 1.7087760193882486 7.372058497058494 0.0 1.920881767616661 
23.5 200.0 3.4500318371643837 2.5013928571428576 1.6768889800215263 9.315102952602954 0.0 1.8582005697410795 
24.0 200.0 3.4451125895658388 2.4676309523809525 1.8089776689309178 10.526735029676207 0.0 2.2442523571161805 
24.5 200.0 3.3555070026853238 2.447761904761905 1.6782450979234194 8.484093662615333 0.0 1.9595686537575752 
25.0 200.0 3.0415908226825743 2.529809523809524 1.5118646322063842 8.484093662615333 0.0 1.7547639643664128 
25.5 200.0 2.8402402597402596 2.3560952380952385 1.2681688311688313 8.028968253968253 0.0 1.5544226074323229 
26.0 200.0 3.0658948412698415 2.685156204906205 1.7625272366522367 6.622619047619047 0.0 1.637523691758962 
26.5 200.0 2.941753968253968 2.470142857142857 1.461063492063492 5.929761904761905 0.0 1.320887279613676 
27.0 200.0 2.721111111111111 2.6276904761904767 1.270015873015873 4.833333333333333 0.0 1.1648728399423418 
27.5 200.0 2.9281031746031747 2.6239999999999997 1.384436507936508 7.448015873015873 0.0 1.3463405600680904 
28.0 200.0 3.033359126984127 2.739357142857143 1.4039543650793649 6.628174603174603 0.0 1.4682286410453063 
28.5 200.0 3.114189033189033 2.4990952380952383 1.3114271284271284 6.628174603174603 0.0 1.385949943955704 
29.0 200.0 3.116440836940837 2.506873015873016 1.3979368686868687 6.459126984126986 0.0 1.436456203963354 
29.5 200.0 3.084804112554113 2.7724778554778555 1.5040200632700633 6.791269841269842 0.0 1.4708518128119261 
30.0 200.0 2.976875222000222 2.2393333333333336 1.4005418886668888 6.4 0.0 1.2908084304733154 
30.5 200.0 2.801289183039183 2.7617784992784995 1.5855637140637142 7.783333333333333 0.0 1.534904388546657 
31.0 200.0 2.7587420634920634 2.6133690476190474 1.3551587301587302 8.5 0.0 1.287105902536076 
31.5 200.0 2.9813373015873017 2.904389110889111 1.4582465867465868 6.291738816738816 0.0 1.4265134423563748 
32.0 200.0 3.189426948051948 2.9432767510267515 1.497251456876457 6.848845598845599 0.0 1.3891129067740502 
32.5 200.0 3.3486596875346875 2.6750238095238097 1.5427390526140528 6.2 0.0 1.505983831729508 
33.0 200.0 3.4488074425574426 3.0080678210678213 1.4872515262515262 6.657190032190031 0.0 1.445431701197616 
33.5 200.0 3.36313933982684 2.7971666666666666 1.7271673673548673 10.943734043734043 0.0 1.9138701892668688 
34.0 200.0 3.3823335018739433 2.8332698412698414 1.5784803272707684 9.11575785325785 0.0 1.6276317951304242 
34.5 200.0 3.4647767800010447 3.0300555555555557 1.4271696371439018 7.242868242868242 0.0 1.5872578626061222 
35.0 200.0 3.6070486860920297 2.947952380952381 1.7051280511713949 7.585986235986235 0.0 1.6785742467028317 
35.5 200.0 3.8432928680581546 2.9221908369408367 1.7011417136570002 7.585986235986235 0.0 1.7557548781792351 
36.0 200.0 3.7076670652404013 2.5409285714285716 1.7984051604784963 9.87332014390838 0.0 2.162756667360396 
36.5 200.0 3.573917111139634 2.5870396825396824 1.6995265849991081 9.022551468139703 0.0 1.8167695906297965 
37.0 200.0 3.4808105579705813 2.8247665945165945 1.7104144540744772 7.163943409531646 0.0 1.5941566699021843 
37.5 200.0 3.1765699252587796 2.41 1.4520223062111606 6.605591630591631 0.0 1.4993555707355763 
38.0 200.0 3.2749488436829766 2.663261904761905 1.5645608552524188 6.604376179376179 0.0 1.5600381455369647 
38.5 200.0 3.426782342141862 2.995712703962704 1.834378801238321 10.193086690571208 0.0 1.8119612680272512 
39.0 200.0 3.567702036267826 2.6018333333333334 1.8480353696011589 9.999508046992567 0.0 2.0600721349815854 
39.5 200.0 3.8138543577810218 2.9584722222222224 1.5619257863524503 7.699999999999999 0.0 1.7179544963214952 
40.0 200.0 3.8121549778761046 3.104416666666667 1.698402480373607 9.38773448773449 0.0 1.9868494041234144 
40.5 200.0 3.7829401114442085 2.9076435786435786 1.6407016554557525 9.38773448773449 0.0 1.966618786044505 
41.0 200.0 3.8144951713130726 2.732392857142857 1.9492691195870204 7.8952380952380965 0.0 2.2063488525422996 
41.5 200.0 3.807587269551876 2.7057380952380954 1.9501428251074318 9.422594072594075 0.0 2.2736979676121534 
42.0 200.0 3.5506585694707917 2.722988095238095 1.719051426613649 9.922594072594075 0.0 1.9774677585740466 
42.5 200.0 3.5834891472487818 2.7745952380952383 1.8982669250265596 8.860317460317459 0.0 1.956589564598102 
43.0 200.0 3.595090046349681 3.1859487734487737 1.6282722252818598 8.25473692973693 0.0 1.698157896743256 
43.5 200.0 3.579495268620269 2.466833333333333 1.6998325702075703 6.609199134199133 0.0 1.7160478547271383 
44.0 200.0 3.580169677544678 2.301 1.9181696775446775 9.464033189033188 0.0 2.0508222458548504 
44.5 200.0 3.3295553196803196 2.4622619047619048 1.7172616688866689 9.270931845931846 0.0 1.8819458346572329 
45.0 200.0 3.2669731795981796 2.277166666666667 1.6753180569430568 7.704265179265178 0.0 1.8445387727727438 
45.5 200.0 3.1678229589038414 2.613040404040404 1.477922886753769 6.305491730491731 0.0 1.501762400426858 
46.0 200.0 3.110979417641182 2.5825321067821068 1.5975627509745156 7.6255272505272504 0.0 1.6754945504379124 
46.5 200.0 3.0350617478926303 2.6716428571428574 1.4545141288450112 6.427380952380952 0.0 1.4418925686153534 
47.0 200.0 2.93929559737648 2.9044761904761907 1.348176549757432 6.427380952380952 0.0 1.2238405871845963 
47.5 200.0 2.9649841849327143 2.792261904761905 1.3925556135041428 6.703114369290841 0.0 1.3550336983046631 
48.0 200.0 3.357001221817398 3.262222222222222 1.3597274122935887 6.703114369290841 0.0 1.3573055942348584 
48.5 200.0 3.379483868255927 2.5667619047619046 1.416650534922594 6.402380952380952 0.0 1.3572834613026166 
49.0 200.0 3.427468815283444 2.7410238095238095 1.3274450057596343 5.529332024184965 0.0 1.3270493173894276 
49.5 200.0 3.436740503347701 2.6113333333333335 1.517796058903257 7.421428571428571 0.0 1.5539756227974193 
50.0 200.0 3.3344628465789454 2.671 1.556871215987315 6.796428571428571 0.0 1.6157169623681344 
#####################################################################
# End of data export. Simulation finished at: 2020-02-21T09:37+0000 #
#####################################################################
