#####################################################################
# Alchemist log file - simulation started at: 2020-02-20T22:40+0000 #
#####################################################################
# seed = 12.0, speed = 5, meanNeighbors = 3, nodeCount = 500
#
# The columns have the following meaning: 
# time nodes org:protelis:armonicCentralityHLL[Mean] harmonicCentrality[Mean] msqer@harmonicCentrality[Mean] msqer@harmonicCentrality[Max] msqer@harmonicCentrality[Min] msqer@harmonicCentrality[StandardDeviation] 
0.0 500.0 NaN NaN 0.0 0.0 0.0 0.0 
0.5 500.0 0.7228915662650606 6.939598381992964 6.579598381992963 19.01480186480186 0.0 4.427061192404928 
1.0 500.0 1.7625666666666664 6.5193177189511555 4.819417718951155 13.647619047619047 0.0 3.2488153206607278 
1.5 500.0 3.4836 6.920311990486294 3.8684215142958176 14.585902985902987 0.0 3.0605454905822542 
2.0 500.0 4.596938095238095 7.251993799990859 3.3292185086155675 13.027777777777779 0.0 2.7939457661092186 
2.5 500.0 5.36824126984127 7.484660272193521 3.106828337461586 14.211563170231898 0.0 3.191806975601574 
3.0 500.0 6.014953968253969 7.533017556371414 2.8276510454975607 12.400546862888978 0.0 2.8302349615976765 
3.5 500.0 6.628622366522366 7.627652855346002 3.136351867445014 12.65754590054058 0.0 2.9077431288277205 
4.0 500.0 7.227339393939394 7.781931162466256 3.3989520637871573 16.10960730446024 0.0 2.883328138573794 
4.5 500.0 7.685831307581307 8.217634636031471 3.0209475939966164 15.487245571765696 0.0 2.615374413882227 
5.0 500.0 8.137169104751457 7.920331820650745 3.1412234607122733 15.673118548118545 0.0 2.6747652996736124 
5.5 500.0 8.371176253158607 7.127629223530392 3.1168598372809195 12.8789294039294 0.0 2.630944657964828 
6.0 500.0 8.808114270043681 6.8790785168048325 3.1544664591170783 15.644319569319563 0.0 2.864647039465602 
6.5 500.0 8.864359388977036 7.200400636637708 3.492075137909109 14.811616161616161 0.0 3.2578120869711453 
7.0 500.0 8.769160591609973 6.5556274823216 3.493553075270103 15.769047619047615 0.0 3.211235656500571 
7.5 500.0 8.990519343882811 5.650017315364374 4.19266800143441 17.75081666699314 0.0 3.925464100420862 
8.0 500.0 9.199763059352069 5.674706061475056 4.333124040603808 18.62413974913975 0.0 4.078891232064571 
8.5 500.0 9.079286707977266 5.462878654987943 4.450176102999168 19.55478132978133 0.0 4.058927228363488 
9.0 500.0 9.102423518621041 5.405911610611611 4.601453788351312 19.273483602740576 0.0 4.378047300052442 
9.5 500.0 9.314857491596811 5.863365232342477 4.492802911914367 18.000318390759567 0.0 4.358008296553396 
10.0 500.0 9.321781375165644 6.099043045791498 4.745490749193747 18.696965534465534 0.0 4.236176660210512 
10.5 500.0 9.329299007752915 6.957476448267187 4.473412437959507 19.965827675076895 0.0 4.2273845115369815 
11.0 500.0 9.787189881341494 6.53256386979034 4.805267390347796 17.74318344194505 0.0 4.215188639210203 
11.5 500.0 10.240487960304902 7.198178534220898 5.0109142919129 17.682466587420148 0.0 4.730293334475248 
12.0 500.0 10.75246541722699 6.707959155649389 5.354177054749236 19.045919144756468 0.0 4.652416133458415 
12.5 500.0 11.297873018440434 5.692656288156288 6.328258926976342 20.49550103861081 0.0 5.188742025604397 
13.0 500.0 11.432464772605545 6.1757194932518455 6.1306121948083865 18.126324349959432 0.0 5.268653038288156 
13.5 500.0 11.39187292134248 6.770221839340571 5.978029953336975 25.999285329393686 0.0 5.112045979253732 
14.0 500.0 11.180349149328434 8.095738251776043 5.265472145982986 25.999285329393686 0.0 4.982466237888086 
14.5 500.0 11.086618768911507 7.304803202889152 6.068839319185929 24.00942159505391 0.0 5.3840681879321615 
15.0 500.0 11.449012690366665 6.345589532689533 6.669926836071994 23.50942159505391 0.0 5.741881081590657 
15.5 500.0 11.855048161347302 6.622094141617047 6.33679456295141 19.898153918664757 0.0 5.1213553304916335 
16.0 500.0 12.261357455749899 6.778696442042881 6.322878111507291 21.423292202443164 0.0 5.21640534164268 
16.5 500.0 12.365735020860738 6.115073590461826 6.947441838879321 21.423292202443164 0.0 5.628209055002801 
17.0 500.0 12.40044276957262 6.066420905049543 7.073657795259009 25.39465084118791 0.0 5.886296577793577 
17.5 500.0 12.611641280681699 6.011412017308457 7.361198489726525 21.526793698330767 0.0 6.09913426455616 
18.0 500.0 12.566977903395536 5.465233066933067 7.962048011065644 24.1737854914668 0.0 6.7470140170556165 
18.5 500.0 12.430034845342716 6.616186037406007 6.803821631558833 22.47782387542506 0.0 6.1162103256402 
19.0 500.0 12.825281679494985 6.432087036679687 7.375747508946041 25.653432990602155 0.0 6.138842153167615 
19.5 500.0 12.695146801325222 5.795584169990133 7.633581064432032 22.72841971800776 0.0 6.5115020468567035 
20.0 500.0 12.274485920826363 5.551609762459762 7.765499662640106 23.59646490445621 0.0 6.922267875615306 
20.5 500.0 12.522909096992086 6.578879585352802 7.322014804455574 25.67572066775851 0.0 6.359549684675886 
21.0 500.0 12.49209155310282 5.764521101121101 7.494973104884372 29.211182428220276 0.0 7.219602020572634 
21.5 500.0 12.145799063817284 5.446349341095781 7.388948826472931 31.509804927792906 0.0 7.888674641374547 
22.0 500.0 11.648062166066595 5.704189633139478 6.902749348835666 27.879699909302243 0.0 7.252160821487525 
22.5 500.0 11.551053037182088 5.865540463211576 7.224928773863708 27.879699909302243 0.0 7.31411804752376 
23.0 500.0 11.743120370816428 5.351910809692543 7.441205741001799 31.740691026761603 0.0 7.710059284228889 
23.5 500.0 12.073318976841856 5.211371062271063 7.701348203171083 29.402845493119273 0.0 8.180002220284553 
24.0 500.0 12.307248014703804 5.613825263625263 7.829606056661846 30.309028847725948 0.0 8.030342303671516 
24.5 500.0 12.541465417992384 5.458085614385615 8.144360134387101 30.309028847725948 0.0 7.785493302410673 
25.0 500.0 12.322685985078063 6.0263338579205445 7.855326703149122 27.895259498153116 0.0 7.660278634195911 
25.5 500.0 12.319577971516562 5.949485850716191 7.662084167831427 30.325949056376025 0.0 7.6760248611778925 
26.0 500.0 12.347556622157942 6.456988316585376 7.4253190930204145 26.229119407371904 0.0 7.180468593780233 
26.5 500.0 12.667100685081854 6.768397901522656 7.421578996307876 30.72476682697143 0.0 7.112416465707569 
27.0 500.0 13.482856846600082 6.739556896667444 7.587378831586275 26.418623140041202 0.0 7.187846619968416 
27.5 500.0 13.95774491920527 6.524105694305694 8.34171910057945 32.08460072218772 0.0 7.582135376941076 
28.0 500.0 14.197392582001749 7.241609327772032 8.4040985420978 32.58460072218772 0.0 7.464221569528691 
28.5 500.0 14.289170941126764 7.217814550206975 8.556331337656694 30.278467407671204 0.0 7.5467381976555306 
29.0 500.0 14.312696696323854 7.060013254942512 8.363918985970912 26.589570657526192 0.0 7.31385337370596 
29.5 500.0 14.458634245234279 7.023336479186 8.30834693343464 26.696298574187058 0.0 7.205880646515303 
30.0 500.0 14.361170877876173 6.341422799457165 8.720099325915921 27.614133251178664 0.0 7.878554525696337 
30.5 500.0 14.24208654808221 6.772569615653188 8.71017718291962 32.07666794228523 0.0 7.845416235467438 
31.0 500.0 14.424466925782962 5.790517438117438 9.436931161547198 32.07666794228523 0.0 8.737387344346635 
31.5 500.0 13.929558720365447 6.7167065529242 8.37541981321137 26.94303140440796 0.0 7.9309065492488235 
32.0 500.0 13.84533877678667 7.16283100806658 7.70195633764522 26.202218327123784 0.0 7.588661170944815 
32.5 500.0 13.72486613819636 6.152573226773227 8.348062386392607 32.65119429846648 0.0 8.499119569631553 
33.0 500.0 13.742728282976142 5.5488643023643025 8.825081252229111 37.75129088936094 0.0 9.232061088331363 
33.5 500.0 13.966283796536448 5.57093552003552 9.17326535941801 30.41527961699269 0.0 9.34876876186816 
34.0 500.0 13.898674414219057 5.934918640956567 9.11598868806011 31.885003081641006 0.0 8.811475127805956 
34.5 500.0 13.87211997590801 5.658458669108669 9.074703159391195 30.345882727888974 0.0 8.776057513896438 
35.0 500.0 14.068987347175677 5.536005718945656 9.570146313201052 33.155708470770584 0.0 8.795399110810193 
35.5 500.0 13.937779004826297 5.148776769704323 9.73865240246409 33.155708470770584 0.0 9.219437831156617 
36.0 500.0 13.960054743941642 5.609195071921542 9.545806746840707 27.12227688513427 0.0 8.46102920278605 
36.5 500.0 13.717617514478816 5.598778606360959 9.348590025301327 26.1822353004864 0.0 8.361750288001806 
37.0 500.0 13.278057137799658 5.556708949873656 8.811323893266414 26.599470844641317 0.0 8.306638086069041 
37.5 500.0 13.398811939396406 5.906200976800977 8.735142841827306 29.201166987924744 0.0 8.375943823959753 
38.0 500.0 13.074556545219647 5.332073290435056 8.79619693032474 31.269414768614983 0.0 8.660226434271404 
38.5 500.0 13.345069673447336 5.88768692973693 8.851436101463765 32.57707057426573 0.0 8.339083551978087 
39.0 500.0 13.634549845668557 6.158158475000418 8.466145256449726 29.6288817107222 0.0 7.983162150774761 
39.5 500.0 13.274922180924797 6.284896435590553 8.289448737701354 36.13719631953022 0.0 7.959916579193739 
40.0 500.0 12.978050837818264 5.553641994606701 8.322904998037131 35.470529652863554 0.0 8.257307561612016 
40.5 500.0 12.926421098637173 5.955526830479462 8.097187731350864 30.877819328158072 0.0 7.781430771540314 
41.0 500.0 12.566162757166595 5.557308114108114 8.096334474338311 30.877819328158072 0.0 8.47051420304674 
41.5 500.0 12.505811358804324 5.665805583305583 8.088546590239556 27.659881016095287 0.0 8.329464148044549 
42.0 500.0 12.631734150583137 6.32996870180686 8.197115496755547 27.393383445584714 0.0 7.934828462902526 
42.5 500.0 12.522272785425901 6.603504734532754 7.588837223361546 25.885758371921987 0.0 7.57225245307372 
43.0 500.0 12.274129505021047 5.677952647352648 7.68413437792592 31.989607909930317 0.0 8.32131265770194 
43.5 500.0 12.604730631457093 6.077296914196914 7.575793346519808 31.489607909930317 0.0 8.268196029226916 
44.0 500.0 13.066515981571614 5.94342572982573 8.202106801862435 30.12346317781756 0.0 8.487336699933437 
44.5 500.0 12.987040862618807 7.2615384632425934 7.5933828766880485 29.24384941552965 0.0 7.558503171769103 
45.0 500.0 13.161911952259892 6.8732960606724 7.526484204646682 28.95595809786829 0.0 7.605845005520482 
45.5 500.0 13.279172659270005 6.239602406193738 7.882907519851458 30.31981454810156 0.0 8.075500106657463 
46.0 500.0 13.036261086335754 6.314516660647797 7.627464851581293 31.81981454810156 0.0 7.738748535653781 
46.5 500.0 12.814089782404112 6.149363915496268 7.714817280739968 30.266384256366763 0.0 8.276064917871686 
47.0 500.0 12.644265072683325 5.864698235098235 7.7203416183598685 27.711604631416932 0.0 8.457978132677058 
47.5 500.0 12.907104648343841 6.205001918016624 7.7876968140213005 28.120622186981883 0.0 8.382994331368824 
48.0 500.0 12.809726391940297 6.324937833734892 7.412265019978924 25.753955520315216 0.0 7.96248267853223 
48.5 500.0 12.597335830906472 7.02394964390927 6.777849147817185 23.974507383524706 0.0 7.111496651829613 
49.0 500.0 12.50561435751731 7.683779314428505 6.20871474947685 23.367261021915358 0.0 6.210990620077596 
49.5 500.0 12.360518367565575 7.588241998301922 6.427814574030723 28.830081757059798 0.0 6.782089550743486 
50.0 500.0 12.371031647924745 7.742642926848319 6.018131106468147 28.830081757059798 0.0 6.408731818095183 
#####################################################################
# End of data export. Simulation finished at: 2020-02-20T22:42+0000 #
#####################################################################
