#####################################################################
# Alchemist log file - simulation started at: 2020-02-19T23:06+0000 #
#####################################################################
# seed = 3.0, speed = 5, meanNeighbors = 2, nodeCount = 1000
#
# The columns have the following meaning: 
# time nodes org:protelis:armonicCentralityHLL[Mean] harmonicCentrality[Mean] msqer@harmonicCentrality[Mean] msqer@harmonicCentrality[Max] msqer@harmonicCentrality[Min] msqer@harmonicCentrality[StandardDeviation] 
0.0 1000.0 NaN NaN 0.0 0.0 0.0 0.0 
0.5 1000.0 0.49693877551020416 2.995066849490379 2.776566849490379 10.93471250971251 0.0 2.2179099084606797 
1.0 1000.0 1.1206666666666665 2.9964190476190478 2.0527333333333333 10.733333333333334 0.0 1.9565077872036614 
1.5 1000.0 2.1642499999999996 2.9962738095238097 1.450309523809524 9.333333333333334 0.0 1.3996971743765665 
2.0 1000.0 2.8071166666666674 3.215597370929723 1.574433978766332 10.548709623709623 0.0 1.5908761904348077 
2.5 1000.0 3.0934583333333334 3.2491014798665083 1.5719526703426991 10.886122211122212 0.0 1.633843900770838 
3.0 1000.0 3.3299238095238097 3.1272400183150184 1.5573506937506938 8.842868242868242 0.0 1.5399358930406961 
3.5 1000.0 3.51286626984127 2.84880873015873 1.6027638888888893 9.992857142857142 0.0 1.5540006891376694 
4.0 1000.0 3.576111507936508 3.1179714285714284 1.6149019841269843 12.336904761904762 0.0 1.5990605846894734 
4.5 1000.0 3.6262889249639247 3.321853651903652 1.6878188172938176 9.231349206349206 0.0 1.6652733776055555 
5.0 1000.0 3.848425191475192 3.1918742424242423 1.8122173992673993 10.487770562770564 0.0 1.772632609474259 
5.5 1000.0 3.9437820901320904 3.286382941473731 1.9697206593114487 13.107215007215006 0.0 1.9605749052941326 
6.0 1000.0 4.005391877566877 3.1685528381748975 2.0796327047135867 11.531457431457433 0.0 2.119980380185475 
6.5 1000.0 4.149809318459319 3.1758609335109336 2.0434981629481634 10.303679653679655 0.0 2.10712349572375 
7.0 1000.0 4.317092153679654 3.0941494616494616 2.269825758963259 11.718301143301145 0.0 2.2925584531788763 
7.5 1000.0 4.379238765809354 3.1088241480741483 2.235427998798587 12.184668109668113 0.0 2.4039323392784713 
8.0 1000.0 4.3799277215431625 3.2541435805164904 2.2192523025177433 14.956457431457432 0.0 2.3218281219631924 
8.5 1000.0 4.460864407814408 3.211670879120879 2.2731085470085466 14.97012432012432 0.0 2.4936358384503876 
9.0 1000.0 4.440506371341935 3.2548662423317993 2.2623003354273865 18.647233322233323 0.0 2.444359398286752 
9.5 1000.0 4.404803211786494 3.6814741754547486 2.12138487004052 14.146312021312022 0.0 2.3058437054886665 
10.0 1000.0 4.569184009282771 3.5166449217449216 2.247692066791138 15.332131757131757 0.0 2.491006325841255 
10.5 1000.0 4.817483765872931 3.32933391053391 2.4872544801689536 15.582115107115108 0.0 2.79105160876531 
11.0 1000.0 4.978360799872641 3.4681688200688194 2.5572506647463302 15.940272266433258 0.0 2.6698676255421185 
11.5 1000.0 5.0086389831142215 3.7427721611721614 2.561148629023868 13.900380175380175 0.0 2.6235646123014233 
12.0 1000.0 4.9194889439216505 3.763574403374403 2.4772807580758482 18.01352993411817 0.0 2.674405593358472 
12.5 1000.0 4.928640049238986 3.227372571546101 2.588746599714654 18.8119151273563 0.0 3.0259204195009457 
13.0 1000.0 5.004398508245543 3.311918487068487 2.6847178869146884 18.8119151273563 0.0 3.112545492639888 
13.5 1000.0 4.799554996092621 3.3166524697524697 2.562218679837497 16.64140771079626 0.0 3.0602960584570775 
14.0 1000.0 4.658942864930384 3.1822280663780664 2.536092571080338 17.14140771079626 0.0 3.1227662675247343 
14.5 1000.0 4.67632855959837 3.0984222943722943 2.577973004042816 16.887248656056702 0.0 3.1896184954527524 
15.0 1000.0 4.594472087187264 3.16546800976801 2.454097101062279 17.399158349390547 0.0 3.083164769059593 
15.5 1000.0 4.58225512237939 3.1884101620601624 2.57361162143589 19.775802316467274 0.0 3.135669644668331 
16.0 1000.0 4.690352865220709 3.203917243867244 2.4573942793621235 17.159135649800607 0.0 3.0498933854084234 
16.5 1000.0 4.6109623210661494 3.157818398268398 2.3120525086563375 17.717369878666826 0.0 2.8178372082231116 
17.0 1000.0 4.459727040012821 3.160021595071595 2.263487046672827 14.36740257880048 0.0 2.5795391455184666 
17.5 1000.0 4.390895750716399 3.1349842712842713 2.3066864597523558 14.46589920959823 0.0 2.5788586225090286 
18.0 1000.0 4.393707349955686 3.0204931335004868 2.4037718465701827 16.525733147863985 0.0 2.680119898023069 
18.5 1000.0 4.364628753657799 2.9003690476190473 2.361950881529927 16.525733147863985 0.0 2.656826390176075 
19.0 1000.0 4.360903075752792 3.0277290043290046 2.330391098840815 13.724755332312204 0.0 2.576783702655946 
19.5 1000.0 4.339050019826009 3.262430273931435 2.312257039286035 14.724755332312204 0.0 2.52633624647166 
20.0 1000.0 4.387008322707247 3.2330054778554773 2.3465048373037614 17.209659980555642 0.0 2.692687493043166 
20.5 1000.0 4.495270829641918 3.2381572091307387 2.4756568821515006 18.289199001469584 0.0 3.0215424212106314 
21.0 1000.0 4.499396970760534 3.0311668054168055 2.4446207358842993 20.002734506411738 0.0 3.174063831591524 
21.5 1000.0 4.492200206452676 2.9876391941391947 2.5000999546662785 18.83606783974507 0.0 3.1628104450720653 
22.0 1000.0 4.410037131726098 3.146327722277722 2.290805957344923 15.090305198510764 0.0 2.5971070322059995 
22.5 1000.0 4.301650719497653 3.167991330891331 2.2625817945973044 19.491453267867712 0.0 2.7866404478941957 
23.0 1000.0 4.339263330718702 3.061768253968254 2.3792952899015907 19.491453267867712 0.0 2.8660191274187143 
23.5 1000.0 4.4357650651630065 3.192705710955711 2.4755653909809796 16.320183446741527 0.0 2.8863956044409043 
24.0 1000.0 4.495802157130724 3.2688478576978577 2.479980750759317 16.15351678007486 0.0 2.766140890902582 
24.5 1000.0 4.471808803370951 3.3437057553557556 2.5651360428067824 16.499339620878203 0.0 2.756575080545635 
25.0 1000.0 4.391734873325685 3.240181517012399 2.388402019749953 16.136463179980016 0.0 2.6760149053909497 
25.5 1000.0 4.26063852768903 3.3593479242979245 2.1284379282884314 16.636463179980012 0.0 2.411113972729681 
26.0 1000.0 4.234111022965993 3.358373931623932 2.252003719158689 17.460183241019138 0.0 2.551008165753806 
26.5 1000.0 4.404207788373117 3.2147149017649013 2.3026900557015924 16.31970705054294 0.0 2.3610868278301154 
27.0 1000.0 4.4093828581474535 2.8725755411255416 2.3416969052115 14.865307942176983 0.0 2.485570551495844 
27.5 1000.0 4.469662926638372 3.1078051948051955 2.311622450447896 14.63010361463978 0.0 2.4826651126477732 
28.0 1000.0 4.515984608565091 2.817796825396825 2.463044833144433 16.427595940910134 0.0 2.578172215117207 
28.5 1000.0 4.481148566754348 3.097022510822511 2.385538775238674 12.97465911511767 0.0 2.425316051422356 
29.0 1000.0 4.476385351471822 3.0038605006105006 2.5064966764643386 13.573088023088022 0.0 2.5922445322366627 
29.5 1000.0 4.446672932364247 2.988117893217893 2.447391696933011 13.573088023088022 0.0 2.4640375532930507 
30.0 1000.0 4.355938203421193 3.0910323075617203 2.361315880645929 15.32930643487919 0.0 2.428455695559248 
30.5 1000.0 4.278922010822307 2.7942396825396827 2.37979026479056 14.687698412698413 0.0 2.516145938551547 
31.0 1000.0 4.231568106641706 2.9170845265845267 2.3795283297519303 14.201259695109567 0.0 2.6418552309891283 
31.5 1000.0 4.312888342159219 2.9212960317460315 2.412031920802798 14.201259695109567 0.0 2.676622018296952 
32.0 1000.0 4.201766163862511 2.874016666666667 2.2873296559260043 14.311395384390066 0.0 2.631739331810119 
32.5 1000.0 4.102398481126063 2.871349605949606 2.1913718466494285 13.136180486180486 0.0 2.4628836148697135 
33.0 1000.0 4.068324940715788 2.909013492063492 2.059126916517764 13.163884051964546 0.0 2.344867896178636 
33.5 1000.0 4.0290196569443975 2.779823015873016 2.0627083293830704 13.769322344322346 0.0 2.2538979517921978 
34.0 1000.0 3.9802842041205597 2.714209523809524 1.9583950987814547 13.407615995115995 0.0 2.2263910706347714 
34.5 1000.0 3.952585031231809 2.6703031746031742 2.094455289164451 16.75975633843281 0.0 2.316159369596699 
35.0 1000.0 3.839420036418453 2.81741746031746 1.9341507501491675 13.759756338432808 0.0 2.137035588528866 
35.5 1000.0 3.7097406420776693 2.942984654234654 1.8730864573734842 10.887530726927013 0.0 1.9667907792578916 
36.0 1000.0 3.637024376324196 3.050204184704185 1.930905112254932 12.069382311874572 0.0 2.000696685416279 
36.5 1000.0 3.670067241742269 2.9652940836940838 1.962358561533589 10.994483844329045 0.0 1.9560155569688922 
37.0 1000.0 3.9257314292292262 3.0752420634920634 1.9488224604202575 12.119535753204485 0.0 1.9793266982148747 
37.5 1000.0 4.02246837573563 3.0816920634920635 2.0950865853038394 13.155131487020032 0.0 2.1424388761491695 
38.0 1000.0 4.1247798346076685 3.1479028360528356 2.040741178819012 14.200339465316246 0.0 2.2616813462673284 
38.5 1000.0 4.270095057465305 3.1116737373737373 2.089303049473298 15.733672798649579 0.0 2.2361648135865737 
39.0 1000.0 4.246988485222545 3.1903545593295597 2.236737672146731 16.86776970449571 0.0 2.3550457824828266 
39.5 1000.0 4.1861280354332555 3.085580591630591 2.134954078181357 16.722358774285347 0.0 2.39605353607951 
40.0 1000.0 4.21023680040936 3.043235064935065 2.0570548826539143 16.722358774285347 0.0 2.282508623235385 
40.5 1000.0 4.117103557997568 3.1121389610389607 2.044233407396535 12.182199342214147 0.0 2.1732060139188425 
41.0 1000.0 4.146717705924368 3.3526367632367626 2.079986159640477 13.307904314691903 0.0 2.1655144709416434 
41.5 1000.0 4.207313303528233 3.1047612054612053 2.1778224166373463 12.734853635169955 0.0 2.2427170982200737 
42.0 1000.0 4.085429207050513 3.0628611111111113 2.0828571291284343 14.78131788000815 0.0 2.158996101376774 
42.5 1000.0 4.003889657154698 3.2985229242979246 1.9443121235146088 12.011219336219337 0.0 1.939501274745869 
43.0 1000.0 4.075987713851811 2.9982039682539683 2.093597237661334 20.20549765601354 0.0 2.275269037275668 
43.5 1000.0 4.100547574308413 3.0152654290154297 2.0979823950432333 20.20549765601354 0.0 2.266824884599566 
44.0 1000.0 4.238259446656873 3.060327028398158 2.1516628906415103 16.344676649099277 0.0 2.181241951263584 
44.5 1000.0 4.3801411126291905 2.9008580086580085 2.237683897621975 19.067630673083954 0.0 2.441272773848226 
45.0 1000.0 4.357768289079744 3.131883206499383 2.2858754485869026 17.31517415084224 0.0 2.464130147500653 
45.5 1000.0 4.400182124657528 2.9947642857142855 2.36453128660669 20.290818191272432 0.0 2.7074579355909103 
46.0 1000.0 4.424894335250411 2.8916333333333335 2.5000851610912362 21.290818191272432 0.0 2.8457721042782365 
46.5 1000.0 4.475825162878151 2.9653452380952383 2.5801350438468558 19.93728792629608 0.0 3.036323727244419 
47.0 1000.0 4.431459535145667 2.8838631313131313 2.4575473390084697 18.83198870822661 0.0 3.0629118597131035 
47.5 1000.0 4.425719791672019 2.856600360750361 2.4534633009405282 20.58825824099523 0.0 3.110701027630177 
48.0 1000.0 4.459822743399066 2.835334126984127 2.55440451750731 19.49099696022923 0.0 3.062838161083152 
48.5 1000.0 4.50980927616843 2.9091860472860476 2.5236371608654316 19.49099696022923 0.0 3.087806926023457 
49.0 1000.0 4.397680157274161 2.9057325396825395 2.386068530012534 17.615003901839007 0.0 2.9821409926381364 
49.5 1000.0 4.279838190647361 3.1514936507936504 2.3226024061704003 17.897919189166068 0.0 2.817503381346369 
50.0 1000.0 4.188093214791863 3.1086960317460313 2.249472507721156 15.179912478974302 0.0 2.581384002752283 
#####################################################################
# End of data export. Simulation finished at: 2020-02-19T23:06+0000 #
#####################################################################
