#####################################################################
# Alchemist log file - simulation started at: 2020-02-20T15:56+0000 #
#####################################################################
# seed = 9.0, speed = 10, meanNeighbors = 10, nodeCount = 500
#
# The columns have the following meaning: 
# time nodes org:protelis:armonicCentralityHLL[Mean] harmonicCentrality[Mean] msqer@harmonicCentrality[Mean] msqer@harmonicCentrality[Max] msqer@harmonicCentrality[Min] msqer@harmonicCentrality[StandardDeviation] 
0.0 500.0 NaN NaN 0.0 0.0 0.0 0.0 
0.5 500.0 3.1256944444444446 76.53745028541104 74.88708361874437 97.24138084138082 48.343488683472195 10.355125286956369 
1.0 500.0 7.65062380952381 76.78752759112308 69.13690378159927 95.81496281496284 37.57866390407276 11.280756951429346 
1.5 500.0 19.083892496392497 76.39566477457556 57.31177227818307 83.01586746586746 29.79034046299492 10.791734184598855 
2.0 500.0 29.480850543900544 75.16014777384025 45.679297229939706 75.1705903960161 24.525151293494922 9.028774448372307 
2.5 500.0 39.86830018315018 74.80266172361418 34.97467582617828 61.96835941835944 2.701190476190477 8.280856305913668 
3.0 500.0 47.92334276854037 76.11610504295005 28.244086083933492 55.785289710289724 2.412301587301587 8.149809584095392 
3.5 500.0 56.568807562544094 75.64293204840656 19.366965665288483 46.40332943200592 0.21261614202788337 8.009464881260998 
4.0 500.0 63.78395052007302 75.65617460186559 12.32389039183271 36.68356136897161 0.0 7.341058314117247 
4.5 500.0 69.87837254439866 75.84878530864583 7.464223193785768 49.1679584859286 0.016121378621377858 6.623487987479357 
5.0 500.0 73.82009938196613 74.95957511851469 5.131398477455526 49.49917281571273 0.02345035425530284 5.339988250862302 
5.5 500.0 76.60472840100799 75.30279912552457 4.953299382542422 44.25291754150787 0.00204584716965428 4.583268090684318 
6.0 500.0 78.12381968686867 76.95620746858397 4.167985256713793 57.23274168212249 0.013947812593301023 4.735583747937167 
6.5 500.0 79.1259629436436 76.93200300874729 4.38578974355284 63.300501119967066 0.017047821459598822 5.3300718639298 
7.0 500.0 79.89819145647678 76.62094156613342 4.731283326740489 50.66768570696588 0.0064316402551725105 3.8869291854949823 
7.5 500.0 80.56151758473575 75.91908222736717 5.30440929446214 22.716318936481485 0.013139556521920781 3.4779744371897094 
8.0 500.0 80.77296282330889 75.56659461328668 5.60713163897835 23.926028138528125 0.0011681515938590792 3.7572127059417118 
8.5 500.0 80.55880017520245 74.91753307203184 6.072661672099232 21.642409473911002 0.010582606248235038 3.726611225059285 
9.0 500.0 80.55966370650633 75.3721218018644 5.689080942854279 28.962999680917655 0.007309357309353004 3.7361244350647542 
9.5 500.0 80.8146380118808 74.82369389232684 6.333432802559986 58.64880729865251 0.02659170894467877 5.083206230656462 
10.0 500.0 80.73359987780724 74.28848145374391 6.723974180364141 33.67321810886054 0.10023530391181623 4.522906843459962 
10.5 500.0 80.60863225224732 74.0934179581729 6.866358245605295 31.572667004478134 0.03353875226939351 4.4108762756138615 
11.0 500.0 80.53735848667979 75.46113636574087 5.448943556400599 26.056060408459764 0.05712890051124475 3.8146770672015267 
11.5 500.0 80.18652337785456 76.95787958431765 4.430514821849006 22.14847825892717 0.023523698523675307 3.2084177905625597 
12.0 500.0 80.2266648261895 75.48399033186045 5.503591802333262 21.917418142572913 0.005067726391260408 3.8996962178980494 
12.5 500.0 80.07419299389981 74.54331671303869 6.019331322190621 31.976567953852594 0.03464952230429219 4.358447602093796 
13.0 500.0 79.81540827130387 74.08057262693858 5.963472509100136 33.57403282860782 0.010589981913511792 3.8556499774094553 
13.5 500.0 79.82222395354044 72.85484247247436 7.080092980849413 25.638952371755906 0.045824630306057657 4.101896671889567 
14.0 500.0 79.83474507057271 73.4159193780853 6.731952513418515 20.252572964717913 0.24076201576204426 4.043964391901591 
14.5 500.0 79.48101423046337 74.30894995443632 5.847892381843862 19.913300141550934 0.00281753420297548 3.7921156315577234 
15.0 500.0 79.45490277252847 74.81176711230245 5.2707441530411385 16.49055719821976 0.002899388193497998 3.336098086206281 
15.5 500.0 79.80181555915705 74.58223862623235 5.607618420412986 17.754520594196208 0.03277906733788427 3.5125136116269275 
16.0 500.0 79.7983797359847 72.45604712111299 7.557535773787094 57.991357743563626 0.007015207015214742 5.5376956579358465 
16.5 500.0 79.48650288335675 71.72747915017858 8.000947848244396 57.991357743563626 0.028698816663222715 5.964019975842513 
17.0 500.0 78.7048405646641 72.19527096682741 7.236087664700058 44.80713472058368 0.012959947651694392 4.909385449417359 
17.5 500.0 78.4675588027126 72.8060332087592 6.530047728067612 42.43566237926682 0.0054212170698235695 5.249037958399388 
18.0 500.0 78.82729928806144 73.45031083030578 6.071637808927962 56.950961035868154 0.012828837828834594 5.223710003820584 
18.5 500.0 79.41340548975448 73.5511615476371 6.538604237669048 28.43007758495375 0.020079920079936642 4.703441845847624 
19.0 500.0 79.6754379965322 74.01767837902365 6.127985594048421 24.76472270849206 0.05790737040737781 4.399594929460087 
19.5 500.0 79.67127198401873 74.62696711848061 5.626541484249136 24.924255822436933 0.047657897657913395 3.7283017593561767 
20.0 500.0 79.48881745739641 72.95370813175248 6.778151572569008 26.934511669026733 0.03996003996003594 4.0654907420530675 
20.5 500.0 79.3530891854104 71.59808844304557 7.936130235073853 28.668905848492592 0.013257721810362 4.721599440985862 
21.0 500.0 79.34413569253245 74.07662513331407 5.791416537941501 24.726434488359025 0.02685647685648007 3.666669192402529 
21.5 500.0 79.03160358601667 74.21166612437382 5.3010734269092366 18.24410034410033 0.03374125874124445 3.200703225602169 
22.0 500.0 78.88833141163961 73.12763162646719 6.033011051168214 19.662019404930646 0.010525585525584802 3.8414699649715485 
22.5 500.0 78.71619443745969 72.5925989006402 6.33433171788988 21.099161562551664 0.022583483767704138 3.733989760326814 
23.0 500.0 78.75882778592236 70.90586699755443 7.964483060528259 26.59977750166704 0.009064464946803241 4.274421504838029 
23.5 500.0 78.86994042074197 71.56419701807683 7.466249254609974 23.88978065278375 0.13842546342546314 3.808136399679907 
24.0 500.0 78.6497548514437 72.00273599937117 7.064621590013761 21.980712343212346 0.10078414877176556 3.9752120865095413 
24.5 500.0 78.33888067549066 71.04727525755993 7.593249216484819 73.60554274157217 0.04947780118058631 5.3232461514254545 
25.0 500.0 78.14619175906653 69.76269583379543 8.687081311851378 28.663137541852706 0.02347160792272973 5.22947283863412 
25.5 500.0 78.02502071700229 69.72941710020808 8.636173677322512 26.57678293293283 0.013926390087391383 5.380920216888367 
26.0 500.0 77.89230535583268 72.05972472194128 6.254310577711053 23.649902874902857 0.05504157005705679 4.0041512255921 
26.5 500.0 77.63840525714396 72.36393990412094 5.975069516094204 28.798530226597258 0.04807403209106553 3.7794374369635464 
27.0 500.0 77.42172424209777 72.57815149764131 5.787666807893651 28.401936812906655 0.0035103011883208524 4.110602294831677 
27.5 500.0 77.4383833012189 73.08127897659227 5.335433926314781 25.277999763992142 0.013145566164155298 3.9924609315875186 
28.0 500.0 77.67422473686445 72.71184738035585 5.553038548111601 56.19273576440758 0.0027737557233464827 4.089253031572438 
28.5 500.0 78.19118314495961 68.5342485918277 9.699617646680952 52.60490949968503 0.06786674797511694 7.365518301007996 
29.0 500.0 78.34469870539677 72.45314586782655 6.273535355846873 51.57570791781318 0.07673453996982005 4.298814898514599 
29.5 500.0 77.86413051621842 72.53544024295128 6.124580853616777 55.59945015424892 0.04530743164644946 4.451165955902177 
30.0 500.0 77.75313731109755 72.64987451724029 5.696627341575282 65.44952310761133 0.04008793494088536 4.345845274856873 
30.5 500.0 77.74179711383088 71.3757683625578 6.564876108586652 60.59364189731836 0.11974805809946076 4.946346130610743 
31.0 500.0 77.57673443579984 71.67504583103754 6.265999747602348 60.59364189731836 0.0182640029389205 4.679326402446874 
31.5 500.0 77.6177257347142 72.2340789726831 5.976626899687237 26.176643231209766 0.0017386809956718707 4.141022181925912 
32.0 500.0 77.38232202547195 71.42757350517088 6.269578742652108 22.520346616747574 0.032654510466151976 3.8206230345449894 
32.5 500.0 77.20817339747455 71.8655381052308 5.958303182943274 23.063589463512088 0.00543042269046623 4.136239622165155 
33.0 500.0 77.20041442839329 72.12029889622679 5.642954846578465 64.33596823712924 0.020066453154711894 4.881076907247334 
33.5 500.0 77.13207284020253 72.16836211984109 5.503142728451607 18.690472244436435 0.050815850815865815 3.4747736198395187 
34.0 500.0 77.31153220777593 72.22663506180677 5.519714198985233 19.08586429909961 0.0060554469610138995 3.4071330383081566 
34.5 500.0 77.26270536457007 73.44621976312794 4.545422050687231 14.387448988919573 8.623772168476762E-4 3.0112905776656205 
35.0 500.0 77.07888030079656 73.55828299040186 4.657849940972862 18.75322780504672 0.025793289957377397 3.3091683745972276 
35.5 500.0 77.00538242144553 71.92570548225066 5.557694381145544 22.315287700775343 0.010220313741996279 3.5964125887012846 
36.0 500.0 76.86289895661577 70.14270697906541 7.140978641115319 21.06797703930056 0.07495962499832842 3.970628663549655 
36.5 500.0 76.65552248425173 70.75644058018065 6.297839751830482 24.161474636474615 0.014303262097385527 3.5699931560279805 
37.0 500.0 76.72881130931295 70.2838964397905 6.750970907429443 23.523140340052095 0.004313303655422374 3.8372391798329097 
37.5 500.0 76.49227897026434 69.92706539211969 6.775823016184969 26.049221225111303 0.045177427491651656 3.9897280999192546 
38.0 500.0 76.45143979882683 71.42459916054257 5.325317018453198 19.41671406938437 0.023714765626522194 3.424688394124216 
38.5 500.0 76.34188140077194 70.59781133472875 6.008315463743716 22.916013010560746 0.005489213229154188 4.075717480759401 
39.0 500.0 76.17200975806249 71.50948689369888 5.233949612961633 30.318777056277057 0.02732054667039563 4.003589524328177 
39.5 500.0 76.04874878715832 71.90607243673603 4.968643492426868 21.134880814060402 0.004265179265175334 3.5912710073308483 
40.0 500.0 75.97371776238113 71.47358720281962 5.356617283390171 19.77912915512122 0.008477388624442028 3.642218151909562 
40.5 500.0 76.05318332555704 70.89755513239382 5.574197849302101 21.800432848884867 5.439005439029643E-4 3.5801713164633275 
41.0 500.0 75.67633056018553 72.21770693399121 4.466304022948678 20.93048950963042 0.012256469880284726 3.1990386934779793 
41.5 500.0 75.64347913132545 71.53518597912087 4.642721694821534 20.054720279720286 0.03030470990998424 3.331757894051304 
42.0 500.0 75.59064234337924 70.62833733822869 5.310070664215909 65.93013212277918 0.04915084915086254 4.47500752126758 
42.5 500.0 75.71310481532421 71.99012800334528 4.32335059342028 15.162231224228123 0.0314722729970498 3.074118091150112 
43.0 500.0 75.82842527733705 71.38499944153752 4.886870015423025 21.983817206745925 0.016901929302648 3.5372552699984037 
43.5 500.0 75.92734215661359 71.64109870037666 4.781268835311427 17.167045742355313 0.04259278303396741 3.3426151225762077 
44.0 500.0 76.14615781616867 69.55496149692338 6.797895414244897 54.6025798161247 0.026518364676270778 4.463042184845367 
44.5 500.0 75.96873933794627 69.55258826127074 6.6106442489331885 23.07244797685972 0.014038739038710446 4.021039993425078 
45.0 500.0 75.68401618107778 69.70131870733236 6.263533332050236 33.45399522083936 0.04850900303686956 4.186506486575767 
45.5 500.0 75.55718220298456 70.48333118743598 5.759691984527715 40.10023999336391 0.020509137816311807 4.5158917280849 
46.0 500.0 75.71739285383818 69.57667137661564 6.559334741150102 38.639682553989 0.004705517482491928 4.858413947248149 
46.5 500.0 75.85283108040163 69.10880872879427 6.950771841513357 23.3816494092423 0.044742699904922745 4.603945592085523 
47.0 500.0 75.74510715678483 69.50345062953842 6.543186873924747 47.16720768911173 0.06263899499195702 5.036288933095336 
47.5 500.0 75.71067218885608 68.68598514510676 7.270615680576063 47.16720768911173 0.06736653009873805 5.018959959584555 
48.0 500.0 75.36471770879956 69.13433516874758 6.498139247954826 20.32270646879782 0.0 3.8378841003546866 
48.5 500.0 74.98729897884829 69.71307401014923 5.907801326953957 52.43694375052566 0.0021573971264245984 5.368686214483376 
49.0 500.0 74.91677156250444 69.84858163517283 5.465782416174186 22.306466505593214 0.00451770451769562 3.647060279738085 
49.5 500.0 74.65670163515423 69.14105526209869 5.945699877218025 23.43015051523161 0.020818070818066303 3.8266679284546052 
50.0 500.0 74.53811525449842 69.52365648158336 5.568072494827824 15.957559678883186 0.008896873680157569 3.1985546576625477 
#####################################################################
# End of data export. Simulation finished at: 2020-02-20T15:58+0000 #
#####################################################################
