#####################################################################
# Alchemist log file - simulation started at: 2020-03-17T17:14+0000 #
#####################################################################
# seed = 9.0, speed = 1, meanNeighbors = 3, nodeCount = 1000
#
# The columns have the following meaning: 
# time nodes org:protelis:armonicCentralityHLL[Mean] harmonicCentrality[Mean] msqer@harmonicCentrality[Mean] msqer@harmonicCentrality[Max] msqer@harmonicCentrality[Min] msqer@harmonicCentrality[StandardDeviation] 
0.0 1000.0 NaN NaN 0.0 0.0 0.0 0.0 
0.5 1000.0 0.8416503587736466 6.340469769334552 5.914553102667886 18.330018592518595 0.0 3.705447596952842 
1.0 1000.0 1.7419833333333332 6.127243296166201 4.409593296166201 14.195670995670994 0.0 3.1852797100908252 
1.5 1000.0 3.557742857142857 6.410818786146056 2.972486967964237 14.698190562073993 0.0 3.097292836837052 
2.0 1000.0 4.618669047619048 6.44117842098445 2.099445881301911 11.464195642678614 0.0 2.4733310477706683 
2.5 1000.0 5.239494047619048 6.492840325319453 1.7753200872242156 11.257977458557956 0.0 2.227271149021608 
3.0 1000.0 5.613843650793651 6.291512571310897 1.4973347935331196 9.333730158730159 0.0 1.7187876666915431 
3.5 1000.0 5.93793373015873 6.244423667608596 1.3962838046937331 8.754761904761907 0.0 1.5325364315557637 
4.0 1000.0 6.115653077478077 6.112942997393119 1.4304447539698752 10.88852536352536 0.0 1.6247839003785611 
4.5 1000.0 6.2827894771894774 6.01633506410432 1.4438426065618621 10.624711399711398 0.0 1.623730459537075 
5.0 1000.0 6.36186593961594 5.751232519059393 1.6482781789550527 11.526190476190473 0.0 1.8746196943172952 
5.5 1000.0 6.402072036297036 6.071922263266442 1.7729740523008324 12.414803922427758 0.0 2.0737081452717523 
6.0 1000.0 6.4112132006882 6.008689766313142 1.7924959570066568 12.205661005661005 0.0 2.0973620013409766 
6.5 1000.0 6.440820238503327 6.491377502710152 1.5615395237866587 11.188994338994338 0.0 1.8202649354066498 
7.0 1000.0 6.4719620305949634 6.414142965268231 1.5495358531305443 9.979351204351206 0.0 1.7202891652289178 
7.5 1000.0 6.541964966303047 6.513009921869932 1.4035877146168119 8.751382611333815 0.0 1.6221646885786531 
8.0 1000.0 6.768125961495505 6.644960848049741 1.6188962483064668 11.664151167254541 0.0 1.945568341184882 
8.5 1000.0 6.891089388316362 6.562310326329864 1.5921846297939986 11.676212676212675 0.0 1.9608784233106589 
9.0 1000.0 7.000583097281974 6.515856857392693 1.569839171986424 12.057663170163169 0.0 1.7515930890730176 
9.5 1000.0 7.108629835846128 6.2785048908607735 1.6471125392280577 12.057663170163169 0.0 1.8355540920751512 
10.0 1000.0 7.14095884153686 5.948490542790543 1.8372913039317063 11.418671808068089 0.0 2.0485462736871503 
10.5 1000.0 7.151809857922435 6.0320198690198685 1.9321290026665798 12.688225091901561 0.0 2.317737379014615 
11.0 1000.0 7.091419937116136 5.688816833166833 1.9748803017515006 14.21885336885337 0.0 2.5060073905882017 
11.5 1000.0 6.993279442453906 5.640007622769387 1.9673389551634184 14.052186702186702 0.0 2.4391022809498866 
12.0 1000.0 6.894086329942622 5.982625697788623 1.8272213574538112 15.542664890149407 0.0 2.2598378817852556 
12.5 1000.0 6.896659171867528 6.201485453676011 1.8332217576477605 15.542664890149407 0.0 2.139869255660984 
13.0 1000.0 6.882721589552667 6.337367402368873 1.7618783787387138 12.46991204100337 0.0 2.080659530472899 
13.5 1000.0 6.98038247995039 6.652400066110361 1.7666983001638883 12.783758819253162 0.0 2.063479470985629 
14.0 1000.0 7.137191872385739 6.50741211517241 1.7284040324478995 12.783758819253162 0.0 2.0179949389905336 
14.5 1000.0 7.308059066224901 6.348747624597625 1.8066640622093095 11.764057247885154 0.0 2.01755338371727 
15.0 1000.0 7.398078168981711 6.4467897813229085 1.7962765539300964 11.764057247885154 0.0 2.00842780116538 
15.5 1000.0 7.38252490179004 6.816935879238593 1.8406821130200794 14.126407334495571 0.0 2.1816090747127523 
16.0 1000.0 7.410770882589875 7.091147340542927 1.6766501624858816 14.227450327450327 0.0 2.0132836164824695 
16.5 1000.0 7.395720754119275 6.708741718034288 1.6795188850998093 10.337372345576675 0.0 1.8218222746877628 
17.0 1000.0 7.38083049732592 7.288015033591329 2.0415209204754383 16.07582042140866 0.0 2.409277696140865 
17.5 1000.0 7.4175640662206055 6.967427254093055 1.9549496296677427 13.94863331113331 0.0 2.313812088246012 
18.0 1000.0 7.482604023216393 6.802765230959669 1.876134423437112 11.928753191253191 0.0 2.224215154466205 
18.5 1000.0 7.506266000045108 6.9719484760007 1.8004149534553822 11.262518618740852 0.0 2.0933063260808136 
19.0 1000.0 7.5481110263121955 6.8051469960861075 1.9421749866280436 11.890746792804272 0.0 2.2822173251098214 
19.5 1000.0 7.58282602896072 6.7035772487944145 1.842881385088491 14.983345249521719 0.0 2.182482507492786 
20.0 1000.0 7.6535156523886965 6.413365083586042 1.931000424860358 14.983345249521719 0.0 2.3372821078456445 
20.5 1000.0 7.645595371155943 6.334076314156299 2.1311159900797265 15.41090576090576 0.0 2.6638396942080163 
21.0 1000.0 7.687891651076684 6.729286425752767 2.403109476217592 16.280086988175224 0.0 2.899566052859419 
21.5 1000.0 7.631015339158007 7.2582533439386285 2.689873574189376 18.854657451650734 0.0 3.067107147382556 
22.0 1000.0 7.699636082839776 6.922175162163183 2.3422552331998174 18.00572621822622 0.0 2.8642675743229478 
22.5 1000.0 7.746751647355426 6.822851400886899 2.130947367980514 15.983793103181643 0.0 2.6703891710963195 
23.0 1000.0 7.7849267032370495 7.448254138055695 2.641107380155984 15.49047619047619 0.0 3.185912925203637 
23.5 1000.0 7.779217782035833 8.010198838464959 2.737994278353998 15.49047619047619 0.0 3.244458680354043 
24.0 1000.0 7.794985646070427 7.897749586664808 2.3952094337285734 16.196528402797753 0.0 3.0964743168866704 
24.5 1000.0 7.8558514684254 7.253119007182992 2.227667444858906 17.09561014750643 0.0 2.68639563652307 
25.0 1000.0 7.950495617112276 6.290612867687868 2.267387971075748 13.539049465139783 0.0 2.8038572880448065 
25.5 1000.0 8.040306746408175 6.440464549580106 2.331932631040587 18.197498334998336 0.0 2.9353192861085344 
26.0 1000.0 8.08712156583601 6.410042596232457 2.330257747885815 18.197498334998336 0.0 3.0564113453354413 
26.5 1000.0 8.151950992539572 6.605104263746432 2.3466781042866325 15.99253907856849 0.0 3.1303028843757663 
27.0 1000.0 8.194882436698311 6.584576557264942 2.412580803242525 14.945238095238096 0.0 3.124101037141489 
27.5 1000.0 8.127425962029571 6.372289495354185 2.5245458286326588 19.494470806970806 0.0 3.2784232360021033 
28.0 1000.0 8.075457140458473 6.65293384561177 2.390043721392981 16.744552897223176 0.0 3.078423353467769 
28.5 1000.0 7.986280182129451 6.416381798023621 2.5164979828443874 18.199672386437094 0.0 3.199044817641068 
29.0 1000.0 7.953914765876628 6.329408336726912 2.3651291678575155 13.846398046398047 0.0 3.0858026361368167 
29.5 1000.0 7.892770107850352 6.0250190423096 2.3484727272124135 16.199180295968223 0.0 3.0678926993048146 
30.0 1000.0 7.761767112443555 5.93557459231515 2.2813529593623736 16.199180295968223 0.0 3.0225474136003023 
30.5 1000.0 7.64273281714638 6.17196796340914 2.521145488625229 17.82689181733299 0.0 3.2985568992879326 
31.0 1000.0 7.494236446812536 6.091915332053567 2.488985212752478 21.38433837404425 0.0 3.210923232209492 
31.5 1000.0 7.38589980833018 6.041467636439927 2.232871325710289 21.38433837404425 0.0 2.8233195177428634 
32.0 1000.0 7.290708655560868 5.917418364083457 2.3062638176760153 14.295155266130497 0.0 2.669205604909597 
32.5 1000.0 7.200432718958968 5.9974350432819 2.220882744861858 14.295155266130497 0.0 2.4803386851542064 
33.0 1000.0 7.077707966107755 5.847472627257578 2.1746940111566917 14.254901990853998 0.0 2.7287675277124084 
33.5 1000.0 7.0412589507628365 5.728655649037925 2.0968753974654284 13.236835495160975 0.0 2.476673814626703 
34.0 1000.0 7.077092658633483 5.862271631095083 2.0490629210422133 13.236835495160975 0.0 2.3380082530123936 
34.5 1000.0 7.0634801482958105 5.834747464463641 2.14577489799056 19.36823967656011 0.0 2.767882126260804 
35.0 1000.0 7.0314915225590235 5.884530240837593 1.9630098708773716 14.496821900150064 0.0 2.5349489357658226 
35.5 1000.0 7.038383561211505 6.090152832779536 2.1380338181355234 14.170870074198238 0.0 2.5965721344051933 
36.0 1000.0 7.070739368289716 6.768296871049196 1.901963494903896 14.107974529844904 0.0 2.2204710946617183 
36.5 1000.0 7.116484063690025 7.238419189470593 2.007219868578552 11.95883152544648 0.0 2.356227213594285 
37.0 1000.0 7.249158065415806 7.482945196719665 2.178219456323021 13.231853294798942 0.0 2.553788807746213 
37.5 1000.0 7.345591273586603 6.921882241739293 1.652195547555767 11.755841610466728 0.0 1.9991582039079872 
38.0 1000.0 7.397966821662447 7.199463805141995 1.7646891005159633 14.627700077700077 0.0 2.1270282912231346 
38.5 1000.0 7.4730735954927185 6.648342355872542 2.0715144609198735 14.762346885141005 0.0 2.3854156269847633 
39.0 1000.0 7.566310671203481 6.473472390071229 2.044149892877919 14.312346885141006 0.0 2.379708445791505 
39.5 1000.0 7.590181644521821 6.967812846995837 1.9883959092611863 13.128029078213082 0.0 2.3944015817802637 
40.0 1000.0 7.671947499106739 6.929777041106954 2.1123815684467178 14.74297283715173 0.0 2.4482094527302145 
40.5 1000.0 7.8196907590549465 7.152331736538451 2.177224692198175 14.810770802573533 0.0 2.4382592809289445 
41.0 1000.0 7.8441635076976395 7.492623467732727 2.089027936758929 14.87240012027462 0.0 2.322940163063273 
41.5 1000.0 7.910015464407944 7.210401606735982 2.154294104868354 16.60942466116615 0.0 2.325801568164798 
42.0 1000.0 8.056050974630024 6.911954183453156 2.246521051420491 14.238925470814017 0.0 2.437360175288899 
42.5 1000.0 8.011989016998081 6.703258147400358 2.0714252487855345 13.32267601249799 0.0 2.2975374805239186 
43.0 1000.0 7.945875499021165 6.360466855274925 2.2751549442409202 19.9154193029193 0.0 2.8209213045993926 
43.5 1000.0 7.964641293994029 6.216462650918006 2.5495387176419806 19.9154193029193 0.0 3.0419233544883113 
44.0 1000.0 7.989077347457399 6.335543119456709 2.5581608559404354 16.286143921438043 0.0 3.0475427649571882 
44.5 1000.0 8.035338653506821 6.476232415545896 2.7234753988151015 14.602770157259318 0.0 3.033681805235901 
45.0 1000.0 8.024410258271775 6.565043627609983 2.576422437249503 16.259492198361155 0.0 2.982503217155348 
45.5 1000.0 7.983715151619518 6.145752146854382 2.86999199369308 17.760990748494113 0.0 3.4228324118693703 
46.0 1000.0 7.936763833239409 5.938108072912639 3.033023973529116 21.589905537620567 0.0 3.6728949225864542 
46.5 1000.0 7.825636062153837 6.034977009462845 2.6617924653138005 21.589905537620567 0.0 3.4399421026550594 
47.0 1000.0 7.779550304664387 6.0192985851094205 2.6370876442082283 17.964917634002976 0.0 3.4102715329765148 
47.5 1000.0 7.748284493367382 5.746369199917729 2.680028588487947 16.9332334553966 0.0 3.3115061774278947 
48.0 1000.0 7.589538719388336 5.9063303835053835 2.6236438756699627 15.183471366306877 0.0 3.2413497531853377 
48.5 1000.0 7.5447710194456095 5.980067831093915 2.677243019994081 14.728395696979334 0.0 3.1452340824445066 
49.0 1000.0 7.528383078244226 5.887037171162171 2.481328596941215 13.090562810419126 0.0 2.933198772976189 
49.5 1000.0 7.559903220409967 6.009277272727273 2.565479599586346 16.5509993923034 0.0 3.233231811670323 
50.0 1000.0 7.528555088059949 6.241552182621301 2.3792368688436656 15.520228556422863 0.0 3.020575393204156 
#####################################################################
# End of data export. Simulation finished at: 2020-03-17T17:15+0000 #
#####################################################################
