#####################################################################
# Alchemist log file - simulation started at: 2020-02-21T11:05+0000 #
#####################################################################
# seed = 17.0, speed = 2, meanNeighbors = 3, nodeCount = 50
#
# The columns have the following meaning: 
# time nodes org:protelis:armonicCentralityHLL[Mean] harmonicCentrality[Mean] msqer@harmonicCentrality[Mean] msqer@harmonicCentrality[Max] msqer@harmonicCentrality[Min] msqer@harmonicCentrality[StandardDeviation] 
0.0 50.0 NaN NaN 0.0 0.0 0.0 0.0 
0.5 50.0 0.46 6.386975912975913 6.156975912975913 11.996825396825397 0.0 3.439396107702049 
1.0 50.0 1.5066666666666666 6.0494044844044845 4.542737817737818 10.710714285714287 0.0 3.029014674322229 
1.5 50.0 3.069 4.822746031746032 1.915746031746032 6.066666666666666 0.0 1.605557491983221 
2.0 50.0 4.124666666666666 4.750190476190476 1.2368571428571429 5.092857142857143 0.0 1.2552688706114044 
2.5 50.0 4.703190476190476 4.750190476190476 0.7993333333333333 5.092857142857143 0.0 1.039394764165177 
3.0 50.0 5.0740952380952375 4.803523809523809 0.4934761904761905 2.3166666666666664 0.0 0.6617807491967445 
3.5 50.0 5.311984126984127 4.856857142857143 0.592888888888889 2.1166666666666654 0.0 0.7124491914167772 
4.0 50.0 5.528849206349206 5.118857142857143 0.6719920634920638 3.9000000000000004 0.0 0.7782742175290244 
4.5 50.0 5.557674603174603 5.012952380952381 0.7934841269841271 3.6999999999999993 0.0 0.8339417314566245 
5.0 50.0 5.566 5.0688571428571425 0.5979047619047619 2.5190476190476185 0.0 0.618742407919686 
5.5 50.0 5.580365079365079 5.172761904761905 0.47093650793650804 2.1940476190476215 0.0 0.5299585494060106 
6.0 50.0 5.451325396825396 4.982380952380953 0.5642777777777777 6.249603174603175 0.0 1.002626100090507 
6.5 50.0 5.217597402597402 4.982380952380953 0.2792164502164499 1.9150793650793636 0.0 0.5006535029806012 
7.0 50.0 5.176638528138528 4.979047619047619 0.2642575757575757 1.9150793650793636 0.0 0.43789157654470723 
7.5 50.0 5.104525252525253 5.3403809523809525 0.4853823953823952 4.183333333333333 0.0 0.7447055752224614 
8.0 50.0 5.116199855699856 4.925714285714285 0.34105699855699856 4.75 0.0 0.69436859167317 
8.5 50.0 5.220818903318903 4.925714285714285 0.3451046176046176 4.75 0.0 0.7918644393204499 
9.0 50.0 5.143238095238095 5.079428571428571 0.3041904761904762 3.842857142857143 0.0 0.7552272924250397 
9.5 50.0 5.226428571428571 5.059428571428572 0.24633333333333346 2.433333333333333 0.0 0.4985650216831741 
10.0 50.0 5.171952380952381 4.973857142857143 0.26076190476190475 2.433333333333333 0.0 0.4308747869731372 
10.5 50.0 5.0963095238095235 4.953857142857143 0.19511904761904764 1.1666666666666679 0.0 0.3173473261220667 
11.0 50.0 5.04902380952381 4.927190476190476 0.18716666666666673 1.416666666666666 0.0 0.29913948751524505 
11.5 50.0 5.063380952380952 4.927190476190476 0.16419047619047628 1.416666666666666 0.0 0.30062051534745104 
12.0 50.0 4.976142857142857 4.885190476190476 0.09761904761904765 0.7500000000000009 0.0 0.17675280604535598 
12.5 50.0 4.944095238095238 5.010809523809524 0.24357142857142855 1.5 0.0 0.3771682499231051 
13.0 50.0 4.927452380952381 4.768761904761905 0.41897619047619034 4.8345238095238106 0.0 0.7367625045001897 
13.5 50.0 4.956452380952381 4.768761904761905 0.3366428571428571 4.8345238095238106 0.0 0.7187940527075778 
14.0 50.0 4.847285714285714 4.795428571428571 0.22080952380952365 2.0 0.0 0.3532213634179094 
14.5 50.0 4.85297619047619 4.849333333333333 0.18778571428571414 1.0 0.0 0.25499394648636214 
15.0 50.0 4.9006428571428575 4.809333333333333 0.17611904761904754 1.0 0.0 0.2658537443034685 
15.5 50.0 4.906785714285714 4.8293333333333335 0.1522619047619047 1.0 0.0 0.24816022685997938 
16.0 50.0 4.880404761904762 4.876 0.1409285714285714 1.0 0.0 0.23697609793725505 
16.5 50.0 4.852714285714286 5.216 0.36328571428571416 4.749999999999999 0.0 0.7906499115371642 
17.0 50.0 4.895047619047619 4.757333333333333 0.46438095238095245 4.016666666666667 0.0 0.7826770758510212 
17.5 50.0 4.932190476190476 4.707714285714285 0.5508571428571429 4.016666666666667 0.0 0.7932650640223132 
18.0 50.0 4.888047619047619 4.632380952380952 0.3667142857142859 2.7 0.0 0.5876864980275656 
18.5 50.0 4.863857142857143 4.550380952380952 0.37585714285714306 2.3333333333333335 0.0 0.5303570836864453 
19.0 50.0 4.780523809523809 4.582380952380952 0.24652380952380962 1.5 0.0 0.36787509587875133 
19.5 50.0 4.699190476190476 4.634380952380952 0.1811904761904762 1.4166666666666665 0.0 0.3231705129402717 
20.0 50.0 4.648190476190476 4.6543809523809525 0.1441904761904762 1.0 0.0 0.25250568089777614 
20.5 50.0 4.655380952380952 4.58 0.275952380952381 2.933333333333333 0.0 0.5138768598512335 
21.0 50.0 4.641047619047619 4.520380952380952 0.14266666666666666 2.933333333333333 0.0 0.4401499435296066 
21.5 50.0 4.652714285714286 4.59 0.2989999999999999 2.933333333333333 0.0 0.5693046635947615 
22.0 50.0 4.579714285714286 4.59 0.19266666666666665 2.0 0.0 0.3881472059740786 
22.5 50.0 4.613047619047619 4.553333333333334 0.13599999999999998 1.4904761904761896 0.0 0.30049577249571524 
23.0 50.0 4.629857142857143 4.748380952380953 0.22585714285714278 4.8761904761904775 0.0 0.6951279266920012 
23.5 50.0 4.587857142857143 4.761714285714286 0.2285238095238096 4.8761904761904775 0.0 0.6964229838719974 
24.0 50.0 4.687714285714286 4.761714285714286 0.11399999999999998 0.916666666666667 0.0 0.1827715573519872 
24.5 50.0 4.71252380952381 4.708380952380953 0.1558571428571429 2.0 0.0 0.3372559046028763 
25.0 50.0 4.743190476190477 4.728380952380952 0.14519047619047618 2.0 0.0 0.3450165134567085 
25.5 50.0 4.8155238095238095 4.8917142857142855 0.18619047619047616 2.0 0.0 0.4060443868048389 
26.0 50.0 4.8155238095238095 4.8917142857142855 0.0861904761904762 1.0 0.0 0.20737925364628335 
26.5 50.0 4.866714285714286 4.8917142857142855 0.06499999999999999 0.6666666666666661 0.0 0.1694411917460374 
27.0 50.0 4.896714285714286 4.8917142857142855 0.03499999999999999 0.5 0.0 0.12382097016685518 
27.5 50.0 4.8917142857142855 4.556 0.33571428571428574 4.933333333333334 0.0 0.866238320442608 
28.0 50.0 4.903047619047619 4.5760000000000005 0.3670476190476191 4.933333333333334 0.0 0.8761241048931299 
28.5 50.0 4.902047619047619 4.729333333333333 0.3767142857142857 4.933333333333334 0.0 0.869612791981671 
29.0 50.0 4.855047619047619 4.3533333333333335 0.6683809523809525 5.7 0.0 1.1821254284057607 
29.5 50.0 4.77352380952381 4.3486666666666665 0.6315238095238096 5.7 0.0 1.031157054984379 
30.0 50.0 4.656190476190476 4.142 0.6141904761904763 3.8761904761904775 0.0 0.7461772570014535 
30.5 50.0 4.5991904761904765 3.7466666666666666 0.8925238095238096 3.8761904761904775 0.0 0.9143002673870103 
31.0 50.0 4.378619047619048 4.422666666666666 0.40985714285714286 4.65 0.0 0.8430809893657994 
31.5 50.0 4.356238095238095 4.4526666666666666 0.3513809523809524 3.283333333333333 0.0 0.6101704917987798 
32.0 50.0 4.396888888888889 4.472666666666667 0.21546031746031752 1.333333333333334 0.0 0.3174180098144745 
32.5 50.0 4.421460317460317 4.599333333333333 0.2481269841269842 2.0 0.0 0.4396180105471958 
33.0 50.0 4.497880952380952 4.472666666666667 0.09654761904761909 2.0 0.0 0.3261498852189022 
33.5 50.0 4.510690476190476 4.472666666666667 0.05269047619047617 2.0 0.0 0.28811057894726483 
34.0 50.0 4.526 4.492666666666667 0.07333333333333333 1.5 0.0 0.28002267481884113 
34.5 50.0 4.559333333333333 4.542666666666666 0.24999999999999986 1.5 0.0 0.4171765587603626 
35.0 50.0 4.512666666666667 4.348 0.308 4.283333333333333 0.0 0.6720129169474484 
35.5 50.0 4.4976666666666665 4.328 0.22300000000000014 4.283333333333333 0.0 0.6387069740025196 
36.0 50.0 4.407 4.394666666666667 0.19899999999999998 1.666666666666666 0.0 0.32940560087318066 
36.5 50.0 4.443666666666666 4.548 0.26899999999999996 2.5 0.0 0.4951237276367741 
37.0 50.0 4.561 4.574666666666666 0.39699999999999985 3.333333333333333 0.0 0.6888872522107689 
37.5 50.0 4.664333333333333 4.427333333333333 0.49166666666666664 4.533333333333333 0.0 0.8676358395740569 
38.0 50.0 4.652 4.427333333333333 0.3206666666666667 4.533333333333333 0.0 0.695984270158737 
38.5 50.0 4.643666666666666 4.427333333333333 0.379 4.533333333333333 0.0 0.7370792546696718 
39.0 50.0 4.520666666666666 4.166666666666667 0.5619999999999999 3.416666666666666 0.0 0.7127685474735633 
39.5 50.0 4.454666666666666 4.386 0.5126666666666667 3.6666666666666665 0.0 0.7329201062095156 
40.0 50.0 4.438 4.18 0.278 2.5 0.0 0.5087715853672427 
40.5 50.0 4.409333333333333 4.359333333333333 0.20266666666666666 1.3333333333333335 0.0 0.31517478863686144 
41.0 50.0 4.427666666666666 4.6066666666666665 0.2463333333333333 3.416666666666666 0.0 0.6153855970906176 
41.5 50.0 4.491666666666666 4.379333333333333 0.13233333333333333 3.416666666666666 0.0 0.49616911113860424 
42.0 50.0 4.503666666666667 4.426 0.17099999999999999 3.416666666666666 0.0 0.5502402072861323 
42.5 50.0 4.506333333333333 4.406 0.14699999999999996 2.2666666666666666 0.0 0.43075751974437587 
43.0 50.0 4.518666666666666 4.06 0.5319999999999999 3.0 0.0 0.7253886283445028 
43.5 50.0 4.436333333333333 4.259333333333333 0.22566666666666654 1.833333333333333 0.0 0.40658148433169017 
44.0 50.0 4.418666666666667 4.272666666666667 0.22133333333333324 1.833333333333333 0.0 0.4109338957383129 
44.5 50.0 4.333 4.252666666666666 0.14699999999999994 0.8333333333333339 0.0 0.27865668211126876 
45.0 50.0 4.298333333333333 4.232666666666667 0.11899999999999995 1.0 0.0 0.27437849786508955 
45.5 50.0 4.239333333333334 4.219333333333333 0.07999999999999999 1.0 0.0 0.21092604371762003 
46.0 50.0 4.232666666666667 4.253333333333333 0.12066666666666664 1.0 0.0 0.24770053604212403 
46.5 50.0 4.223 4.219333333333333 0.06900000000000003 0.8000000000000007 0.0 0.17696131250205233 
47.0 50.0 4.2363333333333335 4.212666666666666 0.089 0.8000000000000007 0.0 0.2014012702425902 
47.5 50.0 4.229666666666667 4.239333333333334 0.13033333333333327 0.6666666666666661 0.0 0.2112668300263619 
48.0 50.0 4.253 4.386 0.17699999999999994 1.5 0.0 0.360632003816731 
48.5 50.0 4.239333333333334 4.459333333333333 0.22000000000000006 1.5 0.0 0.41845195759648035 
49.0 50.0 4.299333333333333 4.506 0.2333333333333333 1.8333333333333333 0.0 0.4390259265377564 
49.5 50.0 4.376 4.506 0.20333333333333328 1.8333333333333333 0.0 0.39309516598886013 
50.0 50.0 4.422666666666666 4.696666666666667 0.5346666666666666 2.666666666666667 0.0 0.7507202890430978 
#####################################################################
# End of data export. Simulation finished at: 2020-02-21T11:05+0000 #
#####################################################################
