#####################################################################
# Alchemist log file - simulation started at: 2020-02-20T18:42+0000 #
#####################################################################
# seed = 11.0, speed = 0, meanNeighbors = 5, nodeCount = 500
#
# The columns have the following meaning: 
# time nodes org:protelis:armonicCentralityHLL[Mean] harmonicCentrality[Mean] msqer@harmonicCentrality[Mean] msqer@harmonicCentrality[Max] msqer@harmonicCentrality[Min] msqer@harmonicCentrality[StandardDeviation] 
0.0 500.0 NaN NaN 0.0 0.0 0.0 0.0 
0.5 500.0 1.3948717948717946 36.60912749738362 35.92006083071695 58.87028606068854 0.0 14.075931269199911 
1.0 500.0 3.366971428571429 36.60912749738362 33.242156068812186 56.85922733527222 0.0 13.751023753749985 
1.5 500.0 7.184771428571429 36.60912749738362 29.424356068812187 53.90220926734085 0.0 12.808833117747975 
2.0 500.0 10.266247691197691 36.60912749738362 26.342879806185927 50.23211222901626 0.0 11.930305874264434 
2.5 500.0 12.768580130980132 36.60912749738362 23.840547366403484 42.3341096023523 0.0 10.911529244561269 
3.0 500.0 15.004070202020202 36.60912749738362 21.605057295363416 39.032112229016256 0.0 10.052771197221997 
3.5 500.0 17.04711500721501 36.60912749738362 19.56201249016861 36.86428990106974 0.0 9.119750045816835 
4.0 500.0 18.934862130026836 36.60912749738362 17.67426536735678 33.51677074495927 0.0 8.386390749791849 
4.5 500.0 20.778783057955117 36.60912749738362 15.8303444394285 31.3464327582126 0.0 7.6477325348225005 
5.0 500.0 22.566428414679574 36.60912749738362 14.04269908270404 26.364947228778163 0.0 7.006233004709468 
5.5 500.0 24.27129311628344 36.60912749738362 12.337834381100174 23.02969394147378 0.0 6.436921505416523 
6.0 500.0 25.790408670732432 36.60912749738362 10.818718826651184 20.689516217245142 0.0 5.902097924002484 
6.5 500.0 27.188904075597904 36.60912749738362 9.420223421785712 19.471632542005626 0.0 5.508555059175026 
7.0 500.0 28.525720080054178 36.60912749738362 8.083407417329438 18.43352191614919 0.0 5.046616715056536 
7.5 500.0 29.692868122916703 36.60912749738362 6.916259374466913 18.43352191614919 0.0 4.638926445512533 
8.0 500.0 30.783085428871868 36.60912749738362 5.826042068511749 17.50834720055235 0.0 4.196108242974344 
8.5 500.0 31.722339868264704 36.60912749738362 4.886787629118914 16.531124313751587 0.0 3.8269964540424444 
9.0 500.0 32.60733519915701 36.60912749738362 4.001792298226605 15.752652894858045 0.0 3.409450776937673 
9.5 500.0 33.37056228630645 36.60912749738362 3.238565211077168 14.488706192656995 0.0 3.013830770541305 
10.0 500.0 34.06055629006021 36.60912749738362 2.5485712073234055 13.845821572585546 0.0 2.6023750062067483 
10.5 500.0 34.62250109725627 36.60912749738362 1.9904282612044537 12.166436292794218 0.0 2.19038680153424 
11.0 500.0 35.13152243601512 36.60912749738362 1.4868710696258065 11.652069422602748 0.0 1.8168291528361717 
11.5 500.0 35.53234639990318 36.60912749738362 1.0921901756101902 9.582322997659922 0.0 1.4248598182532304 
12.0 500.0 35.84985858148067 36.60912749738362 0.7815338039714645 9.196004307769627 0.0 1.1456806930651728 
12.5 500.0 36.09370415948257 36.60912749738362 0.5426099144080645 6.723408455777282 0.0 0.8521986812201965 
13.0 500.0 36.265557629791225 36.60912749738362 0.37448635328444685 6.462129890805969 0.0 0.6538703778853843 
13.5 500.0 36.38783936251825 36.60912749738362 0.2584411915321151 3.1373418214083486 0.0 0.4617911731603062 
14.0 500.0 36.46989224387483 36.60912749738362 0.18097766948328034 3.0204647618677747 0.0 0.35367455194858444 
14.5 500.0 36.52384692786273 36.60912749738362 0.1290550862969064 2.2561432417612544 0.0 0.23179459626477708 
15.0 500.0 36.558415740278576 36.60912749738362 0.096188460019081 2.2561432417612544 0.0 0.18603361258340362 
15.5 500.0 36.58709760099889 36.60912749738362 0.06840189933530089 1.3138122118672442 0.0 0.09780763196833417 
16.0 500.0 36.59979957439662 36.60912749738362 0.05647970549290996 1.3138122118672442 0.0 0.08368951880446575 
16.5 500.0 36.611224937445876 36.60912749738362 0.045554942793564354 0.4592850538533746 0.0 0.043107844635061246 
17.0 500.0 36.613597634851935 36.60912749738362 0.043420304772445996 0.4592850538533746 0.0 0.04151831704799823 
17.5 500.0 36.6156484824448 36.60912749738362 0.04156500104208556 0.15615768861194113 0.0 0.036732280259270104 
18.0 500.0 36.615970576395306 36.60912749738362 0.0412547594864979 0.15615768861194113 0.0 0.03677847315193854 
18.5 500.0 36.61608967026899 36.60912749738362 0.04114886650720493 0.15615768861194113 0.0 0.03675488211200123 
19.0 500.0 36.6161089801577 36.60912749738362 0.04112955661849849 0.15615768861194113 0.0 0.036757001473028676 
19.5 500.0 36.61612310166837 36.60912749738362 0.041115435107825254 0.15615768861194113 0.0 0.036757498728511126 
20.0 500.0 36.616125400518946 36.60912749738362 0.04111313625725052 0.15615768861194113 0.0 0.036757694277613516 
20.5 500.0 36.61612755105658 36.60912749738362 0.04111098571961612 0.15615768861194113 0.0 0.036757953238463585 
21.0 500.0 36.61612755105658 36.60912749738362 0.04111098571961612 0.15615768861194113 0.0 0.036757953238463585 
21.5 500.0 36.61612755105658 36.60912749738362 0.04111098571961612 0.15615768861194113 0.0 0.036757953238463585 
22.0 500.0 36.61612755105658 36.60912749738362 0.04111098571961612 0.15615768861194113 0.0 0.036757953238463585 
22.5 500.0 36.61612755105658 36.60912749738362 0.04111098571961612 0.15615768861194113 0.0 0.036757953238463585 
23.0 500.0 36.61612755105658 36.60912749738362 0.04111098571961612 0.15615768861194113 0.0 0.036757953238463585 
23.5 500.0 36.61612755105658 36.60912749738362 0.04111098571961612 0.15615768861194113 0.0 0.036757953238463585 
#####################################################################
# End of data export. Simulation finished at: 2020-02-20T18:43+0000 #
#####################################################################
