#####################################################################
# Alchemist log file - simulation started at: 2020-02-20T04:40+0000 #
#####################################################################
# seed = 5.0, speed = 10, meanNeighbors = 2, nodeCount = 200
#
# The columns have the following meaning: 
# time nodes org:protelis:armonicCentralityHLL[Mean] harmonicCentrality[Mean] msqer@harmonicCentrality[Mean] msqer@harmonicCentrality[Max] msqer@harmonicCentrality[Min] msqer@harmonicCentrality[StandardDeviation] 
0.0 200.0 NaN NaN 0.0 0.0 0.0 0.0 
0.5 200.0 0.5933333333333334 3.571547619047619 3.2948809523809524 9.116666666666665 0.0 2.41944751571891 
1.0 200.0 1.2857500000000002 3.72277886002886 2.5653621933621933 7.542857142857144 0.0 2.1216797258226445 
1.5 200.0 2.409416666666667 3.3202896825396824 1.6839444444444445 6.783333333333334 0.0 1.5811547122589162 
2.0 200.0 3.1359166666666667 3.0730000000000004 1.3240833333333333 6.166666666666667 0.0 1.3131296952677909 
2.5 200.0 3.4215238095238094 3.0111666666666665 1.2980238095238097 5.666666666666667 0.0 1.2185811706220442 
3.0 200.0 3.6911369047619047 3.2122380952380953 1.467982142857143 4.783333333333333 0.0 1.2101176912151392 
3.5 200.0 3.770269841269841 3.2257857142857143 1.6156746031746032 6.55 0.0 1.324500569594923 
4.0 200.0 3.680706349206349 3.0535873015873016 1.570313492063492 6.7 0.0 1.4740699873680811 
4.5 200.0 3.6295477994227996 3.017075396825397 1.4000120851370852 6.7 0.0 1.341566593756548 
5.0 200.0 3.538833513708514 2.9465 1.531262085137085 5.519047619047619 0.0 1.3143082470341168 
5.5 200.0 3.4729642857142857 2.931969558219558 1.7010886058386059 7.53932178932179 0.0 1.4650994162621251 
6.0 200.0 3.4140223665223663 2.713051587301587 1.47219696969697 5.926190476190477 0.0 1.39275129565261 
6.5 200.0 3.495255772005772 3.0658373015873015 1.4752673160173162 5.386507936507937 0.0 1.4483989340773773 
7.0 200.0 3.35756727994228 3.4696468253968256 1.5252761544011542 5.402380952380953 0.0 1.454343260313555 
7.5 200.0 3.532900127650128 3.07890873015873 1.5364870684870686 6.3051587301587295 0.0 1.5343642105652362 
8.0 200.0 3.768678266178266 2.8435079365079368 1.8310552503052504 7.833333333333333 0.0 1.784037406585113 
8.5 200.0 3.882000416250416 3.291690476190476 1.8529726384726386 8.843290043290045 0.0 1.8572451874199534 
9.0 200.0 4.186154803529804 3.3664920634920636 1.6868373432123434 8.315512265512265 0.0 1.8292917134558406 
9.5 200.0 4.177074148074148 3.010595238095238 1.935481795981796 9.158766233766237 0.0 2.1118704901320084 
10.0 200.0 4.228482656232656 3.1153095238095236 1.9106283993783992 8.53182928182928 0.0 1.8482263243495605 
10.5 200.0 4.023603493728493 2.9533015873015875 2.0382146048396046 7.924827949827948 0.0 2.058318971386285 
11.0 200.0 4.001007860195361 3.0381507936507934 2.0471983363858364 8.23452380952381 0.0 1.9397892294456855 
11.5 200.0 3.9254879556717794 3.4722709235209237 1.7135899370237606 7.1062992562992555 0.0 1.7272875981707936 
12.0 200.0 3.7719344417837064 2.658333333333333 1.7946725370218017 11.93531746031746 0.0 1.99450928712641 
12.5 200.0 3.8146955772985183 2.382 1.9535289106318519 7.806349206349205 0.0 2.0568305659659005 
13.0 200.0 3.5851232101232107 2.616444805194805 1.8904486069486068 8.452561327561328 0.0 1.8836924473329089 
13.5 200.0 3.4924400044400046 2.389952380952381 1.6777733377733377 7.156945831945833 0.0 1.6621288086195523 
14.0 200.0 3.3716374944499945 2.4058571428571427 1.6618041611166612 8.812104562104563 0.0 1.6528120664765673 
14.5 200.0 3.2625789418914417 2.194166666666667 1.8364122752247753 9.18175713175713 0.0 1.9201602757328222 
15.0 200.0 3.165377206127206 2.630608225108225 1.7348497890997892 9.18175713175713 0.0 1.698435542900297 
15.5 200.0 3.119011928839135 2.7449166666666667 1.4537857383629442 7.387078199578202 0.0 1.4824117132734513 
16.0 200.0 3.2472684831508363 2.61332683982684 1.448125265257618 8.553744866244868 0.0 1.6373514976878032 
16.5 200.0 3.337817289328319 2.4713333333333334 1.5953201753312047 7.448331488772665 0.0 1.7703532314126222 
17.0 200.0 3.4063249169131518 2.851153069153069 1.5094152114225643 10.201544697132931 0.0 1.692698402823118 
17.5 200.0 3.463786944973671 2.6387741702741705 1.6967115481482742 8.321428571428571 0.0 1.7810817188411898 
18.0 200.0 3.4513064051531543 2.5304285714285712 1.5202111670579164 8.041645587814317 0.0 1.7105366299815812 
18.5 200.0 3.240220191659046 2.4440000000000004 1.6548868583257126 12.890429831606303 0.0 2.1643445710507603 
19.0 200.0 3.1079303228591155 2.4661666666666666 1.655001751430544 10.579350590070403 0.0 1.9783336798206377 
19.5 200.0 3.279493835756606 2.39552380952381 1.5060533595661303 10.964853872477711 0.0 1.838291904015465 
20.0 200.0 3.1030798276371034 2.405333333333333 1.5909131609704363 9.743636304356118 0.0 1.9787072924910454 
20.5 200.0 3.244927480800933 2.2625 1.6757608141342661 9.46864781245586 0.0 2.102780155788804 
21.0 200.0 3.1881638448606995 2.1546666666666665 1.5699971781940334 7.805937891657703 0.0 1.9007793833601143 
21.5 200.0 2.9173777253681763 2.3713333333333333 1.347544392034843 9.117457336265382 0.0 1.7198603428190595 
22.0 200.0 2.7515632543299122 2.4246666666666665 1.2818846829013404 8.505854113207052 0.0 1.5451932548948517 
22.5 200.0 2.7614431073228607 2.366 1.2144907263704796 9.250790669598715 0.0 1.480315070831262 
23.0 200.0 2.9002751966666023 2.460833333333333 1.144275196666602 7.751511147950776 0.0 1.4054041021772492 
23.5 200.0 2.895378738242322 2.3928333333333334 1.0183787382423217 6.3937657500738 0.0 1.2714442655238216 
24.0 200.0 2.833401939327442 2.6296666666666666 1.085235272660776 5.853289559597609 0.0 1.1449047989789327 
24.5 200.0 2.7997292568542567 2.672357142857143 1.1109792568542567 4.638095238095238 0.0 1.0850258129611532 
25.0 200.0 2.790762445887446 2.3503571428571433 1.1573338744588744 7.033333333333334 0.0 1.1318878469951783 
25.5 200.0 2.88299975024975 2.6762738095238094 1.292075147075147 7.0 0.0 1.212782845550269 
26.0 200.0 2.873807165057165 3.0470126262626263 1.2492873237873239 6.083333333333332 0.0 1.2889810662286763 
26.5 200.0 2.931226065601066 2.590730158730159 1.3151625735375736 5.283333333333333 0.0 1.3097908383543853 
27.0 200.0 3.0420039682539683 2.4749920634920635 1.391873015873016 7.552380952380952 0.0 1.4986790726176644 
27.5 200.0 3.014442821067821 2.373666666666667 1.353442821067821 6.778968253968253 0.0 1.4191578170454104 
28.0 200.0 3.177058982683983 2.935424603174603 1.483515331890332 8.483333333333333 0.0 1.5556836012903614 
28.5 200.0 3.3435581363081366 2.5916190476190475 1.8096255966255965 8.142857142857142 0.0 1.658860944789442 
29.0 200.0 3.3882244977244977 2.6024880952380953 1.5580690143190143 9.448448773448773 0.0 1.687497680366148 
29.5 200.0 3.3337641802641804 2.329428571428571 1.6057840215340216 7.766666666666666 0.0 1.799377833732927 
30.0 200.0 3.3415099067599066 2.2355 1.7456765734265733 9.766666666666666 0.0 1.9914909046447975 
30.5 200.0 3.1897683705183706 2.269833333333333 1.6667683705183707 7.037301587301586 0.0 1.7111264370297001 
31.0 200.0 3.107888486513487 2.263666666666667 1.5569599150849154 6.5 0.0 1.677730563014057 
31.5 200.0 2.9221458263958264 2.5868333333333333 1.3239553502053503 7.800768675768676 0.0 1.5427771728665718 
32.0 200.0 2.994663211788212 2.8870595238095236 1.4350917832167833 8.046933621933622 0.0 1.5391215049834106 
32.5 200.0 3.093976551226551 2.893464285714286 1.2031076423576423 5.936158286158286 0.0 1.2333505606676403 
33.0 200.0 2.9686613109113105 2.7299166666666665 1.1911494061494061 7.513741813741813 0.0 1.3160591853014707 
33.5 200.0 3.0559687555091966 2.7680992063492065 1.2512425650330061 6.171342546342547 0.0 1.2831173466356312 
34.0 200.0 3.1216946892976307 2.7614285714285716 1.0780994512023923 5.303149628149629 0.0 1.1497366628071841 
34.5 200.0 3.1977163077935136 3.0541666666666667 1.2261924982697043 5.666666666666667 0.0 1.1678956562046396 
35.0 200.0 3.1848640697537753 3.0562031024531024 1.3835011508099744 7.133333333333335 0.0 1.2974672382180212 
35.5 200.0 3.2747072942322553 2.742166666666667 1.4180168180417794 6.185714285714286 0.0 1.2409867124396727 
36.0 200.0 3.3750485640735253 2.6893333333333334 1.6247866593116205 10.45 0.0 1.6614227055396245 
36.5 200.0 3.4842281746031745 2.7890396825396824 1.42146626984127 7.747619047619045 0.0 1.4205822334846865 
37.0 200.0 3.4131130952380953 2.414 1.6229464285714288 6.2595238095238095 0.0 1.5435222122931422 
37.5 200.0 3.3217925685425684 2.2550000000000003 1.7179592352092352 6.317857142857143 0.0 1.5584293903882465 
38.0 200.0 3.2920405844155844 2.3756666666666666 1.586707251082251 7.7289682539682545 0.0 1.6558752008661215 
38.5 200.0 3.060449494949495 2.3986666666666663 1.5768777056277057 7.038492063492063 0.0 1.4292245395882115 
39.0 200.0 3.0429886363636363 2.3538333333333337 1.3943219696969698 6.23059163059163 0.0 1.4859810455385807 
39.5 200.0 2.9154610389610394 2.915309523809523 1.39612987012987 6.595238095238096 0.0 1.4556910885538752 
40.0 200.0 2.8915927128427135 3.317714285714285 1.582922077922078 6.288095238095238 0.0 1.461487148550724 
40.5 200.0 3.1233183621933622 3.4161428571428574 1.3613050144300143 6.977380952380953 0.0 1.4887751172360775 
41.0 200.0 3.3692027417027415 3.0677142857142856 1.1932160894660895 6.71031746031746 0.0 1.2974623468634585 
41.5 200.0 3.465123737373738 2.9156428571428576 1.2907965367965366 6.71031746031746 0.0 1.4198056681126094 
42.0 200.0 3.4150161505161503 2.7555952380952378 1.3847253857253858 7.510786435786436 0.0 1.625322509649554 
42.5 200.0 3.3906555389055386 2.597690476190476 1.4971317293817294 8.510786435786436 0.0 1.654376671363672 
43.0 200.0 3.192981934731935 2.5421666666666667 1.415315268065268 7.267435342435343 0.0 1.531191554751089 
43.5 200.0 3.168131424131424 2.696147907647908 1.4002032134532134 5.911482961482961 0.0 1.4674063165422604 
44.0 200.0 3.1699784521034524 3.2250320790320792 1.5139068847818846 6.416666666666666 0.0 1.5355879922176026 
44.5 200.0 3.1562162698412695 3.6289880952380953 1.3907599206349206 6.416666666666667 0.0 1.416118532579478 
45.0 200.0 3.3115019841269846 3.799928571428571 1.413843253968254 8.376190476190475 0.0 1.514666131090523 
45.5 200.0 3.4900376984126984 3.7900357142857146 1.7565099206349208 10.411904761904763 0.0 1.8143990228054883 
46.0 200.0 3.733502164502165 3.5757435064935064 1.558205266955267 8.333333333333332 0.0 1.583254830630512 
46.5 200.0 3.865955266955267 3.253892857142857 1.5148279220779222 9.816666666666666 0.0 1.4103055765340855 
47.0 200.0 3.973954184704185 3.5046904761904765 1.5616958874458875 7.316666666666666 0.0 1.4978523570662554 
47.5 200.0 4.016522172272173 3.4451825396825395 1.6085301087801087 6.5 0.0 1.415481428786414 
48.0 200.0 4.093605006105006 3.682857142857143 1.5637513597513597 7.533333333333334 0.0 1.5665407175656212 
48.5 200.0 4.3018150738150736 3.607317182817183 1.6980095182595183 7.0095238095238095 0.0 1.5959501182211968 
49.0 200.0 4.317559655622156 3.0615436507936504 1.7431667984792985 7.623124098124096 0.0 1.6924746910112018 
49.5 200.0 4.427466124153624 3.198833333333333 1.8356089812964813 7.781782106782106 0.0 1.6143155258739303 
50.0 200.0 4.167290279165279 3.496718253968254 1.6905958347208347 7.781782106782106 0.0 1.4729399996052677 
#####################################################################
# End of data export. Simulation finished at: 2020-02-20T04:40+0000 #
#####################################################################
