#####################################################################
# Alchemist log file - simulation started at: 2020-02-20T04:49+0000 #
#####################################################################
# seed = 5.0, speed = 10, meanNeighbors = 3, nodeCount = 500
#
# The columns have the following meaning: 
# time nodes org:protelis:armonicCentralityHLL[Mean] harmonicCentrality[Mean] msqer@harmonicCentrality[Mean] msqer@harmonicCentrality[Max] msqer@harmonicCentrality[Min] msqer@harmonicCentrality[StandardDeviation] 
0.0 500.0 NaN NaN 0.0 0.0 0.0 0.0 
0.5 500.0 0.8411764705882353 6.972294726343487 6.578294726343488 17.734523809523807 0.0 4.5803944136437895 
1.0 500.0 1.8376666666666666 6.9253861024596315 5.262414673888204 17.046989121989125 0.0 4.02205403212853 
1.5 500.0 3.708040476190476 7.816534154438514 4.838377805232165 17.890874545131513 0.0 4.575543229893906 
2.0 500.0 5.152169047619048 6.678036727926356 2.9897285971682255 13.41900876900877 0.0 2.906534596957266 
2.5 500.0 6.038600793650794 6.5955647581348815 2.852512169770374 18.509271284271282 0.0 2.588643456608256 
3.0 500.0 6.8859642857142855 7.588008907105966 3.02030091738327 22.556349206349207 0.0 2.694250418316268 
3.5 500.0 7.567384199134199 7.753767729982436 3.0631893384393383 15.976984126984126 0.0 2.6690325083346287 
4.0 500.0 8.529680469530469 6.174324386724387 3.5747765734265733 15.55 0.0 2.990423878951267 
4.5 500.0 9.36411499056499 6.139858541458541 4.0998886502386505 18.210714285714285 0.0 3.2924051503138343 
5.0 500.0 9.650660472860473 6.163423909166169 4.4694356137326725 18.210714285714285 0.0 3.613144109464816 
5.5 500.0 9.872139416139415 6.180709470646312 4.7719986647339585 20.427822177822176 0.0 3.979301940706656 
6.0 500.0 9.899249325674326 5.341343506493507 5.464271592296592 20.621439671439674 0.0 4.7115654133832425 
6.5 500.0 10.323556506728565 5.96756576258279 5.496141683729068 19.09997502497502 0.0 4.306500495195967 
7.0 500.0 10.489229158870026 5.5649934859258385 5.971042612083479 18.61542346542346 0.0 4.461093083222788 
7.5 500.0 10.840289931868956 6.159507879616084 5.664375117271789 21.1223248973249 0.0 4.5921759449081865 
8.0 500.0 11.126824025621781 6.893307893262866 5.858027819940712 21.1223248973249 0.0 4.2424780859300375 
8.5 500.0 11.403296234785167 6.578016502273993 6.203937874105598 19.61294579603403 0.0 4.7508645859018745 
9.0 500.0 11.717133218003188 6.2649861487841365 6.559680177940394 24.10314824064824 0.0 5.211294907337857 
9.5 500.0 12.00508832848438 6.660925231612437 6.655922814340727 23.605212842712845 0.0 5.197253398994718 
10.0 500.0 12.775958561615692 7.475588832298704 6.803485417299606 23.699394722924147 0.0 5.183493637338799 
10.5 500.0 13.362204703443682 6.486145952241175 7.958991391781145 25.773983343797585 0.0 6.044427359639757 
11.0 500.0 13.943215934781556 6.015415903858783 8.833298204318005 34.04293268650854 0.0 7.042194898766512 
11.5 500.0 14.410935916359058 6.4501966559106085 8.898301290613286 30.894013240801165 0.0 6.595221776558665 
12.0 500.0 14.428153684897385 5.217103607503607 10.006364751608452 31.565260852838264 0.0 7.808515119337648 
12.5 500.0 14.335498962945664 5.557610966810967 9.580348313595017 32.41883228140969 0.0 7.5424539469942165 
13.0 500.0 14.436439736631257 6.564323455302867 9.04797659464768 31.98383816457246 0.0 7.29032850546714 
13.5 500.0 14.121817789853067 6.114575911841856 9.418275257170752 33.40501347600216 0.0 6.502122824560056 
14.0 500.0 14.415989613547737 5.602042468642469 9.719387149345273 29.78931781545357 0.0 7.007678694396447 
14.5 500.0 14.590612707550832 6.079195424991245 9.567370565654201 32.61482378564287 0.0 7.1489989965803025 
15.0 500.0 14.724845882065726 6.187984038184038 10.051645870965714 32.145550283087644 0.0 7.357306340141374 
15.5 500.0 14.99389835237821 6.886753035393735 9.538056246657693 35.97570833651026 0.0 7.326144965152888 
16.0 500.0 15.376517992833291 7.004282918749637 9.448947343651032 34.97570833651026 0.0 7.143202145099631 
16.5 500.0 15.787599076879461 6.517100741304291 10.313494421924172 36.926175035759776 0.0 7.872375892666443 
17.0 500.0 15.60417814056525 5.673084216437157 10.836607827871408 35.61389148597622 0.0 8.18275929181833 
17.5 500.0 15.0966704231513 6.059684537684538 10.12328303276391 31.615458867807437 0.0 7.93334783927638 
18.0 500.0 15.032914276185759 6.275342413142413 9.923449685221167 32.11744441217587 0.0 7.723404098195938 
18.5 500.0 15.261961432859275 6.0823915195915195 10.193996320194163 33.05044509760791 0.0 7.684422549874466 
19.0 500.0 15.815732140411441 6.092850521700521 10.522912670991973 31.013380353514428 0.0 7.70105932143936 
19.5 500.0 16.062936199907853 6.365984296749002 10.4261913525983 35.10221043922665 0.0 7.841479872425868 
20.0 500.0 15.700627024817374 5.770596903096903 10.65712597031632 30.302455955786773 0.0 7.753568407049861 
20.5 500.0 15.74838241178318 5.543884601672837 10.949994687416044 34.39354530730897 0.0 8.143147717294148 
21.0 500.0 15.766188956052897 5.664645843045843 10.909498169062111 30.741787041342 0.0 8.381300039671999 
21.5 500.0 16.212636096599773 6.5337347234464875 10.798671131499518 32.338104130415594 0.0 7.943006998800704 
22.0 500.0 16.151860356818254 6.947290416705981 10.426857221418485 32.67542268238404 0.0 7.477806361073772 
22.5 500.0 16.050649612580624 6.329339587828752 10.462320844925852 31.252886699463645 0.0 8.143469374774641 
23.0 500.0 15.721507327997681 4.869804761904762 11.442245278935632 32.33110746378536 0.0 8.957811397217224 
23.5 500.0 15.879684755976632 5.7644317450070615 10.738471440551836 29.650540205839235 0.0 8.31163301685596 
24.0 500.0 15.995928141558771 5.124430166891932 11.387776762545627 31.368375135024433 0.0 9.085279801121601 
24.5 500.0 15.52817307091363 5.405101598401599 11.071568753009313 37.713932099997386 0.0 9.188352303651682 
25.0 500.0 14.9885156091225 5.976782445486044 10.542726811623353 33.52579441066125 0.0 8.772571740910609 
25.5 500.0 14.353660458780997 5.522209057609058 10.26178733190787 34.34995725068197 0.0 9.328282471681272 
26.0 500.0 14.467094252692268 5.18650545010545 10.383642215840231 32.01783599976192 0.0 9.182734164900634 
26.5 500.0 14.254357440018227 4.828621317571318 10.564791905552692 32.46272515151437 0.0 9.429889917373313 
27.0 500.0 14.510773622500924 4.974213852813853 10.47099457932188 34.34504895062851 0.0 8.97095009351312 
27.5 500.0 15.02876268487277 5.524156916423789 10.646573134416347 30.55619322791384 0.0 8.485513275616427 
28.0 500.0 15.193387580619294 5.579015645139174 10.597409941918126 33.603983614583186 0.0 8.382752377703309 
28.5 500.0 15.885389383685084 6.490960631322535 10.965891956572824 36.95269803062304 0.0 8.550108285664033 
29.0 500.0 16.090066741844353 6.352778232878232 10.924406912784525 32.34420097212598 0.0 8.696781233360163 
29.5 500.0 16.039058485811935 5.349222655122655 11.710630784926648 36.16713418364928 0.0 9.502918725354446 
30.0 500.0 16.005500190294832 6.110197783176576 11.499772640067281 35.646495990189095 0.0 9.47712973327034 
30.5 500.0 16.344641751369103 7.535517413113053 10.675142872838382 34.019133549644046 0.0 8.325276673561635 
31.0 500.0 16.93481133873147 6.2645849987302 11.770173779077503 34.33607001317579 0.0 9.232789951897846 
31.5 500.0 17.637536764237456 6.570939994972347 12.094848828317168 33.23646306329652 0.0 8.59988934151347 
32.0 500.0 18.046746696329237 6.0789242894360545 12.846639650433955 35.99580986034511 0.0 9.42172567370691 
32.5 500.0 18.12250282905337 6.018804395604396 13.118586023636565 38.03339638012081 0.0 9.797084243582818 
33.0 500.0 17.713223693513548 5.315962481962482 13.339762798852654 36.099596549201735 0.0 10.252141900122197 
33.5 500.0 17.458031000629962 5.59367812122518 13.011720066466085 34.47682849928985 0.0 9.861861422938473 
34.0 500.0 17.52825094872927 5.656755067155068 12.8451192803976 32.78029975128276 0.0 9.627998706603433 
34.5 500.0 16.81513629121475 5.5709239871239875 12.130280580259036 33.91005427961239 0.0 9.560268486735907 
35.0 500.0 16.5131056754606 5.484652813852814 11.952988648043574 33.767244351408515 0.0 9.349513764185387 
35.5 500.0 16.54145948457031 5.574773071373071 12.046863758074585 33.767244351408515 0.0 9.24340672803892 
36.0 500.0 16.249192046669762 5.468477455877456 11.759544694022408 34.85477657172096 0.0 9.34017318407476 
36.5 500.0 16.780440682192125 5.221251692751692 12.494411772213214 32.88810990505429 0.0 9.576452616694098 
37.0 500.0 16.791487044653675 5.591607278802322 12.309286690985715 31.976917001681517 0.0 9.426805480935096 
37.5 500.0 16.852435647223793 5.529019075369075 12.344373431661577 36.755488430252946 0.0 9.797713903227052 
38.0 500.0 16.493963759364426 5.666308264095726 11.865104122097668 32.30802279183151 0.0 9.448981830678678 
38.5 500.0 16.511789942678092 4.895796825396825 12.483386768074919 37.80802279183151 0.0 10.19076446013942 
39.0 500.0 16.992191898011583 5.160118181818182 12.788121912441598 36.09450690042459 0.0 10.321828117461926 
39.5 500.0 16.479264535359352 5.504739830104536 12.172281150443613 32.53848722827962 0.0 9.807391630688384 
40.0 500.0 16.17446399507385 5.12247012987013 12.120916087425943 35.37157202127635 0.0 10.211049829024573 
40.5 500.0 15.861139622672704 5.446212953712954 11.31222328656643 35.37157202127635 0.0 9.578918286995245 
41.0 500.0 15.754634510895416 5.075631268731268 11.532815130276035 33.14362777376898 0.0 9.941999837088993 
41.5 500.0 15.681049816467139 4.7344873015873015 11.72841330853063 31.815390706888316 0.0 10.002472585510683 
42.0 500.0 15.341669585584047 4.553685714285714 11.608335164449628 31.8798822778025 0.0 9.994662586031264 
42.5 500.0 15.126162431369638 5.1273560013429975 11.125227136032017 32.89493400299671 0.0 9.86636450175256 
43.0 500.0 14.933252056663594 5.088232733932734 10.808954509766048 35.30400666989891 0.0 9.717460534990852 
43.5 500.0 14.038097625819427 5.0286297591297595 9.997464048938792 35.30400666989891 0.0 9.925197158665263 
44.0 500.0 13.394973435392117 4.567848928848929 9.838164255682935 33.354978957150664 0.0 10.243591049952542 
44.5 500.0 13.577129112768997 5.0010739994955165 9.807039165461404 32.354978957150664 0.0 9.585691479600595 
45.0 500.0 13.881935792987388 4.8685167698314755 10.28893758955683 33.12369036797057 0.0 9.99870915203431 
45.5 500.0 14.471249795488973 4.884354478854479 10.677635654074832 33.12369036797057 0.0 9.466893765828502 
46.0 500.0 14.682906376138204 4.744033867388202 10.79032061190244 31.707591474096247 0.0 9.632220389055597 
46.5 500.0 14.176800593331503 4.511419591519592 10.508592445923355 30.731126174261547 0.0 9.423541988955124 
47.0 500.0 14.018721871652291 4.959103318903319 10.110480457510876 28.237059214252028 0.0 8.898091020061635 
47.5 500.0 14.06244631121585 4.852738095238095 10.369997104866647 30.496077835836513 0.0 9.053762056943489 
48.0 500.0 14.434243369728415 5.227388514736038 10.406019690724241 26.690849684746077 0.0 8.587925345680043 
48.5 500.0 14.523993517996631 5.644866455766455 10.207680197983311 27.866433053262423 0.0 8.568933061734914 
49.0 500.0 14.381142249238744 6.242416920781317 9.718147611059583 32.240367160679064 0.0 7.9672883451238565 
49.5 500.0 14.629954811851977 5.6040652847152845 10.168517210564376 27.37110181410287 0.0 8.51170794769473 
50.0 500.0 14.97421616872259 5.150596814296814 10.746280537686959 30.818254964461268 0.0 8.672842106169375 
#####################################################################
# End of data export. Simulation finished at: 2020-02-20T04:50+0000 #
#####################################################################
