#####################################################################
# Alchemist log file - simulation started at: 2020-02-20T06:46+0000 #
#####################################################################
# seed = 6.0, speed = 5, meanNeighbors = 2, nodeCount = 2000
#
# The columns have the following meaning: 
# time nodes org:protelis:armonicCentralityHLL[Mean] harmonicCentrality[Mean] msqer@harmonicCentrality[Mean] msqer@harmonicCentrality[Max] msqer@harmonicCentrality[Min] msqer@harmonicCentrality[StandardDeviation] 
0.0 2000.0 NaN NaN 0.0 0.0 0.0 0.0 
0.5 2000.0 0.5251572327044032 3.584058826957357 3.3401421602906898 14.533333333333333 0.0 2.724726546016901 
1.0 2000.0 1.1914749999999996 3.4344757828944354 2.4580745924182454 12.983333333333333 0.0 2.259203616702185 
1.5 2000.0 2.333741666666667 3.2584723774591415 1.7723163057530706 13.089682539682538 0.0 1.7315878517924546 
2.0 2000.0 3.1188904761904768 3.312825493950494 1.6911989232989229 10.134126984126985 0.0 1.5032698064829535 
2.5 2000.0 3.501317261904762 3.495784908529723 1.836428108385423 13.19552334919982 0.0 1.7335981003440697 
3.0 2000.0 3.796535119047619 3.453157803552657 1.967183464574641 9.792857142857143 0.0 1.6480571819375271 
3.5 2000.0 4.06922123015873 3.3073075063825055 2.2137626304251303 11.783333333333333 0.0 1.8797742508644537 
4.0 2000.0 4.368957611832612 3.377722451812893 2.2097510307502954 12.461904761904762 0.0 1.925260862944445 
4.5 2000.0 4.522303354978355 3.496374019621851 2.3030462323738012 13.709523809523807 0.0 2.111154497040475 
5.0 2000.0 4.689447907647907 3.151829964479965 2.572588358863359 13.94603174603175 0.0 2.2735406862933316 
5.5 2000.0 4.889914228826729 3.289582534948712 2.786557499853088 13.387301587301584 0.0 2.515099703295438 
6.0 2000.0 5.028408108558108 3.221217274392275 2.8910218115218114 17.210714285714285 0.0 2.6402489254141868 
6.5 2000.0 5.211140487290488 3.3649203921078916 2.929932407869908 19.09509934509935 0.0 2.715158687063772 
7.0 2000.0 5.25735694028194 3.2631909090909086 3.055347080697081 19.09509934509935 0.0 2.9553327213759992 
7.5 2000.0 5.497601083556965 3.22633291985792 3.33648296833885 21.616755466755468 0.0 3.3084685769425497 
8.0 2000.0 5.689161709613915 3.2745258437769666 3.4936870113804326 19.604562104562106 0.0 3.40676307886097 
8.5 2000.0 5.646045164272003 3.1656960317460316 3.537840160941999 22.48528971028971 0.0 3.6106113618870723 
9.0 2000.0 5.654818639311326 3.1823844294594292 3.553656132373818 20.796803196803197 0.0 3.6153261243988286 
9.5 2000.0 5.753321776883676 3.3566955412080675 3.4793168627113236 23.742005217005218 0.0 3.5090039296079794 
10.0 2000.0 5.7655197516943835 3.189308295643125 3.5599814870780233 21.408671883671886 0.0 3.6309356622135533 
10.5 2000.0 5.6529879260875004 3.116667096792097 3.542309667989389 20.709746887958964 0.0 3.7067576366837507 
11.0 2000.0 5.765304422591941 2.9825250360750357 3.742606508006527 23.20879953379953 0.0 4.014931611016052 
11.5 2000.0 5.906643860518154 3.2303582970950617 3.6862265466443795 22.030787921229095 0.0 4.00106551409533 
12.0 2000.0 5.956425856111421 3.375784271979622 3.8456946518040205 22.780787921229095 0.0 4.0838489678519405 
12.5 2000.0 5.970127252479727 3.415471699379053 3.8452323480463533 20.376610416587194 0.0 3.9776338956416306 
13.0 2000.0 5.96222168942225 3.523984660029512 3.871188774060589 20.376610416587194 0.0 3.9737214154887623 
13.5 2000.0 6.12363318556029 3.2400610195360198 3.9670513124884006 21.906085761503725 0.0 4.256386213180981 
14.0 2000.0 6.230774514582968 3.221104152791653 4.01805250881096 22.414621068645836 0.0 4.485147133811908 
14.5 2000.0 6.242867863026343 3.2629109612609617 4.088564102897584 25.920239109016194 0.0 4.421721331192459 
15.0 2000.0 6.2263494015762095 3.1053788295038287 4.111514116028426 25.546639304108336 0.0 4.6683139453042735 
15.5 2000.0 6.2773168099312615 3.156643051393052 4.123206760994543 25.00834468428627 0.0 4.793496918923801 
16.0 2000.0 6.486694041348163 3.315376623376623 4.29473080020891 25.00834468428627 0.0 4.771551116654462 
16.5 2000.0 6.508314991260718 3.4919922340860032 4.2267231774017 22.581589449086092 0.0 4.557290938719277 
17.0 2000.0 6.563543100560235 3.3338483766233757 4.325957033616978 26.5291386248322 0.0 4.801632397514119 
17.5 2000.0 6.7855864194976085 3.400502158788923 4.4193422175328125 24.719999386181186 0.0 4.843262083823145 
18.0 2000.0 6.806073091524194 3.320291077893555 4.529260526948778 25.33982033106512 0.0 5.012074021839856 
18.5 2000.0 6.880483377919213 3.3547055171136058 4.5739208306871255 27.121653829288288 0.0 5.065177504757933 
19.0 2000.0 7.049058930699441 3.309156673860196 4.72106210741515 26.81037546870597 0.0 5.378722154396292 
19.5 2000.0 7.097044298467622 3.218706926406927 4.77091601008933 27.31037546870597 0.0 5.443958754157488 
20.0 2000.0 7.036648053034555 3.185230245141855 4.823677192771666 25.499061909904338 0.0 5.43674883028299 
20.5 2000.0 6.758025910911518 3.160269823477176 4.6263696832339685 27.660455399133383 0.0 5.422874318884407 
21.0 2000.0 6.569438229900646 3.242221972471973 4.358037887019813 26.06045539913338 0.0 5.179954325643076 
21.5 2000.0 6.580509020799621 3.090964338778696 4.585805085781252 31.39746495419483 0.0 5.4810723413092965 
22.0 2000.0 6.564649109478218 3.1851836580086577 4.516225682904787 32.036206290510314 0.0 5.421589009760633 
22.5 2000.0 6.654053602032193 3.211031305622482 4.511114185076601 32.150543267881524 0.0 5.552132956693395 
23.0 2000.0 6.733292127651292 3.0917985264735264 4.621900141859306 31.1138761360513 0.0 5.584222180843915 
23.5 2000.0 6.896975320378365 3.1354203019203015 4.717417511520558 31.663876136051297 0.0 5.836024208804284 
24.0 2000.0 6.7499337811597835 3.1633957048773382 4.667789985316713 28.046440720402742 0.0 5.723469485946741 
24.5 2000.0 6.430876694109019 2.9726470473970465 4.556880050474875 30.083319842046464 0.0 5.725845733446688 
25.0 2000.0 6.440406914114344 2.948251157176157 4.550606748593591 29.93079582903382 0.0 5.830720357516799 
25.5 2000.0 6.473484555472986 3.1996251526251536 4.417689367102705 29.967996389863856 0.0 5.518681117326165 
26.0 2000.0 6.423668954735111 3.1750483821733826 4.439535893126956 27.411734582924822 0.0 5.612660372520757 
26.5 2000.0 6.554912538681709 3.0360373015873017 4.536380279540781 28.911734582924822 0.0 5.669354639027199 
27.0 2000.0 6.577997939894043 2.9809166666666673 4.618438180475615 31.331801450972264 0.0 5.877936795844138 
27.5 2000.0 6.442749129590994 3.0338270202020214 4.389590324507188 31.934409980681135 0.0 5.692875859483541 
28.0 2000.0 6.534392979016742 3.103176484626483 4.484001390050152 31.934409980681135 0.0 5.783154175450666 
28.5 2000.0 6.489580647747016 3.070188200688202 4.607183754091995 29.564729965611733 0.0 5.947671524249083 
29.0 2000.0 6.364753559222699 3.0929489871239864 4.565113745944304 30.688773539013603 0.0 5.906290785990849 
29.5 2000.0 6.3607902577478495 3.0130340159840174 4.4349842609668535 28.099061413481753 0.0 5.937608826220278 
30.0 2000.0 6.427564722040116 2.9013981552760955 4.589317912069042 29.099061413481753 0.0 6.095149339695306 
30.5 2000.0 6.3023578710035055 2.962678341103342 4.387769981115618 28.610941163628215 0.0 5.838290419301372 
31.0 2000.0 6.146017307983649 2.9571242784992786 4.368459391880147 27.607309253722242 0.0 5.730489244836232 
31.5 2000.0 6.19147355999274 2.9072990231990232 4.391206205125384 27.05511495895495 0.0 5.5722525702917 
32.0 2000.0 6.060986565945974 2.795004797979798 4.285460519769927 26.509915761554577 0.0 5.581983231429765 
32.5 2000.0 5.909706499866557 2.9725349206349208 4.097880828315886 28.982055476609062 0.0 5.229378514788531 
33.0 2000.0 5.852777622700374 2.8949751082251085 4.075541532401783 28.982055476609062 0.0 5.1720994067605055 
33.5 2000.0 5.641006191604925 2.8502227633477637 3.8300959468660034 28.405979825003584 0.0 5.009591749323215 
34.0 2000.0 5.598898333233208 3.009520629370629 3.780645403401601 27.50882280218467 0.0 4.89035943578325 
34.5 2000.0 5.640608991395974 3.138282425907427 3.793664221460027 25.655974230964343 0.0 4.7944951698369 
35.0 2000.0 5.833237585297131 3.116633882783883 3.9137159384798967 27.80492295074418 0.0 5.159520417144328 
35.5 2000.0 6.016408791532246 3.1621545093795094 3.9174168013270747 27.80492295074418 0.0 5.107317182330173 
36.0 2000.0 5.782483698869642 2.979935515873016 3.835304362137403 27.40103907082641 0.0 4.859562013423922 
36.5 2000.0 5.726360834799806 3.207970236707736 3.5903401658059173 23.535720690185325 0.0 4.59756574208249 
37.0 2000.0 5.754497730882685 3.0105866161616164 3.736228513664911 24.720974242322907 0.0 4.666837073334015 
37.5 2000.0 5.647916072212299 3.1263091491841495 3.6821849862827682 26.373615801693493 0.0 4.502980267863208 
38.0 2000.0 5.671671131978836 3.16500392940393 3.6497139372171126 27.456949135026825 0.0 4.5250715940136415 
38.5 2000.0 5.701134596510549 3.0794970834720834 3.649894465807919 29.051543859948744 0.0 4.623736671498666 
39.0 2000.0 5.7981751070100325 2.93860119047619 3.8368652002501267 25.103811929910833 0.0 4.83669864210463 
39.5 2000.0 5.822953642603465 3.034540945165945 3.8765406361654584 24.731520699302813 0.0 4.711476278352178 
40.0 2000.0 5.7547924463509315 3.0982533189033186 3.7553340408675275 23.883742161358178 0.0 4.598911206429838 
40.5 2000.0 5.7718994199557265 3.0888959235209237 3.8852289345802493 26.70234530213247 0.0 4.880906060202058 
41.0 2000.0 6.002754294647632 3.129991399695076 3.943800753336002 24.40306345105318 0.0 4.973588191415916 
41.5 2000.0 6.144091001544845 3.0376897186147187 4.10673581198466 28.195483149332752 0.0 5.049825889678703 
42.0 2000.0 6.157608660922504 3.034704634254634 4.1089383442166945 25.64853379772068 0.0 4.9797249881283205 
42.5 2000.0 6.130493589340863 3.026879220779221 4.084925194010703 25.64853379772068 0.0 4.997523207876412 
43.0 2000.0 5.958765748152758 3.3019528152403153 3.9562555250425344 27.907408952177512 0.0 4.927718185817707 
43.5 2000.0 5.916326079681288 3.175184937284937 3.8340642387444475 31.657408952177512 0.0 4.8856077273832526 
44.0 2000.0 5.867534216445825 3.0620514041514046 3.825631427671133 31.855413581529035 0.0 4.875220095187071 
44.5 2000.0 5.922953215587388 3.0389070516901397 3.915469768642177 33.355413581529035 0.0 4.904045138177683 
45.0 2000.0 6.019455242431052 3.0537815295815296 3.937476274177084 28.640815211157705 0.0 5.047457654809167 
45.5 2000.0 5.995825245512809 3.2351564729388262 3.9693696721645884 25.83786541155272 0.0 4.988872613224519 
46.0 2000.0 5.852746280386394 3.123034126984127 3.875192997558111 26.550587798981013 0.0 4.831898146658116 
46.5 2000.0 6.094446331789529 3.0824012723387737 4.04894053008779 27.849260066436866 0.0 5.079948530573294 
47.0 2000.0 6.146202057811427 3.065758189033189 4.01615783732603 27.89468306341672 0.0 5.0766046759920895 
47.5 2000.0 5.962156867418069 3.215196052558553 3.8954836748082173 30.32732885949033 0.0 4.905276050435833 
48.0 2000.0 5.906286254475188 3.368824451447246 3.744057087390532 28.82732885949033 0.0 4.685032422219998 
48.5 2000.0 6.064932302650155 3.2354706099456116 3.866140565487246 29.050919314684492 0.0 4.855686683564017 
49.0 2000.0 6.173679269882487 3.141297014097014 3.979554589213997 26.265838939057243 0.0 4.992064635087241 
49.5 2000.0 6.136990421800567 3.2261015151515147 3.9205229068966863 26.265838939057243 0.0 4.93141503985366 
50.0 2000.0 6.049903759433119 3.0673423132423143 3.948574767183538 30.015064325443895 0.0 4.93187561835807 
#####################################################################
# End of data export. Simulation finished at: 2020-02-20T06:47+0000 #
#####################################################################
