#####################################################################
# Alchemist log file - simulation started at: 2020-02-21T06:37+0000 #
#####################################################################
# seed = 15.0, speed = 5, meanNeighbors = 7, nodeCount = 50
#
# The columns have the following meaning: 
# time nodes org:protelis:armonicCentralityHLL[Mean] harmonicCentrality[Mean] msqer@harmonicCentrality[Mean] msqer@harmonicCentrality[Max] msqer@harmonicCentrality[Min] msqer@harmonicCentrality[StandardDeviation] 
0.0 50.0 NaN NaN 0.0 0.0 0.0 0.0 
0.5 50.0 1.9935897435897434 15.488151848151848 14.45148518148518 19.469877344877343 8.703110778110778 2.5462346173664363 
1.0 50.0 3.823666666666667 16.562733044733044 12.739066378066378 20.20952380952381 3.830555555555554 3.443920392309512 
1.5 50.0 8.123857142857142 16.329477633477634 8.205620490620491 14.439285714285717 0.7095238095238052 2.9693276495763543 
2.0 50.0 11.045095238095238 17.08277777777778 6.037682539682539 13.157142857142858 0.7499999999999964 2.4165441903279947 
2.5 50.0 13.299420634920635 16.92142857142857 3.634484126984127 8.2 0.12619047619047663 2.0607253296656163 
3.0 50.0 14.382063492063493 17.175539682539682 2.8222857142857145 8.214285714285715 0.12023809523809703 1.9239481406953 
3.5 50.0 15.387412698412698 17.082539682539682 1.801952380952381 5.780158730158731 0.04761904761904745 1.5587050875555204 
4.0 50.0 16.42079365079365 16.257688311688312 1.0742265512265505 4.522222222222219 0.06150793650793318 0.9569426190136574 
4.5 50.0 16.87486507936508 15.48997113997114 1.641481240981241 4.891269841269841 0.017063492063494223 1.08080059924989 
5.0 50.0 16.915230158730157 15.061388167388168 1.874272005772006 5.192460317460318 0.01626984126983899 1.1202452330458816 
5.5 50.0 16.689460317460316 15.462304473304473 1.442647907647908 3.6457792207792217 0.013095238095239381 0.9512443212613922 
6.0 50.0 16.33506349206349 15.238324675324675 1.1547085137085134 2.8336219336219344 0.04761904761904745 0.718921259818781 
6.5 50.0 16.039253968253966 15.268324675324676 0.905249639249639 2.59678932178932 0.015476190476189089 0.7058074479039638 
7.0 50.0 15.836484126984127 15.331920523920523 1.1310037185037183 4.680833055833055 0.013780663780661229 1.0275027799562566 
7.5 50.0 15.730738095238095 15.485394272394272 1.172361138861139 4.646309246309244 0.011507936507939576 1.0603936233097986 
8.0 50.0 15.596286435786435 16.176285714285715 1.6029675324675325 5.8916666666666675 0.005952380952383152 1.2994185138738321 
8.5 50.0 15.832532467532467 16.831968253968252 1.697911976911977 6.715079365079363 0.0011904761904730776 1.529516718712292 
9.0 50.0 15.98642352092352 16.96230158730159 1.4323383838383843 6.465079365079363 0.02261904761904887 1.3586852319480194 
9.5 50.0 16.37553751803752 16.27377922077922 1.1517539682539684 11.609920634920636 0.006746031746031278 1.7142755624641401 
10.0 50.0 16.815939393939395 16.887666666666668 0.8793997113997114 11.609920634920636 0.04047619047618767 1.678138331095791 
10.5 50.0 16.77953968253968 16.74385714285714 0.6722063492063498 3.0833333333333357 0.0 0.5903075026221745 
11.0 50.0 16.881642857142857 16.766777777777776 0.603134920634921 3.1333333333333364 0.0 0.5649558739742893 
11.5 50.0 16.873079365079363 16.633412698412698 0.4710158730158731 1.8380952380952422 0.0 0.4145607304556422 
12.0 50.0 16.958261904761905 16.02316305916306 1.0639559884559886 12.002380952380953 0.0 1.7301026304375875 
12.5 50.0 16.909507936507936 16.314444444444444 1.242047619047619 12.002380952380953 0.0 1.8208625498059325 
13.0 50.0 16.72525396825397 16.120460317460317 0.9644285714285717 3.4150793650793663 0.0 0.8940265881361834 
13.5 50.0 16.612214285714284 16.152460317460317 0.7347380952380955 3.4150793650793663 0.0 0.7705025863640615 
14.0 50.0 16.60730158730159 15.904761904761905 0.7606031746031745 3.408730158730158 0.0 0.6559802695954734 
14.5 50.0 16.571952380952382 15.54919191919192 1.0297604617604619 4.362265512265511 0.0 0.8580336521864419 
15.0 50.0 16.392809523809525 15.634907647907648 0.8168701298701297 3.0285714285714302 0.0 0.7081039892597052 
15.5 50.0 16.239865079365078 16.021428571428572 0.6158650793650795 3.8126984126984134 0.0 0.7056815193169932 
16.0 50.0 15.998263347763347 15.76563492063492 0.7138477633477635 3.530555555555555 0.0 0.7090394318726543 
16.5 50.0 16.044318903318903 14.448731046731046 1.7586657786657787 6.645021645021647 0.0 1.5042313150465882 
17.0 50.0 15.95380303030303 15.096326007326006 1.5038281163281169 10.404809079809079 0.0 1.9873395442587665 
17.5 50.0 15.802914141414142 14.78684693084693 1.511069097569098 10.404809079809079 0.0 1.6812369301868186 
18.0 50.0 16.0076443001443 13.306995781995782 2.7006485181485185 12.069841269841268 0.0 2.304087255406653 
18.5 50.0 15.65662121212121 14.373614052614053 1.5084732489732482 12.069841269841268 0.0 1.7056640856578158 
19.0 50.0 15.178247474747474 15.234492063492063 1.2692128427128428 12.370238095238097 0.0 2.12603082445792 
19.5 50.0 15.046311688311688 15.11468253968254 1.5120851370851371 12.370238095238097 0.0 2.1366792277853315 
20.0 50.0 14.828502886002886 14.668588744588744 1.2838318903318906 9.390873015873014 0.0 1.4707425727696886 
20.5 50.0 15.055097402597402 14.863223665223666 1.4569531024531022 11.824206349206348 0.0 2.1162842810304694 
21.0 50.0 14.877076701076701 15.092953823953824 0.9994720834720832 11.99206349206349 0.0 1.8502134898774767 
21.5 50.0 15.113647408147408 15.162396825396826 0.5412188367188367 1.9309523809523839 0.0 0.5608340463797539 
22.0 50.0 15.188080086580086 14.476555555555555 1.5168896103896108 11.398809523809526 0.0 2.2996795815376063 
22.5 50.0 15.40464357864358 14.33779365079365 1.6672784992785001 11.315476190476192 0.0 2.3091067242831875 
23.0 50.0 15.294683261183263 15.548095238095238 0.8145389610389606 10.563095238095238 0.0 1.5344728698783616 
23.5 50.0 15.252789321789322 15.166 1.1217994227994224 12.093650793650792 0.0 2.1952175659500504 
24.0 50.0 15.529058441558442 15.352571428571428 0.8339112554112551 11.836507936507935 0.0 2.179494114352901 
24.5 50.0 15.796555555555555 15.20015873015873 0.7513174603174614 11.836507936507935 0.0 1.702620124659965 
25.0 50.0 15.636683982683984 15.377095238095238 0.6393174603174604 2.608730158730161 0.0 0.7154385986497163 
25.5 50.0 15.61594733044733 15.424809523809524 0.45785064935064873 1.442857142857143 0.0 0.4054400488589844 
26.0 50.0 15.653318903318903 15.56557142857143 0.49628427128427105 2.097222222222225 0.0 0.48162669979866723 
26.5 50.0 15.734334054834054 15.618761904761904 0.5913484848484847 2.3281746031746042 0.0 0.5288261184085751 
27.0 50.0 15.742421356421357 16.182523809523808 0.9935786435786435 11.03095238095238 0.0 1.904163091798415 
27.5 50.0 15.631841269841269 15.846509379509378 1.0075555555555555 10.669444444444443 0.0 1.8487585339630423 
28.0 50.0 15.745587301587301 16.604396825396826 1.0421746031746029 12.236507936507934 0.0 2.231222816602122 
28.5 50.0 15.762960317460317 16.327873015873013 0.8954047619047614 12.236507936507934 0.0 2.1628585591244365 
29.0 50.0 15.97690476190476 16.207031746031745 0.8648730158730155 12.244444444444444 0.0 1.8170849677405823 
29.5 50.0 15.806801587301587 16.59668253968254 1.0288174603174598 12.719444444444443 0.0 1.899215004184854 
30.0 50.0 16.270071428571427 16.635825396825396 0.6292619047619049 3.816666666666663 0.0 0.7166712083017678 
30.5 50.0 16.41845238095238 16.83563492063492 0.5876904761904764 2.733333333333336 0.0 0.5008282541614358 
31.0 50.0 16.513166666666667 16.037269841269843 0.8949920634920626 4.8511904761904745 0.0 0.9750447380022181 
31.5 50.0 16.681 14.266825396825396 2.4296031746031734 11.16904761904762 0.0 2.5540350592422425 
32.0 50.0 16.782468253968254 14.378825396825397 2.4190714285714283 11.16904761904762 0.0 2.5404101955155842 
32.5 50.0 16.552785714285715 14.198365079365079 2.3564206349206347 8.625 0.0 1.8922926112441425 
33.0 50.0 16.13607142857143 10.269333333333334 5.866738095238095 10.383333333333335 0.0 2.3030532926148677 
33.5 50.0 15.635119047619048 10.571714285714286 5.455785714285715 8.912301587301586 0.583333333333333 1.8519449835070283 
34.0 50.0 15.3995 11.223777777777777 4.939325396825398 9.233333333333334 1.8333333333333335 1.3354010049911242 
34.5 50.0 14.705531746031745 10.94311111111111 4.58602380952381 7.442857142857141 1.083333333333333 1.2510040503758562 
35.0 50.0 14.533699134199134 11.208190476190476 4.075318181818181 7.942857142857141 0.0 1.2879177309996246 
35.5 50.0 14.516357864357865 8.338095238095239 6.198262626262626 10.411904761904761 0.0 2.639138236948403 
36.0 50.0 14.149622655122656 8.236095238095238 5.913527417027416 10.350396825396825 0.0 2.325189387353882 
36.5 50.0 13.589155844155844 8.285142857142857 5.304012987012987 8.598809523809525 0.0 2.123028949243357 
37.0 50.0 12.817580086580087 10.006428571428572 3.1194372294372297 8.13416305916306 0.0 1.6492765458279124 
37.5 50.0 11.918341991341991 10.082714285714285 2.667675324675325 7.449999999999999 0.0 1.5753920708609652 
38.0 50.0 11.220176656676657 10.098047619047618 2.351700466200466 7.199999999999999 0.0 1.5132561848515587 
38.5 50.0 10.855631202131201 10.165714285714285 2.0902026307026307 4.15 0.0 1.402051742873279 
39.0 50.0 10.799676656676656 10.145714285714286 1.7174861804861805 4.301345876345877 0.0 1.534505487187566 
39.5 50.0 10.786713453213453 14.229828282828283 3.4431148296148297 9.14285714285714 0.0 2.4073456746188766 
40.0 50.0 10.916519619269618 14.116523809523809 3.7532846320346316 8.59285714285714 0.0 2.23160025854597 
40.5 50.0 11.396976440226439 13.927428571428571 3.182129398379398 6.826190476190474 0.0 1.9708535635936388 
41.0 50.0 12.051045565545564 14.012761904761904 2.2779703074703077 7.34404761904762 0.0 2.027353284229452 
41.5 50.0 13.620181096681097 13.841698412698413 1.2324509379509379 6.134523809523808 0.0 1.2993153857157935 
42.0 50.0 14.113484126984126 13.476968253968254 0.8186904761904763 6.572619047619048 0.0 1.0421336191517507 
42.5 50.0 14.363752747252747 13.82436507936508 0.6982448107448106 11.561507936507937 0.0 1.6483005560972719 
43.0 50.0 14.62481573981574 14.369428571428571 0.8858445998445998 11.561507936507937 0.0 1.9885946698623456 
43.5 50.0 14.547183927183926 14.767904761904761 0.9396284826284832 8.740512265512265 0.0 1.7395686294184456 
44.0 50.0 14.485278943278942 14.767904761904761 0.7857373737373746 8.740512265512265 0.0 1.3107532939160478 
44.5 50.0 14.503683982683983 15.296432900432901 0.869033189033189 8.01746031746032 0.0 1.4445008736635077 
45.0 50.0 14.72796103896104 14.840238095238096 0.77091341991342 8.875829725829728 0.0 1.3160899912878417 
45.5 50.0 14.93093722943723 16.25733333333333 1.7991911976911976 11.404761904761903 0.0 2.43911161076545 
46.0 50.0 15.097503607503608 16.202666666666666 1.7641067821067822 11.354761904761903 0.0 2.5524296641945203 
46.5 50.0 15.892311188811188 15.003238095238096 1.36210483960484 11.667496392496394 0.0 2.2758724154463303 
47.0 50.0 16.367718115218114 15.035238095238096 1.5343039738039739 11.667496392496394 0.0 2.3134621002261664 
47.5 50.0 16.54306854256854 14.524714285714285 2.052892496392497 8.823448773448774 0.0 2.048869184526263 
48.0 50.0 16.154523088023087 14.120380952380952 2.042013708513708 8.823448773448774 0.0 1.5589847760158155 
48.5 50.0 15.5850873015873 14.24104761904762 1.3921666666666663 4.276190476190479 0.0 0.9128378149129028 
49.0 50.0 15.404920634920634 14.138380952380952 1.3259999999999996 4.144444444444442 0.0 1.0192501877526068 
49.5 50.0 15.172690476190475 14.013047619047619 1.2022619047619034 4.0777777777777775 0.0 1.0099753872586443 
50.0 50.0 14.910587301587302 13.835095238095239 1.109650793650793 4.0777777777777775 0.0 0.9254157116037173 
#####################################################################
# End of data export. Simulation finished at: 2020-02-21T06:37+0000 #
#####################################################################
