#####################################################################
# Alchemist log file - simulation started at: 2020-02-20T12:50+0000 #
#####################################################################
# seed = 8.0, speed = 10, meanNeighbors = 3, nodeCount = 2000
#
# The columns have the following meaning: 
# time nodes org:protelis:armonicCentralityHLL[Mean] harmonicCentrality[Mean] msqer@harmonicCentrality[Mean] msqer@harmonicCentrality[Max] msqer@harmonicCentrality[Min] msqer@harmonicCentrality[StandardDeviation] 
0.0 2000.0 NaN NaN 0.0 0.0 0.0 0.0 
0.5 2000.0 0.8014018691588785 7.837597169208331 7.473138835874998 28.83284770784771 0.0 5.848241170550616 
1.0 2000.0 1.9135595238095247 8.293400288384944 6.6494824201420775 25.037396557317138 0.0 5.598843499011251 
1.5 2000.0 3.9734047619047606 6.890947947723781 3.9667642913131123 18.98701298701299 0.0 3.3374743550269805 
2.0 2000.0 5.929033333333333 6.943095055841356 3.676197893497971 17.239285714285714 0.0 3.08521434667729 
2.5 2000.0 7.589723033910534 8.116835659399861 4.508650501991798 24.9140126600266 0.0 3.7858260884020773 
3.0 2000.0 9.551488275613275 7.554902532436754 4.840716589047459 22.828571428571426 0.0 3.8024784077606495 
3.5 2000.0 11.21549686147186 7.309117690447457 5.730546298228786 28.600000000000005 0.0 4.197736937697502 
4.0 2000.0 12.708017680930181 7.296357547834165 6.857122800093385 36.49166666666667 0.0 5.050514589175058 
4.5 2000.0 14.023080621461872 6.938199346478255 8.231757411909985 33.24095904095904 0.0 5.801799756323422 
5.0 2000.0 15.620605522377948 6.174970825607092 10.355023821154623 37.11987734487735 0.0 7.098685918526265 
5.5 2000.0 17.119626707483693 6.155074383949384 11.822641101362947 37.41987734487736 0.0 7.627348113213006 
6.0 2000.0 18.614933708742665 6.705891809631094 12.765908858634864 38.86392496392497 0.0 8.130197281530515 
6.5 2000.0 19.87158185205962 6.278312932891842 14.403482345563363 42.959317724758904 0.0 8.77591842130415 
7.0 2000.0 21.347531456748445 6.307901625881895 15.92477257597404 45.02627025171176 0.0 9.535577760330552 
7.5 2000.0 22.80032597252249 6.131428400871425 17.48263739884874 50.82799422799422 0.0 10.433490084635352 
8.0 2000.0 24.926227802394116 6.878668926306418 18.97070358836349 55.270580949837914 0.0 10.813573933408096 
8.5 2000.0 25.980685991421904 6.989152843478862 19.91751656457383 62.310245610942204 0.0 11.941680092865022 
9.0 2000.0 27.204916977851365 6.492047039969654 21.64138292362673 63.560245610942204 0.0 13.112195813669622 
9.5 2000.0 28.420669480844715 5.834769228622356 23.452471586800232 63.908730403583334 0.0 14.37102733057851 
10.0 2000.0 29.798054156128075 6.729453141235663 24.06864855956 69.02092728822606 0.0 14.297153291183415 
10.5 2000.0 31.425746811857753 6.226699430132131 26.09811887363241 76.2137844310832 0.0 15.104031118521291 
11.0 2000.0 32.60154514434682 6.653259587136551 27.05634203344649 68.25596885914223 0.0 15.31612187305102 
11.5 2000.0 34.100819397359395 6.400985487760023 28.751202496432064 77.68065607423193 0.0 15.973399922668866 
12.0 2000.0 36.170919011679494 6.755488057866887 30.31011167790018 84.83620324277211 0.0 16.678428658394292 
12.5 2000.0 37.49214545227683 6.160568885594969 32.123111573251656 80.68298809893238 0.0 17.725847926102112 
13.0 2000.0 38.673826864884205 6.259917521171992 33.17711748048567 87.4353096427718 0.0 18.263531447755945 
13.5 2000.0 39.82203471130804 6.005507847252507 34.69127743035799 94.674707125856 0.0 19.728206142690272 
14.0 2000.0 40.498140231166985 6.693413993133829 34.884988029127854 90.5433020748031 0.0 19.623480031301938 
14.5 2000.0 41.58131282056133 6.452567044814529 36.086512573529156 100.39446334361162 0.0 21.025591115728027 
15.0 2000.0 42.59965065779239 6.285358607709675 37.13996143856474 104.04096574228836 0.0 22.05654949907687 
15.5 2000.0 43.156772413892504 6.395107914725419 37.638754382736934 110.25433283883044 0.0 22.551492935398205 
16.0 2000.0 43.72785895938181 6.326452018457521 38.3557217020098 108.96193196537665 0.0 23.101928661505923 
16.5 2000.0 44.12694800725333 6.304298852361536 38.891334626277356 114.38343402910895 0.0 24.284155933405835 
17.0 2000.0 45.95013654012204 5.947638833169567 40.908333005451695 114.47759463936866 0.0 24.600652143377758 
17.5 2000.0 47.77294903201357 6.093686707299756 42.550825895556706 113.29079746311473 0.0 24.20801688858851 
18.0 2000.0 48.903220117209756 5.882451534043873 43.81131569264825 107.407105487807 0.0 25.334962787325676 
18.5 2000.0 50.12834365879942 6.734418768169894 44.28052416499747 108.65829596399747 0.0 24.67180918708927 
19.0 2000.0 50.79612711611362 6.035724971640734 45.622800192450505 108.58706247190757 0.0 25.090405740739097 
19.5 2000.0 52.032239445083206 6.200275553677489 46.71673685897822 106.58912772605417 0.0 25.336753514099723 
20.0 2000.0 53.501835748457246 6.500473429136073 47.80265610294553 102.35545184638349 0.0 24.980151957532083 
20.5 2000.0 54.60474899075643 6.942957335074514 48.48396096007187 101.96551578163226 0.0 25.364555264026574 
21.0 2000.0 55.62346527177331 7.099330946408379 49.491349256242074 116.26733089971296 0.0 25.79317119756688 
21.5 2000.0 56.43512759918119 6.62259899998917 50.7457936829586 116.10066423304629 0.0 26.51531267796175 
22.0 2000.0 57.64405612245181 6.164688285059454 52.180460245715025 119.60066039733503 0.0 27.14751341185102 
22.5 2000.0 58.61829761285132 6.2016466617661665 53.25662660699959 113.08705385458164 0.0 27.122371141430108 
23.0 2000.0 58.47421916357375 6.62004492239678 52.746527784632846 111.08705385458164 0.0 27.78114287589308 
23.5 2000.0 58.65171435927572 6.6957097188057455 52.97457011152283 112.1715797999417 0.0 28.356169931272387 
24.0 2000.0 59.407477321478844 6.735687531255294 53.57071277707502 106.01997792147608 0.0 28.39885412023735 
24.5 2000.0 60.0493923891592 7.105579060574217 53.92320707905856 114.22361953235452 0.0 28.81266944987748 
25.0 2000.0 60.125215806879204 7.235191379307542 53.912607383951894 111.47361953235452 0.0 29.428717120029784 
25.5 2000.0 60.48937501967648 6.738478915405349 54.73070643958354 109.17480546424916 0.0 29.560817474529205 
26.0 2000.0 62.084809352024536 6.230507870191385 56.70819983876518 111.8521864166301 0.0 29.17680305988119 
26.5 2000.0 63.20642589067714 6.481518468734567 57.604272403465174 114.11831373158225 0.0 28.736742459301635 
27.0 2000.0 64.1326861694321 6.239509267359337 58.60697007425578 111.46128764951766 0.0 28.302911304542462 
27.5 2000.0 63.84466137047792 6.719723746150277 57.85954056198611 111.14933421053425 0.0 28.39843801207684 
28.0 2000.0 63.716277119422834 6.675415448756445 57.875122559155265 113.30332862465019 0.0 28.779072865067036 
28.5 2000.0 63.31626367796545 6.325152118467897 58.00648915440866 113.28315717990915 0.0 29.65141380987993 
29.0 2000.0 63.3065896116287 6.255233804253134 57.971186708212585 114.83025998234228 0.0 30.2145059607393 
29.5 2000.0 64.27856955179973 6.049846927654873 59.19153282390812 113.03845110221489 0.0 29.84058414564418 
30.0 2000.0 64.35710708798938 6.240359371970479 59.01706221030514 112.62178443554822 0.0 29.713285827130772 
30.5 2000.0 64.3351514207485 6.137115338153419 59.06740718410279 110.76926701327827 0.0 29.495130713862043 
31.0 2000.0 64.47404876373874 6.086214442665177 59.28640193352647 112.46826299928208 0.0 29.191180272676895 
31.5 2000.0 64.34120457136954 6.673529215727513 58.67412780122277 114.51247750208758 0.0 28.883684561359697 
32.0 2000.0 63.62494344992615 6.0880683620301275 58.43831382970976 106.85016856252605 0.0 29.558878611000956 
32.5 2000.0 64.41739182452835 6.261956146463615 58.96999769741793 103.74289710274088 0.0 28.595495032285882 
33.0 2000.0 64.7274654887856 6.417580663101761 59.05717024544982 106.94010883091039 0.0 28.182549115873698 
33.5 2000.0 64.4356878221292 6.513957680945646 58.76479118430709 105.16051859325971 0.0 28.37989433226465 
34.0 2000.0 64.11884275378479 6.242991733737614 58.741030125331335 105.99385192659304 0.0 28.679929312786182 
34.5 2000.0 64.88363892900968 6.50919247587619 59.26371607383208 105.94401665265072 0.0 28.281392833332827 
35.0 2000.0 65.66320433479824 7.107239248954557 59.60130019568997 105.23371860613891 0.0 27.682858690124124 
35.5 2000.0 67.013532605859 6.516963795791449 61.34145913825763 107.1719013131279 0.0 27.103319054948187 
36.0 2000.0 67.94203790777571 6.411642883708588 62.210411774682576 108.55807713088122 0.0 26.52293132405354 
36.5 2000.0 67.3596687892777 6.461787095549041 61.72254848249545 106.26067739591426 0.0 27.32640316996839 
37.0 2000.0 67.3092153371035 6.560156611134823 61.658272391383925 105.3170546230235 0.0 27.387902589519047 
37.5 2000.0 67.445875078382 6.81469339768587 61.374148132349575 106.8170546230235 0.0 27.26434488477773 
38.0 2000.0 67.926500221018 6.479625145912727 62.26406544760771 101.34219522035573 0.0 26.655134717601207 
38.5 2000.0 67.93182825935845 6.343232711188805 62.4922952452556 100.3550894744643 0.0 26.6681417955783 
39.0 2000.0 68.06343514605392 6.105653344819095 62.79223810135026 105.03521959806444 0.0 27.04100963282083 
39.5 2000.0 68.22164743050887 6.132629319121113 62.910183084247116 102.04611755983485 0.0 26.83512998813053 
40.0 2000.0 68.21151445966404 6.479560858767584 62.52959745050941 103.04805506616094 0.0 26.332803256894014 
40.5 2000.0 67.17028399559881 6.344601755168809 61.693385934996755 100.70119229455517 0.0 27.020139413031927 
41.0 2000.0 66.31814850950242 5.569776807214114 61.47206428690957 98.25498845021644 0.0 28.136866525231206 
41.5 2000.0 66.36452653580011 6.259588107998662 61.04546287025338 98.25498845021644 0.0 27.257086923242642 
42.0 2000.0 65.61735139197812 6.464173774191665 60.03719769537081 99.21869337791942 0.0 27.635759900354245 
42.5 2000.0 66.0123304242449 6.3987043042795735 60.57565535624723 100.67894753880378 0.0 27.328059552560504 
43.0 2000.0 66.91783598897916 5.761194940435382 61.87324061131761 104.12110092232619 0.0 26.592674869790013 
43.5 2000.0 66.39828107052415 6.220286553958821 61.058976590840615 97.82932001136753 0.0 26.38438128032371 
44.0 2000.0 65.97117588102763 5.8153991476059215 60.93209183221181 98.51822632907616 0.0 27.023085656178388 
44.5 2000.0 66.20037998404591 6.469324764979602 60.53360980352554 101.19397330478145 0.0 26.689191078314575 
45.0 2000.0 66.63563638255074 6.546430166332636 60.828021407443735 97.32808056592211 0.0 26.306037992201514 
45.5 2000.0 66.69046224615859 6.411793617678332 61.15580618030321 99.1979140952043 0.0 26.18390747974601 
46.0 2000.0 66.91751330338509 6.206699831472091 61.44171013364892 100.35565519466837 0.0 26.39503328530614 
46.5 2000.0 67.54008380623135 6.307974560747579 61.83157654289224 95.65367243426181 0.0 26.077715262143364 
47.0 2000.0 67.34963772743266 7.159421346210549 61.12305016622366 102.07108411464462 0.0 25.507019550815205 
47.5 2000.0 66.76207842157642 6.491614572566236 61.084904367452864 102.74060839929585 0.0 26.627586331209482 
48.0 2000.0 66.83756586361855 6.703800635995188 61.00976597368892 101.26737626779818 0.0 26.75773487995464 
48.5 2000.0 66.88724397064989 6.802972528401815 60.95563359143224 115.07347010061116 0.0 26.86828688032679 
49.0 2000.0 66.69827787134894 7.17777178840348 60.334970939366286 113.57347010061116 0.0 27.15352941632493 
49.5 2000.0 66.69019014844726 6.889267070709413 60.68085268717952 105.22970659411904 0.0 27.29822229085505 
50.0 2000.0 66.49029223507746 6.317736274991683 61.03455862285455 112.38836890703833 0.0 27.888084207394936 
#####################################################################
# End of data export. Simulation finished at: 2020-02-20T13:02+0000 #
#####################################################################
