#####################################################################
# Alchemist log file - simulation started at: 2020-02-20T19:47+0000 #
#####################################################################
# seed = 11.0, speed = 2, meanNeighbors = 7, nodeCount = 1000
#
# The columns have the following meaning: 
# time nodes org:protelis:armonicCentralityHLL[Mean] harmonicCentrality[Mean] msqer@harmonicCentrality[Mean] msqer@harmonicCentrality[Max] msqer@harmonicCentrality[Min] msqer@harmonicCentrality[StandardDeviation] 
0.0 1000.0 NaN NaN 0.0 0.0 0.0 0.0 
0.5 1000.0 2.044813278008299 86.48256451119317 85.49696451119317 120.02222101756695 0.0 16.033185619050048 
1.0 1000.0 5.144510317460319 86.62143992093881 81.48759627014516 117.82410141745753 0.0 15.030285435515237 
1.5 1000.0 11.532665909090909 87.25554487702297 75.73837896793205 109.12773312548416 0.0 13.929563838541856 
2.0 1000.0 18.267669921744922 86.82969665866878 68.56202673692385 99.46587247521627 0.0 12.249922119740864 
2.5 1000.0 24.164972191697192 86.73619093230589 62.70244255013251 92.71324435678592 0.0 11.429575347149195 
3.0 1000.0 30.235628843215608 86.43172274149988 56.37361316235354 84.79670872328205 0.0 10.45641094987336 
3.5 1000.0 36.213190478578866 86.68367281984585 50.78406697330161 81.38155653148117 0.0 9.427424248471645 
4.0 1000.0 42.129855121540864 87.67908344226856 45.63174680861236 78.70095262596831 0.0 8.494184972716692 
4.5 1000.0 47.577845325383436 85.86939096976768 38.75643123885513 73.55770470932876 0.0 9.118914541246477 
5.0 1000.0 53.01261724573276 85.58943967353864 33.09226537048411 78.94476665683119 0.0 9.17821324827152 
5.5 1000.0 58.01535490513235 86.51237009283344 28.962978755694504 75.83447346207548 0.0 9.708805624736758 
6.0 1000.0 63.10519796348837 86.2373435955254 23.652067402394962 76.76502765052474 0.0 10.237841803314836 
6.5 1000.0 67.15158049271469 85.54204820421204 19.07673813465136 75.60492007826808 0.0 9.729954583715903 
7.0 1000.0 71.26174192787997 84.89050464504902 14.644642610856657 68.86397420291811 0.0 9.16945619184898 
7.5 1000.0 74.34975368889263 84.79884660231492 11.712044999957184 57.22437954777906 0.0 7.869457125805315 
8.0 1000.0 77.33995583064835 85.66079087197913 9.874680229969647 78.57673952218916 0.0 7.29721723694897 
8.5 1000.0 79.51240087614828 84.90824746394281 7.707909559324353 77.0969596328157 0.0 7.049230321883836 
9.0 1000.0 81.7455634915688 84.37017514605975 6.050111532385112 77.19994809358529 0.0 6.340909388377174 
9.5 1000.0 83.54612189509076 81.21390679032842 5.721813520915877 60.59067553958697 0.0 5.697641377646738 
10.0 1000.0 84.75647145473619 83.43475133774908 4.938510142659523 60.98323590804749 0.0 6.2952316833139985 
10.5 1000.0 85.57275575199421 81.69333703900374 6.662478387947724 60.98323590804749 0.0 7.726572971078883 
11.0 1000.0 86.36914450708004 82.54907996382316 5.516926402571898 69.42818424006258 0.0 8.092933159742971 
11.5 1000.0 87.20745050873637 82.74449275248037 6.102710281748809 81.50127707857905 0.0 9.718606236424385 
12.0 1000.0 87.4608472864441 82.83591917658035 6.656934950658678 73.48758889251123 0.0 9.542676911050833 
12.5 1000.0 87.65434609263608 81.15538459983385 8.05172130483068 96.78588338289342 0.0 11.448833466295202 
13.0 1000.0 88.13109955286689 81.2481206409529 7.762295967311933 78.99479799285317 0.0 10.853035389532991 
13.5 1000.0 87.98069288220496 80.89653824769258 7.61588440216163 74.16462554640998 0.0 9.675147170078535 
14.0 1000.0 87.71287760478229 79.75355121562158 9.023961488686966 74.16462554640998 0.0 10.696742444771816 
14.5 1000.0 87.41530682328295 77.57101921600014 10.724072785504017 80.31057162004524 0.0 10.57249398777021 
15.0 1000.0 87.21345340928828 78.27627581895031 9.477533225310856 81.24078930021388 0.0 10.618800716666664 
15.5 1000.0 87.09294077885181 82.44225683450064 6.927673594161523 74.09514416737828 0.0 9.315784540568362 
16.0 1000.0 86.6052520019015 82.34500084013874 6.976654545681521 61.47481213333721 0.0 7.4349514337672495 
16.5 1000.0 86.76411360127086 81.98264042864436 6.783765027034289 66.55034637788967 0.0 6.813147627646319 
17.0 1000.0 87.02409972590179 83.3828310317069 6.2327400299736935 69.6321809310675 0.0 7.81991430975519 
17.5 1000.0 87.34658356465168 84.40014013965519 5.17444681373106 70.7832722759796 0.0 6.722626541902351 
18.0 1000.0 87.59787251433949 83.53749016045712 5.815568573467444 60.606045344667194 0.0 6.05806836692143 
18.5 1000.0 87.6461572782519 84.86976257642048 4.897956007895848 70.76958606233399 0.0 6.67275397208682 
19.0 1000.0 87.86086009828253 84.68115863468392 5.00895588765334 61.71262561506524 0.0 5.167617712723602 
19.5 1000.0 87.97391208793358 84.9697479533941 4.30696501349541 62.266993399723255 0.0 4.089160822049751 
20.0 1000.0 87.95074010451425 87.3713518358857 4.044649734544788 84.98723937985052 0.0 6.918831843814193 
20.5 1000.0 87.83606362785888 86.04941677388292 4.265252820079783 89.4219097421083 0.0 6.711749624742689 
21.0 1000.0 88.16930193953621 80.54334105430024 8.849567274649253 82.03257961231115 0.0 11.67159126270165 
21.5 1000.0 88.39726338598388 80.92519262597902 8.507668564418292 82.03257961231115 0.0 11.633450331801168 
22.0 1000.0 88.61433949468942 80.7904506414682 8.595860805656017 69.40683699855079 0.0 10.239081222775479 
22.5 1000.0 88.52552404427065 79.24611691078002 9.861131286962603 88.89691458430894 0.0 11.570864560664365 
23.0 1000.0 88.47687035938924 79.92933392731459 8.939995934515254 85.54841673645491 0.0 11.028940043606552 
23.5 1000.0 88.20711254876407 81.5707856620136 7.970344834104986 85.86900003135463 0.0 10.872456003586167 
24.0 1000.0 88.0107881391734 82.2385688440007 6.706236855635734 88.12835427491103 0.0 9.86668342976408 
24.5 1000.0 87.19006954287302 80.7349952296873 7.724057160908725 90.15781773288704 0.0 9.104378441919723 
25.0 1000.0 86.8389027354565 82.05382164484249 6.842251577376314 80.56899644427175 0.0 8.579857663152595 
25.5 1000.0 86.59102473240476 82.39115872100534 6.930854538475571 63.50946487227196 0.0 8.625491405212506 
26.0 1000.0 86.30176341001942 82.84318927925715 7.27822092406832 91.6920014278137 0.0 10.521704159580805 
26.5 1000.0 86.66671385816392 82.4812055107843 7.031720394835331 90.97760644013984 0.0 10.373748239087098 
27.0 1000.0 86.74655939727299 83.88074647733605 6.288667399113993 90.69929451469237 0.0 10.786546826011726 
27.5 1000.0 87.02877188422374 81.11195711144747 7.1850906651251 70.40109463166549 0.0 10.442922804654645 
28.0 1000.0 87.46108014530004 85.04114328579942 4.862092281619964 78.44931708375675 0.0 8.786959630889 
28.5 1000.0 87.43611611966035 84.3553613465287 5.4370476579876295 72.09308748432815 0.0 10.712037621303637 
29.0 1000.0 87.36958448973338 86.61412007205507 4.394039197878472 64.29382116317865 0.0 8.200289387006775 
29.5 1000.0 87.63634289848572 84.15883014380962 5.799125884438971 71.53616621425518 0.0 9.555380121260347 
30.0 1000.0 88.0616282390676 84.90970586484421 5.475287884306976 74.82594258778258 0.0 9.197277724693247 
30.5 1000.0 88.26358287415157 84.55252607524831 5.951498577082611 64.22109151569275 0.0 9.178368658964706 
31.0 1000.0 88.58974562633475 82.11942455450715 7.47082820689156 64.98321585002279 0.0 9.78170017518088 
31.5 1000.0 88.61806730385786 81.78526745546677 7.491012375139668 62.70185319989154 0.0 8.205769284450623 
32.0 1000.0 88.62545133469229 82.82977614864872 6.916641452079761 76.46951017494577 0.0 8.88575168455191 
32.5 1000.0 88.2353004710057 83.44660054719252 5.761114017703711 63.876771974069726 0.0 7.549166581225612 
33.0 1000.0 88.28684584433601 84.59295645753535 4.732197101043391 54.49163568296475 0.0 4.693179063351611 
33.5 1000.0 88.45015151592868 83.73507053364412 5.687025513903321 62.25360160288238 0.0 6.508505438290477 
34.0 1000.0 88.37875615455447 85.57598554483528 4.438388515776427 81.90249296618842 0.0 5.456435747958116 
34.5 1000.0 88.29958889890888 85.11010961757479 6.675988112627981 81.90249296618842 0.0 10.899382168430552 
35.0 1000.0 88.47088906249274 81.6290497515584 9.222843277958406 80.28300407697614 0.0 13.295113371046428 
35.5 1000.0 89.18458714749966 86.06046877573856 5.506629691006988 77.07455427799262 0.0 8.713418207640125 
36.0 1000.0 88.93920455300648 86.46853114178742 4.342415467418222 64.39475736956382 0.0 5.954235340974181 
36.5 1000.0 88.73059544830988 86.43116627848907 4.5527982269216025 62.879950034461224 0.0 6.683002754832568 
37.0 1000.0 88.79006472622406 86.17553503546746 4.695265315544373 75.38045986481512 0.0 6.340943578955073 
37.5 1000.0 89.21613358630798 87.30076034805417 4.767526482257147 74.07558539316967 0.0 8.694735806785337 
38.0 1000.0 89.44106869746493 86.45793382116418 5.358073792230457 73.06644897107307 0.0 9.723285766525775 
38.5 1000.0 89.3543269581648 86.0567437039786 5.472343400735821 68.48105669844526 0.0 8.851256608426192 
39.0 1000.0 89.66427645246662 85.25503207070693 5.639889144882691 65.4881749081081 0.0 6.948384186927291 
39.5 1000.0 89.58716552544033 83.22292911368416 7.347101800499386 78.5001016559507 0.0 7.864517094170752 
40.0 1000.0 89.53532742213551 84.7948473348394 5.983394443230539 78.0001016559507 0.0 8.155480075265261 
40.5 1000.0 89.4532147738016 85.18941013945168 5.419847092120394 61.147944795223054 0.0 6.230685691257289 
41.0 1000.0 89.2527247309922 84.52207648385443 5.682096351790808 61.52771526597135 0.0 6.006849759226475 
41.5 1000.0 89.07676698789614 80.83963665621927 9.450644507194108 71.71027189373469 0.0 10.864068551622019 
42.0 1000.0 89.23023733014965 77.87459985206257 11.802261211105922 78.33305947398195 0.0 11.406854100831708 
42.5 1000.0 89.06012711425628 77.61124426729177 11.813409533545848 71.52214854130128 0.0 9.700288238231643 
43.0 1000.0 88.80371070102737 78.6896277008662 10.606500762078197 56.98926228430553 0.0 8.112961740410325 
43.5 1000.0 88.60328328292945 80.08703318571831 9.33403247539957 56.24276664234843 0.0 8.038941136220258 
44.0 1000.0 88.18418384888948 83.59195279658925 6.781150526736649 61.51543681073791 0.0 7.860012687115671 
44.5 1000.0 88.13911332274284 81.60207038484693 7.53158609542456 61.51543681073791 0.0 7.3625253086698415 
45.0 1000.0 88.18545564854576 79.75316490578501 9.250327352911361 72.00732645909854 0.0 11.683805813231787 
45.5 1000.0 88.33362945735973 82.93394756064332 6.506209966180532 60.604113508536535 0.0 6.216053169509135 
46.0 1000.0 88.18246428533543 81.2733625080221 7.824558925491392 78.28174948244144 0.0 8.957069612161341 
46.5 1000.0 87.88859183490084 80.57281985197493 7.8783176158095305 78.28174948244144 0.0 6.3082661413766665 
47.0 1000.0 87.58864269177853 79.36335222695013 8.594426128952042 61.618948005198945 0.0 5.773650806263595 
47.5 1000.0 87.42401657338013 72.66822343039833 14.93057125821005 69.6823360699897 0.0 13.027650952885816 
48.0 1000.0 87.3282275913773 74.7965477135572 12.952144686211826 77.52597440931181 0.0 13.650601936155365 
48.5 1000.0 87.33274824141928 74.9057410835006 13.593098741727095 91.52157749748645 0.0 16.09566778847159 
49.0 1000.0 87.4043546698962 74.09759090263536 14.026480411785188 81.22390685375407 0.0 15.297823411818865 
49.5 1000.0 87.66711725500109 71.26686925034852 16.877945985101515 91.03678612409266 0.0 16.130498734575713 
50.0 1000.0 87.45078764941613 76.39141278258595 11.692975508682576 91.45793332465836 0.0 13.213609015423344 
#####################################################################
# End of data export. Simulation finished at: 2020-02-20T19:51+0000 #
#####################################################################
