#####################################################################
# Alchemist log file - simulation started at: 2020-02-24T01:34+0000 #
#####################################################################
# seed = 15.0, speed = 10, meanNeighbors = 10, nodeCount = 5000
#
# The columns have the following meaning: 
# time nodes org:protelis:armonicCentralityHLL[Mean] harmonicCentrality[Mean] msqer@harmonicCentrality[Mean] msqer@harmonicCentrality[Max] msqer@harmonicCentrality[Min] msqer@harmonicCentrality[StandardDeviation] 
0.0 5000.0 NaN NaN 0.0 0.0 0.0 0.0 
0.5 5000.0 3.4821293975679946 263.5285831031478 261.74285072219544 335.4963796929978 1.5 34.135982431658775 
1.0 5000.0 9.212840810300811 262.9564212402912 253.7496604299904 336.11707331392154 3.833333333333333 34.2302499002528 
1.5 5000.0 24.433033294760794 261.4326737951254 237.02388557972972 320.7770381403231 0.4999999999999991 35.78217564114408 
2.0 5000.0 43.28563892298448 260.2336704054096 217.01148375459744 305.0520767336917 6.4 34.46242019703085 
2.5 5000.0 65.69999491792521 262.21368610834776 196.51369119042258 300.8096941255486 95.02840803214984 31.48924695783919 
3.0 5000.0 88.61928338489385 260.5901411280712 171.97085774317733 283.782560482812 64.79559022674539 29.58354764348895 
3.5 5000.0 114.29612453114032 258.22765763081503 144.26627907735718 264.4771588532929 30.121428571428574 25.734636296162012 
4.0 5000.0 138.8778157070926 262.0441251573256 123.166309450233 249.91985003360472 34.10653949763912 25.406081478792874 
4.5 5000.0 164.14843299307438 260.2601579837149 96.11881463157528 230.09850755155202 0.37777613613928906 26.243780806253085 
5.0 5000.0 186.7450436224941 258.33323696717883 71.88152055049616 220.60274977789578 0.015255244023194336 28.34241765634378 
5.5 5000.0 210.89956675205377 256.1454692002836 48.780056304386335 278.8324508548722 0.00571379588316745 28.82489647164501 
6.0 5000.0 232.07559721114112 256.2944614474684 36.42332304938494 286.5187745761937 0.005599012822415261 25.23461913000001 
6.5 5000.0 253.71620863589382 258.0085833928554 35.079769072212954 172.70202026400466 0.004250335552626439 23.861519897240907 
7.0 5000.0 272.72312343537504 255.82973732314397 38.597262261973114 259.30148124331987 0.014525304649424697 28.18234058724312 
7.5 5000.0 291.4005236555542 256.14429720067926 48.73020720211161 251.34957572645703 0.005924186570581469 35.11573179165778 
8.0 5000.0 308.1775824185777 256.6610829335624 58.85480342551646 184.71396135229867 0.015998837935910615 39.375973573714504 
8.5 5000.0 324.44956487624705 256.08874740558883 72.02167234138977 303.04356000376595 0.009714475029738878 43.73018486422488 
9.0 5000.0 338.5462448399096 255.63899322209647 84.72581641721636 322.1263059411557 0.06258949646868928 45.10127204992083 
9.5 5000.0 351.5755180037511 256.96140918164207 95.34629730055335 232.37757133778766 0.013981542730874708 44.60705152726344 
10.0 5000.0 362.53026032226273 254.14015409295357 108.61856854274905 280.94477653811407 0.11974514454141172 44.41835174740974 
10.5 5000.0 372.7496162642961 254.7020194497289 118.10848676704126 304.8006083760104 0.20655674442727445 42.948965836507945 
11.0 5000.0 381.51878411222197 254.59762127824325 127.03189470749116 328.29400863594407 1.3623104918583522 41.84714219551303 
11.5 5000.0 388.12439379364275 256.7625080568654 131.45749393106243 292.7760809876181 1.8626506374716882 39.402468390698 
12.0 5000.0 393.1222277425729 254.66005669496525 138.4621710476076 261.4227173786629 1.0 36.29251230189257 
12.5 5000.0 397.22041999788325 253.39263425979135 144.0044831897216 366.6081948980582 21.388117296692457 35.63981915207902 
13.0 5000.0 400.59070927310705 254.2949666791393 146.38857277093405 330.83951645620976 20.405631803733627 33.681024248574175 
13.5 5000.0 404.46564512198955 254.85096663663973 149.70342762695265 323.7237942048497 13.125607566240546 32.426330963447576 
14.0 5000.0 407.1716107893614 252.28095795425153 154.97428114059488 327.2755512120088 18.761501610021924 32.0705128887789 
14.5 5000.0 409.3516038636772 251.8124502728085 157.5391535908687 311.09147996323475 63.490065128854695 32.46531286416672 
15.0 5000.0 410.71395404727605 251.9408616889451 158.77309235833093 302.8641543021557 57.89335236740499 31.122579668033016 
15.5 5000.0 411.3739284775996 252.819688642933 158.5542398346666 297.4377076320467 51.962693363192614 31.067570337526103 
16.0 5000.0 411.97938155300216 252.13721988659054 159.84216166641164 316.0383335205223 69.68396259317873 30.0368725961405 
16.5 5000.0 412.3577488925257 251.26934936852487 161.08839952400083 302.6011353166084 0.0 28.798798982321465 
17.0 5000.0 412.4639939219726 251.73177638341357 160.9427239574079 322.56156232792046 1.0 27.702625107209805 
17.5 5000.0 412.9279197922681 253.03485793519008 160.10952972110428 374.0933423021147 73.18594864466263 26.48856752266464 
18.0 5000.0 413.13092540559694 252.40865656480463 160.81787669401953 394.8095366018634 59.67221887315938 25.551989059330094 
18.5 5000.0 413.3136517609432 251.6230418394441 161.7889017461561 293.60487351557083 84.58554591664509 23.872300857511632 
19.0 5000.0 413.3806122896331 250.81013132784582 162.5704809617873 390.7407050045941 90.01888918439363 23.589780135648738 
19.5 5000.0 412.6964661033083 250.51226269889926 162.18420340440903 287.5719031967035 89.86526361251526 23.334433314726905 
20.0 5000.0 411.8463727194317 250.71169839106875 161.24350868933735 272.0859024359117 81.76218389032425 22.8411832387053 
20.5 5000.0 411.5751807858611 249.13666245092458 162.54469880182594 420.71792503213493 76.17209703356514 22.959270946779196 
21.0 5000.0 411.3318612495335 249.5768545391963 161.7550067103372 401.272058837458 82.38705595249758 22.66107050983754 
21.5 5000.0 410.794671055873 250.07915079210795 160.71552026376503 360.78891901941245 85.58791600366771 22.948274462809284 
22.0 5000.0 409.9433792716026 248.52331102125626 161.51292398714847 400.1208552953656 86.84133004291363 22.18121635198236 
22.5 5000.0 408.9070615202446 248.47711177926666 160.5283418743255 477.4758523031238 85.30799784938424 21.99309314184655 
23.0 5000.0 408.21012369641596 246.79271256389595 161.41741113252004 384.8230185561213 89.45703101197415 20.576584643538364 
23.5 5000.0 407.1542195472491 246.66287624279605 160.49134330445307 378.15118912609813 89.8561548765284 19.562372850577592 
24.0 5000.0 406.54024852051975 247.09532749728587 159.55336101605334 454.16338343208815 74.47933232663769 21.808732657598696 
24.5 5000.0 406.0065605982425 247.64663185338705 158.4683666243972 442.63435034693543 78.62892154036871 20.281506907136862 
25.0 5000.0 405.1105612277816 248.2362162169572 156.8743450108244 452.372359151744 85.8604322234132 19.845561699230842 
25.5 5000.0 403.70579492878335 248.8460742674368 154.85972066134656 453.20086501905394 79.76990904407594 18.446273450989388 
26.0 5000.0 402.84212944795195 246.5819559600113 156.26017348794062 414.53216637751706 92.61515930405639 18.633973120723564 
26.5 5000.0 402.3806507041178 246.50660545802694 155.9788583925602 330.0437470794409 69.26975355329802 19.13772386032348 
27.0 5000.0 402.5982722333792 246.44310078914592 156.25737094966308 355.4563919269296 91.16304413726434 21.115984162319982 
27.5 5000.0 402.85351654531166 244.47909474051002 158.37442180480164 390.7231741516499 73.81981039528262 22.59226266558376 
28.0 5000.0 403.13571682155896 244.49106846440117 158.64464835715776 410.13307642145486 78.9317035217023 23.635851431611147 
28.5 5000.0 403.4009067146382 245.96066441856985 157.44024229606836 440.23802269003755 76.77718033137197 25.354902886666927 
29.0 5000.0 403.8208129630297 244.87765441547614 158.94315854755357 363.06784420130015 86.34633939422838 24.428066271209488 
29.5 5000.0 403.8075241245366 245.6895518516916 158.23002466120482 390.57493351110617 82.16332651994787 23.75634430675509 
30.0 5000.0 403.3808481284181 244.97810243186132 158.5943439806876 271.1394023482893 89.28345234779582 22.855864682890218 
30.5 5000.0 403.0263159423644 244.03969527757886 159.16744729432244 241.46058013779717 79.56428296174789 22.015091985727807 
31.0 5000.0 402.526828502634 243.95181609607786 158.65535377579567 232.54991423430238 59.27261600787972 21.52449993557094 
31.5 5000.0 401.45555650011653 243.01766509929948 158.43789140081708 441.54850822570745 82.83026798080192 21.518265985817248 
32.0 5000.0 400.8006998850658 242.8165118927406 157.98418799232522 273.05524485512274 78.48583751517896 20.87359222739174 
32.5 5000.0 400.379663884351 243.24223726793198 157.22045605834012 393.50581941906296 90.26081333543291 20.225037977228407 
33.0 5000.0 400.3176102861576 239.35584350359343 161.04335280844305 393.50581941906296 93.28276680362191 21.161347739170548 
33.5 5000.0 400.08888625108057 242.02086860262793 158.06801764845264 236.26568164614108 86.20346955992932 20.005582802664396 
34.0 5000.0 399.49037974990455 241.1028313998983 158.38754835000626 405.0506305264215 93.97341468526278 21.00263083415864 
34.5 5000.0 398.97100193426894 242.7485197275137 156.3083971559737 254.28733474042195 96.02812787804183 20.12147071894332 
35.0 5000.0 398.55125501609086 241.21066443889117 157.44616134529113 440.92705777422066 1.0 23.10445208668534 
35.5 5000.0 398.4801895697761 240.6178062463966 158.01253335072926 382.80921484486464 85.32735983524591 21.061457854685568 
36.0 5000.0 398.86275470900296 240.49195924410762 158.45827035489344 411.47558347418385 96.40308361760995 20.39735823436561 
36.5 5000.0 398.2640790647182 241.40412152381447 156.95990180750974 437.8461009260052 92.4293775435539 20.4281871953515 
37.0 5000.0 398.0033808672341 240.48523710773787 157.6196023866914 407.841812911433 89.64854404643552 20.147085140987805 
37.5 5000.0 398.0703903792722 239.6302170475171 158.54172966723505 260.81115268171186 86.77009752538268 20.289374143669686 
38.0 5000.0 398.3218784977431 240.45543987317407 157.97043772057376 408.7467892548814 86.7630803236309 21.460467490094633 
38.5 5000.0 397.8526118944455 237.1065272420553 161.01478793707858 386.5377408436077 78.4240547702355 22.12527409991457 
39.0 5000.0 397.6502366467574 236.36012106273708 161.63273288109895 417.8532855114335 88.94008204971271 23.020283076803263 
39.5 5000.0 397.15639848550325 237.2685853967056 160.06907434786183 406.2154375332891 87.603897062875 22.745573398818646 
40.0 5000.0 395.6289176186377 238.85978622667068 156.8578482109788 236.2245053260246 88.7880345702448 19.76872804487025 
40.5 5000.0 394.1198890486348 238.91868531074272 155.2012037378921 388.9288817238609 97.93679908563027 20.272421631597183 
41.0 5000.0 393.1296173604013 238.80009069985152 154.3295266605498 424.1623429060557 73.43864593083117 19.752801190059646 
41.5 5000.0 392.16182000344025 237.27269763326288 154.9788536818002 427.02352337795463 78.77728728554206 20.46738341698005 
42.0 5000.0 391.42230180607737 235.2408266993336 156.27733161954774 439.4206555260899 88.68221705689427 20.304332456718896 
42.5 5000.0 390.579245433963 236.3889364026438 154.27958322008868 400.7299801810162 71.50012877335149 19.301086503531177 
43.0 5000.0 389.5425419890672 237.6534415603121 152.07748058725258 380.57380024364875 65.72824626221632 18.96478996110673 
43.5 5000.0 388.8336131594816 238.50361818863226 150.42658974579717 374.45380365324417 85.12157597651276 18.332389758460828 
44.0 5000.0 388.60682777283114 238.86669665261223 149.74013112021893 237.94380829428343 84.55155521388937 18.10375429741844 
44.5 5000.0 388.3346323124398 238.57230098110716 149.7623313313326 422.25839648130165 65.12299241666466 19.027813548878484 
45.0 5000.0 387.5937494205893 238.12709225497318 149.56579179751165 247.83657973888427 46.93671926022196 18.09426620400723 
45.5 5000.0 387.29757610486524 234.65915704879205 152.74144161294325 379.05219422487625 89.42924459322754 18.003024444505325 
46.0 5000.0 387.07544266013565 231.38936238647221 155.77716015195608 420.9464969100763 93.48966635492775 19.95135486491672 
46.5 5000.0 387.15123755714535 233.72197589475857 153.52564954313607 436.0049883381153 88.40864241319957 19.600807923799117 
47.0 5000.0 387.37556620075054 234.05402634297255 153.32153985777802 393.5863612393798 86.76961139348975 19.78444930720916 
47.5 5000.0 387.65581565625814 234.88519597416604 152.77061968209208 376.2643099298139 85.03725979867613 20.438063662819957 
48.0 5000.0 387.74459936666807 229.4215388454473 158.41955961894206 375.0635111743837 93.6946910766228 21.624042657451202 
48.5 5000.0 387.34443415828974 231.41110372518827 156.22584786525033 398.9031989158695 77.48591662368636 20.905820850921824 
49.0 5000.0 386.7442620644614 232.00569243285207 155.1314157939785 404.46067557881463 94.39588167084307 22.215818162726258 
49.5 5000.0 386.0417937002077 232.61364739864152 153.62080218263117 403.68471257135536 80.96035081727678 21.924512880150075 
50.0 5000.0 385.4462858172626 233.11043920698282 152.42771728126627 364.35627359245376 95.5318558220377 20.48506147460509 
#####################################################################
# End of data export. Simulation finished at: 2020-02-24T02:35+0000 #
#####################################################################
