#####################################################################
# Alchemist log file - simulation started at: 2020-02-21T14:20+0000 #
#####################################################################
# seed = 18.0, speed = 5, meanNeighbors = 5, nodeCount = 100
#
# The columns have the following meaning: 
# time nodes org:protelis:armonicCentralityHLL[Mean] harmonicCentrality[Mean] msqer@harmonicCentrality[Mean] msqer@harmonicCentrality[Max] msqer@harmonicCentrality[Min] msqer@harmonicCentrality[StandardDeviation] 
0.0 100.0 NaN NaN 0.0 0.0 0.0 0.0 
0.5 100.0 1.1472868217054264 17.156055084836044 16.662721751502712 26.07115107115107 0.0 6.433278965478361 
1.0 100.0 3.1371666666666664 17.295300678767397 14.15813401210073 24.2992784992785 0.0 5.982416624343681 
1.5 100.0 5.853892857142857 17.080410225309603 11.226517368166746 22.964790764790763 0.0 4.985635739471781 
2.0 100.0 9.06711507936508 14.867483405483405 6.00370165945166 13.916666666666666 0.0 3.9031437669372124 
2.5 100.0 10.763424603174602 15.53773278226761 5.8642335592683885 11.885821020225045 0.0 2.9131796500064446 
3.0 100.0 12.33091414141414 16.721181186031032 5.009174981451297 12.16373014240661 0.0 2.5941093236132895 
3.5 100.0 13.559167138417138 16.519048638410094 4.110095408633334 13.609523809523811 0.0 2.717592268148923 
4.0 100.0 14.747321234321234 13.350933122433123 2.5243018093018095 13.609523809523811 0.0 2.721179047437772 
4.5 100.0 15.16329247141747 14.563293095793096 2.2270578726828725 11.687698412698413 0.0 2.053743008941857 
5.0 100.0 15.414313963813964 12.550666666666666 3.9340585525585525 12.373459873459879 0.0 2.7706854979715274 
5.5 100.0 15.854318778228995 11.969314962814963 4.414653776563992 12.540126540126547 0.0 2.909141197396 
6.0 100.0 16.130782763590037 11.903886058386059 4.309460197267472 10.20889665889666 0.0 2.737013776316054 
6.5 100.0 15.928229712066399 11.98179415029415 3.9564355617722486 9.799458874458875 0.0 2.632216550836065 
7.0 100.0 15.211983764171844 12.18632029082029 3.131606974295055 8.752236652236652 0.0 2.1331185518032907 
7.5 100.0 14.882424068363695 11.662125818625817 3.290298249737878 8.160711510711511 0.0 2.0380490408620786 
8.0 100.0 14.551544756713874 13.856317127317128 1.5531721570912747 6.568846839435076 0.0 1.4677888742170793 
8.5 100.0 14.249246638981933 15.464610871154989 2.2986808110190466 14.237201687201683 0.0 3.1651232482193152 
9.0 100.0 14.486147014535172 15.65775476157829 1.8292640004903935 13.014538239538236 0.0 2.744627670774907 
9.5 100.0 14.642693898980276 16.37592505207211 2.240221725814605 15.148665223665223 0.0 2.5694714777424137 
10.0 100.0 15.211452966022625 15.709543766690825 2.0005067302838206 15.716497799586035 0.0 2.7604471550380136 
10.5 100.0 15.486311640915508 14.34271706071706 1.7310233071302694 15.381325515729541 0.0 2.3143854752594044 
11.0 100.0 15.315257948862657 14.844179348429348 1.5754468409818896 9.503345265845265 0.0 1.7965426422072062 
11.5 100.0 15.527142567683809 15.344508880008881 1.470722344202439 7.0583119351072625 0.0 1.5864180633674565 
12.0 100.0 15.194316047284852 18.019383608479583 3.0467293993565696 13.929264607941077 0.0 3.582058807396817 
12.5 100.0 15.220338887806381 18.086494285126637 3.393899653064514 13.845522777875717 0.0 3.6305537960204086 
13.0 100.0 16.188557004227285 16.645511720305837 2.83838232115322 14.142915417915416 0.0 3.0570298541045466 
13.5 100.0 16.95128568962857 13.339314518814518 4.452122070567891 16.405230880230885 0.0 4.165678354516049 
14.0 100.0 16.77860810427103 16.196756380874028 2.366744471258016 9.674323307411543 0.0 2.1127087515477063 
14.5 100.0 16.705175399119284 14.069707640398816 3.3995098305976788 13.690151515151516 0.0 3.4699505083381514 
15.0 100.0 16.500673431874283 13.708507815713698 3.449056661132125 11.812079587079587 0.0 3.275081496877402 
15.5 100.0 16.75011397443286 14.214897465279817 2.9384145000166675 14.819669219669223 0.0 3.2954836695018397 
16.0 100.0 16.749026025788798 16.700365330747683 1.0761537498878835 7.5403779828702415 0.0 1.176418009661612 
16.5 100.0 16.92755633582104 15.211311676885206 1.9868036114212588 15.704004329004327 0.0 2.733136762678519 
17.0 100.0 16.486492198977494 11.51662987012987 4.969862328847623 14.827813852813854 0.0 3.885271595030853 
17.5 100.0 16.671798237710004 12.356461205461205 5.243876881288646 17.34880952380953 0.0 4.085388739133063 
18.0 100.0 16.983864833695716 11.692227217227217 5.812042822373705 18.785497835497836 0.0 4.1203494380316075 
18.5 100.0 16.892198361279245 11.837570207570208 5.484309971890855 15.006132756132757 0.0 3.613622406307369 
19.0 100.0 16.739411995684055 11.788966033966034 5.163773268398268 13.800036075036072 0.0 3.576669674481128 
19.5 100.0 15.926928907693613 11.882567543567543 4.235409172526819 11.81237373737374 0.0 3.2964572728217343 
20.0 100.0 15.06848900854048 10.854481684981685 4.412340656892127 16.434114496614498 0.0 3.6529242778828976 
20.5 100.0 14.4491015781604 12.681876984126983 3.7265482540335473 13.972407576084045 0.0 2.9758096288766462 
21.0 100.0 13.978985898690233 13.447778721278722 3.06717709638143 13.976046176046177 0.0 3.1310280880041907 
21.5 100.0 14.226056890606813 13.122357364857365 2.9600088504117137 13.599855699855702 0.0 2.8260913001298094 
22.0 100.0 14.890615378902144 14.700179020326079 2.6989168633653926 14.241339216339217 0.0 2.827033623045904 
22.5 100.0 14.989596670486376 14.604845275639393 2.6705760979216855 14.194425835602305 0.0 2.728950383087547 
23.0 100.0 15.463218142538576 12.922832334332336 3.0664794759763794 14.206633888986829 0.0 2.5813442851542807 
23.5 100.0 15.824509148660077 12.895823953823953 3.371018528169456 17.22982915777033 0.0 3.047049953986914 
24.0 100.0 16.055892115065873 13.195825396825397 3.344236489645544 17.22982915777033 0.0 3.5546692404242077 
24.5 100.0 15.832953805869053 12.546649295149296 4.042895436134212 15.272949268653601 0.0 3.5669671546216595 
25.0 100.0 16.01680513604043 13.51544733044733 3.270928337486387 12.409834665678318 0.0 3.2690885345228824 
25.5 100.0 16.354578046551495 14.19332756132756 2.6681577242697165 12.409834665678318 0.0 2.6724503312992756 
26.0 100.0 15.649477248426853 14.0043658008658 2.288993326376065 12.815656565656568 0.0 2.132846417561621 
26.5 100.0 15.587537607028855 13.712126984126984 2.322415066544557 12.70974025974026 0.0 1.873514395610318 
27.0 100.0 15.7715281338029 14.20194055944056 2.0941748091090173 11.102849927849928 0.0 1.839195474000303 
27.5 100.0 15.523314647040264 14.456473304473304 1.8853063517579758 12.88968253968254 0.0 2.0154965996482055 
28.0 100.0 15.646828655720448 14.515706793206794 1.4164479808397725 4.616666666666667 0.0 1.0859584494520493 
28.5 100.0 15.47741711096594 14.517692363192364 1.2977031027519321 5.74667327856182 0.0 1.251908123592067 
29.0 100.0 15.33673861547734 14.400745920745921 1.613998969875939 13.947474747474748 0.0 1.9792887900674154 
29.5 100.0 15.299414055513816 16.915427089250617 2.2352428989344952 16.537049062049057 0.0 3.279720558473375 
30.0 100.0 15.509030377142189 17.654412809412808 2.962375863594386 17.880194805194805 0.0 3.388833012665988 
30.5 100.0 16.180287546342996 16.482813758137286 1.9574510035913895 13.525423900817625 0.0 2.5508062777531495 
31.0 100.0 16.628834465257675 16.891545248868777 1.944656492903232 13.525423900817625 0.0 2.6297030261895786 
31.5 100.0 16.801661704166072 16.35048836131189 1.7233791230897095 11.755772005772007 0.0 2.213419222267923 
32.0 100.0 17.27323841760571 16.32493952126305 1.3172819492374783 11.89585137085137 0.0 1.543400071184854 
32.5 100.0 17.21669281684387 15.349998455191178 2.32440141766857 12.579622072114331 0.0 2.6161025706924956 
33.0 100.0 16.921291151391223 15.362285543232138 2.148229638600607 12.579622072114331 0.0 2.499948411652074 
33.5 100.0 16.739131361147066 16.782406593406595 1.4893419646990014 14.357500832500829 0.0 2.1044233288216097 
34.0 100.0 16.808338784237776 16.54866416916417 1.4559392810062302 10.37282917031369 0.0 1.4602830383253445 
34.5 100.0 17.049721128029176 16.682845099345098 1.2023961654960105 4.543362193362192 0.0 1.0091161776718187 
35.0 100.0 17.32641858962331 16.601174603174602 1.1427439440074878 4.551990493166965 0.0 0.8767774421011523 
35.5 100.0 17.46518633207178 16.868280996780996 1.2617755565727693 6.3670004831769536 0.0 1.3341436324240021 
36.0 100.0 17.661320544780295 17.388573787323786 1.5764542072134944 11.413675213675216 0.0 1.9332778201858773 
36.5 100.0 17.71802854910827 17.526698884448884 1.6035732732180095 12.537217559702073 0.0 2.0676535933169182 
37.0 100.0 17.586404065877364 17.14086285936286 1.0893665181138092 5.08974338355144 0.0 1.0691959334120475 
37.5 100.0 17.875094319638052 16.657314574314576 1.5205867187937623 11.78072421644403 0.0 1.6294433743298167 
38.0 100.0 17.81979485985291 16.52487982279159 1.8838703250653717 11.78072421644403 0.0 2.138646426466663 
38.5 100.0 17.599505340033204 15.31833847525024 2.6790727478575773 14.071428571428571 0.0 2.6191666253771104 
39.0 100.0 17.4443575033591 15.721173806585572 1.8791900260210763 14.071428571428571 0.0 2.268616877808828 
39.5 100.0 16.88197202750884 13.538217047658224 3.9587086430604734 15.495152070152072 0.0 3.8158004525496785 
40.0 100.0 16.516913798937185 14.437190655749479 3.4817428261191554 14.001573426573422 0.0 3.5635514640127663 
40.5 100.0 16.19988855420017 14.495259712509712 2.701013088887601 11.874450868637503 0.0 3.1195979144736645 
41.0 100.0 16.478345964636087 14.087968364968365 2.527892772368371 11.874450868637503 0.0 2.8007588760609443 
41.5 100.0 16.04735288915703 14.429506462491757 1.9763375849991687 11.425895870779435 0.0 2.379788038995616 
42.0 100.0 15.631037926942339 14.690786186036187 1.5976157298583775 9.628327228327228 0.0 1.7550415783193194 
42.5 100.0 15.41931907879702 14.68841389819331 1.715401230305642 9.906540518305222 0.0 1.997155547788599 
43.0 100.0 15.65024877573407 14.880076604767781 1.4959034935652578 9.89712175079822 0.0 1.7701541416611406 
43.5 100.0 15.831581486324133 15.540532317699501 1.4114902825502673 10.519835105554918 0.0 1.7790350316026897 
44.0 100.0 16.0510749332367 16.357508377587326 1.5335214593627908 14.023110223110223 0.0 2.6957908318607675 
44.5 100.0 16.32942434771111 17.307141698171108 2.469309802125979 14.878356365856366 0.0 3.87086313456788 
45.0 100.0 16.505722343832637 17.433444030427776 2.506785133897749 13.69293802602626 0.0 3.656287098830743 
45.5 100.0 16.44447966820761 17.378770063270064 2.5128876833950367 15.54141414141414 0.0 3.7512051450127837 
46.0 100.0 16.948670193755333 17.197190032190033 1.8120287943051103 13.671139971139976 0.0 2.986496043499154 
46.5 100.0 17.649101810513187 17.132218170718172 1.5419495934492058 13.56323953823954 0.0 2.5996107960772896 
47.0 100.0 17.878537930335916 17.970713149595504 1.0414931545922255 12.107087357087355 0.0 1.454378548439948 
47.5 100.0 17.97412000555344 18.149727107859462 1.083144052284145 9.502760556437025 0.0 1.3128205755771345 
48.0 100.0 18.255872259878064 17.247009102009102 1.863763994390542 15.545596070596066 0.0 2.9593330779792515 
48.5 100.0 18.117919007634953 16.444917415917416 1.8990841676383479 12.50172882672883 0.0 2.4825919447907228 
49.0 100.0 18.294037461635373 14.607853757353757 3.7238551162030267 16.050960150960147 0.0 3.3124488838235093 
49.5 100.0 18.035578604531004 13.174240037740038 5.9211748416272405 16.95007215007215 0.0 4.044387907457478 
50.0 100.0 17.660520762905826 13.106854756354757 5.645032584417646 18.600072150072148 0.0 4.429686160252604 
#####################################################################
# End of data export. Simulation finished at: 2020-02-21T14:20+0000 #
#####################################################################
