#####################################################################
# Alchemist log file - simulation started at: 2020-02-20T03:00+0000 #
#####################################################################
# seed = 5.0, speed = 0, meanNeighbors = 10, nodeCount = 100
#
# The columns have the following meaning: 
# time nodes org:protelis:armonicCentralityHLL[Mean] harmonicCentrality[Mean] msqer@harmonicCentrality[Mean] msqer@harmonicCentrality[Max] msqer@harmonicCentrality[Min] msqer@harmonicCentrality[StandardDeviation] 
0.0 100.0 NaN NaN 0.0 0.0 0.0 0.0 
0.5 100.0 2.1592592592592594 32.81659018759019 31.844923520923523 38.87896825396826 14.59419191919192 4.6234362584970405 
1.0 100.0 7.0876190476190475 32.81659018759019 25.72897113997114 37.58928571428572 13.195634920634927 5.975730063791616 
1.5 100.0 14.777146825396825 32.81659018759019 18.039443362193364 31.401190476190475 4.915873015873018 6.060367164685032 
2.0 100.0 23.608063492063494 32.81659018759019 9.208526695526697 17.969877344877347 0.5166666666666657 4.661263666863244 
2.5 100.0 28.33325396825397 32.81659018759019 4.48333621933622 16.934163059163055 0.26190476190476275 3.459745741979825 
3.0 100.0 31.3614126984127 32.81659018759019 1.4551774891774891 10.031746031746033 0.0 1.845805991184773 
3.5 100.0 32.31517135642136 32.81659018759019 0.5014188311688313 7.622258297258298 0.0 0.8936252248001672 
4.0 100.0 32.640465007215006 32.81659018759019 0.1761251803751806 2.4972222222222236 0.0 0.37282141563171795 
4.5 100.0 32.761958513708514 32.81659018759019 0.054631673881673976 0.5198773448773437 0.0 0.09567458003670944 
5.0 100.0 32.79404617604618 32.81659018759019 0.022544011544011526 0.24924242424242493 0.0 0.05179201593234299 
5.5 100.0 32.809704545454544 32.81659018759019 0.006885642135642053 0.125 0.0 0.0259283158376162 
6.0 100.0 32.81659018759019 32.81659018759019 0.0 0.0 0.0 0.0 
6.5 100.0 32.81659018759019 32.81659018759019 0.0 0.0 0.0 0.0 
7.0 100.0 32.81659018759019 32.81659018759019 0.0 0.0 0.0 0.0 
7.5 100.0 32.81659018759019 32.81659018759019 0.0 0.0 0.0 0.0 
8.0 100.0 32.81659018759019 32.81659018759019 0.0 0.0 0.0 0.0 
8.5 100.0 32.81659018759019 32.81659018759019 0.0 0.0 0.0 0.0 
9.0 100.0 32.81659018759019 32.81659018759019 0.0 0.0 0.0 0.0 
9.5 100.0 32.81659018759019 32.81659018759019 0.0 0.0 0.0 0.0 
#####################################################################
# End of data export. Simulation finished at: 2020-02-20T03:00+0000 #
#####################################################################
