#####################################################################
# Alchemist log file - simulation started at: 2020-02-19T16:07+0000 #
#####################################################################
# seed = 0.0, speed = 10, meanNeighbors = 7, nodeCount = 1000
#
# The columns have the following meaning: 
# time nodes org:protelis:armonicCentralityHLL[Mean] harmonicCentrality[Mean] msqer@harmonicCentrality[Mean] msqer@harmonicCentrality[Max] msqer@harmonicCentrality[Min] msqer@harmonicCentrality[StandardDeviation] 
0.0 1000.0 NaN NaN 0.0 0.0 0.0 0.0 
0.5 1000.0 2.038104838709677 78.91400450936064 77.90510450936064 106.64186814013573 0.0 22.50451327441778 
1.0 1000.0 5.2258305555555555 83.0631782797417 77.84901439085282 107.59203017118686 0.0 18.27302582476009 
1.5 1000.0 11.92211877011877 82.24623094627358 70.3901645571072 99.78218682135719 0.0 14.760045142368073 
2.0 1000.0 19.020043567543567 79.50251071889953 60.63024254818136 95.83132609726361 0.13333333333333286 17.02294366684941 
2.5 1000.0 25.965543742368745 79.52352546580721 53.944785691692445 82.43735913679744 0.916666666666667 10.817112271079166 
3.0 1000.0 32.89702943849237 82.42109384692635 49.524064408433986 84.50661573591525 3.100267293133953 9.913760912944998 
3.5 1000.0 39.706625845815914 85.1705745279341 45.535877253546744 73.31169238506666 13.736937622596713 10.947561114239834 
4.0 1000.0 46.89983788149266 80.72418293774602 34.90945921582794 65.7374288446985 0.9857142857142875 10.843163699236987 
4.5 1000.0 53.80756335654389 79.62123060029874 28.290483448592877 78.43623179982549 0.24628726435999226 10.447401754870942 
5.0 1000.0 59.778614293873744 79.13967829710326 22.212754349729693 62.824320714470446 0.08158508207067428 10.386436516776588 
5.5 1000.0 65.36102057239869 83.27782352237983 18.89617689769765 63.32913675248019 0.01797622355184103 10.14421688989587 
6.0 1000.0 70.87264199655483 83.4517734797129 15.330809447043682 83.7094220447296 0.0 10.633929137017873 
6.5 1000.0 76.00738577980997 79.69562559052193 11.743761243630724 83.7094220447296 0.0 10.527612528792297 
7.0 1000.0 80.18328682317889 80.23237021896837 10.780747064827327 72.4090425956912 0.007302917957616728 9.332548327287219 
7.5 1000.0 83.09471044350981 78.35227430477434 12.54304740689145 136.22561711164653 0.0 11.254011215196241 
8.0 1000.0 86.08912626243917 76.24922130154911 14.711154383164791 69.3265249843036 0.0 10.4989629742726 
8.5 1000.0 88.99798340748441 74.18420091697712 18.139806053505154 98.76749627509386 0.0 13.94555931367886 
9.0 1000.0 90.93937079131152 68.73333241565024 24.112905300542113 99.39366731734984 0.0 14.671691939290232 
9.5 1000.0 92.94937299047692 80.76431743871206 15.527788760742814 77.10837078881268 0.0 10.727551063355973 
10.0 1000.0 94.53231575043903 80.41251876805528 16.648914292085227 90.34599965617743 0.007631467293307992 10.763689148309616 
10.5 1000.0 96.01294737843402 80.2216105837471 18.135000922315278 81.33399241532109 0.03787957235142869 12.229820603264459 
11.0 1000.0 98.14894497168133 73.93381985660389 24.678969149146855 88.27502044072963 0.042628821706060194 11.98523258889906 
11.5 1000.0 99.20129921034226 76.93498949952769 22.37301047307715 112.80583224087597 0.0 11.741305229238161 
12.0 1000.0 99.29060919529586 82.23390995057822 18.249724224917063 92.6135396582687 0.0 11.23773112371329 
12.5 1000.0 99.50103704272342 78.9614628658615 21.35539275400169 89.7484864204394 0.3932569755984474 12.593247443954573 
13.0 1000.0 99.8421507214167 78.41223911374874 22.16606130744667 101.94980768274515 0.0795631060531008 11.425087279704481 
13.5 1000.0 99.60542869107277 78.7374993037403 21.498499968498827 77.90226486986705 0.0 10.560602030024622 
14.0 1000.0 99.47953989831508 79.05982753593166 21.270394634871632 84.93787309615264 0.4145930522801109 9.59756370244358 
14.5 1000.0 99.4291449841016 80.1669066259007 19.895853525774402 104.38652474292434 0.0 10.295107139030726 
15.0 1000.0 99.18807756495286 83.65840207877325 16.292954037911564 96.86905490837744 0.05196833572789217 9.001233308094124 
15.5 1000.0 99.06800937802345 81.29428911237676 18.434361879311602 99.81838474656314 0.2560129447914079 10.83278252758497 
16.0 1000.0 99.19837086100227 73.53353546390763 26.129322673765447 99.81838474656314 0.8832131689723752 14.679303670202005 
16.5 1000.0 98.71256087820021 80.71556689647561 18.35952989238393 75.24093893309082 0.0 8.784674425979558 
17.0 1000.0 98.49511096418304 75.24863752455309 23.59254010736508 90.7935198713557 0.0 13.058628634289109 
17.5 1000.0 98.52155562086915 76.12785290716975 22.92751922292893 88.7935198713557 0.0 11.016001963954329 
18.0 1000.0 98.34467641808743 76.87883476323634 21.622507719653846 84.90114688489 0.0 11.023886876092384 
18.5 1000.0 97.931111548278 75.12150835764655 23.456689610855907 85.25806933996529 0.18955674757505392 11.28890949665822 
19.0 1000.0 97.55349516693175 68.06510745976082 30.13539315055561 98.58207011501533 1.0824711017471458 15.498720892820964 
19.5 1000.0 97.34183683825526 74.71154643481078 23.164366410829647 95.4805651284373 0.0 10.300798141239628 
20.0 1000.0 96.57556472154535 77.14074497348909 19.980947010933352 100.08365468353557 0.0 9.276476882960916 
20.5 1000.0 96.24651145907099 77.2950377315493 19.82957558861473 99.08365468353557 0.0 11.083107941879646 
21.0 1000.0 96.46786188736039 71.74679897984397 25.314767022123263 88.51486245327268 4.502996681916599 12.37077493460875 
21.5 1000.0 96.64379381855186 69.16403610206287 27.7469973807017 97.92312727165299 0.48222366473328293 13.760766302568918 
22.0 1000.0 96.5804288881748 70.80079147933763 25.779637408837157 82.08301602173323 0.7409697307274143 12.448059725329951 
22.5 1000.0 95.82169050555845 71.92091672736176 24.257232876274347 95.35454288409127 0.0 13.647930359559817 
23.0 1000.0 95.0612593169658 70.40296287794993 25.390247679004112 108.71954505643022 0.06665333320700029 14.583889137649045 
23.5 1000.0 94.95207067096692 76.07697915492999 19.51363899647406 95.9300122066422 0.08635812545824706 11.61029718534166 
24.0 1000.0 94.71726522981322 74.59640775433651 20.792426865875164 112.00845628829374 0.22682563917011578 12.766390793203461 
24.5 1000.0 94.90983242213984 76.8636063178747 18.721293847985972 107.76203015773952 0.1390077034596402 12.827061086902944 
25.0 1000.0 95.18165295555453 72.34520333403964 23.143195431724077 88.81519203826254 1.0 10.987492535155532 
25.5 1000.0 95.2147812174656 72.695394689786 23.310949907630206 96.79342931708965 0.60438024297504 12.924470746658459 
26.0 1000.0 95.28267539709682 72.73826881334536 23.304141202488186 97.81643146128567 0.24021979587649867 13.605967010041763 
26.5 1000.0 95.52713788660682 74.99164720080837 21.14174190744037 84.94381624393066 0.35457749564861274 10.767378729489735 
27.0 1000.0 95.22576466135808 76.20626792253469 19.90593667198473 81.12636505133455 0.0 9.044042731338422 
27.5 1000.0 94.95327724740514 74.23183020012932 21.383834016259286 97.44541747191802 0.0 10.473745151380296 
28.0 1000.0 94.94665998113564 77.11595854555131 18.404791843653936 96.11208413858469 0.0 9.980192952779246 
28.5 1000.0 94.6907396660964 73.38988050967569 21.812833859111766 96.04949411774116 0.8517052316428391 10.6755632890431 
29.0 1000.0 94.50754152235002 75.29781654954431 19.765370824854827 81.76679823022431 0.021643279957643813 8.862042859759175 
29.5 1000.0 94.4020103224886 76.58376852090178 18.465453829174017 86.13202367365551 0.03407143010639402 8.825550755206999 
30.0 1000.0 94.59080168031481 78.37643981392903 16.72538705256191 78.10125966624719 0.06688953455885382 8.122123894513484 
30.5 1000.0 94.43380934989038 76.19463978202975 18.744087234503784 87.15187583730389 0.0 10.266580678695314 
31.0 1000.0 94.2458108512732 72.75410982024431 22.029101867337282 81.84357279230649 0.7162713432941104 8.990095431962386 
31.5 1000.0 94.21134228767919 70.67579822400612 23.84184170153354 78.58965508869102 1.6100446524613403 11.477806349399799 
32.0 1000.0 93.78496494753547 76.08513729984269 18.100053948363293 90.7884452102101 0.15964311216583837 10.575094972754089 
32.5 1000.0 93.85617461716024 71.88294698627098 22.150083436432013 98.27627419450177 0.7841452364255161 11.025358188301226 
33.0 1000.0 93.951765986984 73.28311145714282 20.81239068716935 101.1296063365151 0.3553284051295833 11.368049207550875 
33.5 1000.0 93.92803596626992 72.4385885479355 21.625398710782047 94.33306897182922 0.011018508916961878 10.99214550393539 
34.0 1000.0 94.13373908886719 71.61949909679707 22.521154326737072 95.95869822453315 1.358374861174255 11.109899574974238 
34.5 1000.0 94.4603414168497 72.76468114228244 21.713627060882953 95.95869822453315 0.15848963192098608 9.32640280676242 
35.0 1000.0 94.12160735067035 66.07871628716508 28.050948019435047 92.12588384040095 0.0 15.422024809753362 
35.5 1000.0 93.84724848561247 73.90298149273264 20.311995914778255 89.53827083147324 0.0 9.910431319247717 
36.0 1000.0 93.70683919364198 72.69411317340426 21.601735891209543 85.96306292412363 0.0 11.89798754662986 
36.5 1000.0 93.4524185228436 74.58495974843949 19.761794457538983 80.64560985668163 0.0 9.916346711258498 
37.0 1000.0 93.7150779768424 70.24405378592358 23.9496459195039 109.60381543551048 2.6666666666666665 11.201752601245662 
37.5 1000.0 93.7178104487637 73.00584636279318 21.178233237396853 80.3754012950746 0.26807995625260617 9.80731397269604 
38.0 1000.0 93.67296725830087 71.60463307932903 22.489640978081923 97.05801029148387 2.114946991511971 10.900565704267139 
38.5 1000.0 93.3234560961464 75.49342319876813 18.3401489568482 100.05963184678055 0.7326049001288908 11.01860112770938 
39.0 1000.0 93.26342148624889 74.55328928841034 19.200941499596535 90.10906563344375 0.05136746998714159 9.730027101449455 
39.5 1000.0 93.13110720768069 74.49055483003546 19.06237812866671 76.39410140637634 0.0 9.277795367345629 
40.0 1000.0 92.63939469449346 69.74151986630606 23.485706506453123 118.56962189520745 0.0 10.531463458207732 
40.5 1000.0 92.41648136850962 69.9832976029593 23.03059380083634 97.64440554379138 1.0 8.444821709204934 
41.0 1000.0 92.25595083609515 73.30301415963288 19.560435259301137 87.5407304073262 0.11662030047924077 9.514768798710673 
41.5 1000.0 92.47566058361085 71.94191186783664 20.97920285419489 83.66051211430471 0.24153534529621368 8.127806096157483 
42.0 1000.0 92.64374876885172 73.90297962944712 19.046796798523882 83.93446087071273 0.0 8.652038712587771 
42.5 1000.0 93.08804113790126 72.15823870514637 21.045172199417113 94.8486782285258 0.2973678124316592 12.393332836712903 
43.0 1000.0 93.34841203724916 74.46360447156819 19.147202422105686 91.59594519274017 0.4924776100509973 8.918798603210677 
43.5 1000.0 93.46591747743496 68.25006229144796 25.622641743846646 99.45330467288504 0.0 12.012164612723879 
44.0 1000.0 93.31871476984345 67.49917649907846 26.101172646054255 87.98330118140187 0.16437524051278274 12.746274629536517 
44.5 1000.0 93.09604998769822 69.17874199750467 24.582189595332096 102.93186737975233 1.1077443156155198 11.34969793726297 
45.0 1000.0 93.08000893936683 69.8726653886389 23.451516850287486 102.93186737975233 1.0 11.647829254934845 
45.5 1000.0 92.6549604581542 66.00889548770577 27.062624111808173 93.01661009867026 0.0 11.901629016987807 
46.0 1000.0 92.52055117200815 56.15560263062532 36.5962813838511 103.42085562179653 1.8235528389746776 14.959035565770003 
46.5 1000.0 92.07096166993713 57.7150373113503 34.44708796340194 97.20903418999899 0.0 15.295578530961995 
47.0 1000.0 91.57170017194719 63.39151547522151 29.00377284560687 100.75981329295233 1.0 12.57173767699548 
47.5 1000.0 91.40885465704075 61.25217770901115 30.68078534904745 84.57425646237998 0.0 9.719054250133764 
48.0 1000.0 91.5646475057955 71.73392493408278 20.2920791846454 108.82770020400524 0.0 10.34748174470441 
48.5 1000.0 91.53886625918166 74.59600952293147 17.726789770269725 94.74196447687159 0.0 9.61126290629008 
49.0 1000.0 91.34039784831005 69.25752842860442 23.206818697120013 91.53021214797226 0.09114145118347494 12.414625840268082 
49.5 1000.0 91.79482452992686 75.28625153469862 17.391230897360906 98.2494772322098 0.13084765170516732 9.793526453922208 
50.0 1000.0 92.01755280209954 65.3426358038826 27.100083604023304 98.2494772322098 0.6323114322346299 12.210797783755067 
#####################################################################
# End of data export. Simulation finished at: 2020-02-19T16:17+0000 #
#####################################################################
