#####################################################################
# Alchemist log file - simulation started at: 2020-02-19T16:22+0000 #
#####################################################################
# seed = 1.0, speed = 0, meanNeighbors = 2, nodeCount = 2000
#
# The columns have the following meaning: 
# time nodes org:protelis:armonicCentralityHLL[Mean] harmonicCentrality[Mean] msqer@harmonicCentrality[Mean] msqer@harmonicCentrality[Max] msqer@harmonicCentrality[Min] msqer@harmonicCentrality[StandardDeviation] 
0.0 2000.0 NaN NaN 0.0 0.0 0.0 0.0 
0.5 2000.0 0.53336686787391 3.646363542024935 3.3812802086916016 13.785003885003885 0.0 2.8346420798543774 
1.0 2000.0 1.1597083333333327 3.646363542024935 2.486655208691601 12.64367715617716 0.0 2.537172715319308 
1.5 2000.0 2.2415416666666665 3.646363542024935 1.4048218753582684 10.765664890664892 0.0 1.9522742524335892 
2.0 2000.0 2.876863095238095 3.646363542024935 0.7695004467868398 8.851165501165502 0.0 1.4054737852949926 
2.5 2000.0 3.154388095238095 3.646363542024935 0.4919754467868398 7.627164502164502 0.0 1.1096816604605464 
3.0 2000.0 3.320447817460318 3.646363542024935 0.3259157245646173 6.851165501165502 0.0 0.8717044335790964 
3.5 2000.0 3.413987698412698 3.646363542024935 0.23237584361223623 5.876920301920302 0.0 0.7142603293112748 
4.0 2000.0 3.4767511904761905 3.646363542024935 0.16961235154874427 4.160807858292378 0.0 0.5772418538067557 
4.5 2000.0 3.517220454545454 3.646363542024935 0.12914308747948017 3.906123043623042 0.0 0.4860570394835633 
5.0 2000.0 3.5465951645576648 3.646363542024935 0.09976837746727031 3.5941411916257118 0.0 0.4069869706009393 
5.5 2000.0 3.566367407592407 3.646363542024935 0.07999613443252741 3.24408451026098 0.0 0.3533129148836352 
6.0 2000.0 3.58414391996892 3.646363542024935 0.06221962205601499 3.201284048768569 0.0 0.2943239295885674 
6.5 2000.0 3.5980639628345514 3.646363542024935 0.048299579190383836 2.7790618265463465 0.0 0.2480692136987301 
7.0 2000.0 3.61062298408291 3.646363542024935 0.035740557942024284 2.7790618265463465 0.0 0.20062365003960142 
7.5 2000.0 3.619404278663373 3.646363542024935 0.026959263361561812 2.1642599617444827 0.0 0.16456049895512992 
8.0 2000.0 3.627494792825424 3.646363542024935 0.01886874919951125 2.1642599617444827 0.0 0.13114315099541 
8.5 2000.0 3.633366887878633 3.646363542024935 0.012996654146301632 1.4387105111950307 0.0 0.10027745638391575 
9.0 2000.0 3.6381480527062378 3.646363542024935 0.008215489318697164 1.4387105111950307 0.0 0.07772907718447426 
9.5 2000.0 3.641069111194215 3.646363542024935 0.005294430830719341 1.1135383579269016 0.0 0.05388675805194058 
10.0 2000.0 3.643762716642775 3.646363542024935 0.0026008253821603626 0.5756879944960449 0.0 0.032415458261459154 
10.5 2000.0 3.6449092465705353 3.646363542024935 0.001454295454399766 0.5158904391102528 0.0 0.02057928283801837 
11.0 2000.0 3.6456135846215445 3.646363542024935 7.499574033898932E-4 0.42719298245614024 0.0 0.012340855281761244 
11.5 2000.0 3.646059010686708 3.646363542024935 3.045313382269863E-4 0.14069264069263987 0.0 0.005179848087589879 
12.0 2000.0 3.6462213483490453 3.646363542024935 1.4219367588932567E-4 0.04999999999999982 0.0 0.0025970075990208396 
12.5 2000.0 3.6463190756217725 3.646363542024935 4.446640316205594E-5 0.04545454545454497 0.0 0.0014061467913236573 
13.0 2000.0 3.646363542024935 3.646363542024935 0.0 0.0 0.0 0.0 
13.5 2000.0 3.646363542024935 3.646363542024935 0.0 0.0 0.0 0.0 
14.0 2000.0 3.646363542024935 3.646363542024935 0.0 0.0 0.0 0.0 
14.5 2000.0 3.646363542024935 3.646363542024935 0.0 0.0 0.0 0.0 
15.0 2000.0 3.646363542024935 3.646363542024935 0.0 0.0 0.0 0.0 
15.5 2000.0 3.646363542024935 3.646363542024935 0.0 0.0 0.0 0.0 
16.0 2000.0 3.646363542024935 3.646363542024935 0.0 0.0 0.0 0.0 
16.5 2000.0 3.646363542024935 3.646363542024935 0.0 0.0 0.0 0.0 
#####################################################################
# End of data export. Simulation finished at: 2020-02-19T16:22+0000 #
#####################################################################
