#####################################################################
# Alchemist log file - simulation started at: 2020-02-19T19:56+0000 #
#####################################################################
# seed = 2.0, speed = 2, meanNeighbors = 3, nodeCount = 1000
#
# The columns have the following meaning: 
# time nodes org:protelis:armonicCentralityHLL[Mean] harmonicCentrality[Mean] msqer@harmonicCentrality[Mean] msqer@harmonicCentrality[Max] msqer@harmonicCentrality[Min] msqer@harmonicCentrality[StandardDeviation] 
0.0 1000.0 NaN NaN 0.0 0.0 0.0 0.0 
0.5 1000.0 0.8751653439153442 8.791191537256209 8.356774870589541 31.35782294840311 0.0 6.840528693471307 
1.0 1000.0 1.868516666666667 10.089283157404344 8.268933157404344 32.93326154427305 0.0 7.877937212755415 
1.5 1000.0 3.718842857142857 9.73615496648714 6.2251954426776175 32.33695004302348 0.0 7.196360725158058 
2.0 1000.0 5.101132142857143 9.29759904652241 4.57622266220841 25.848677061506034 0.0 5.933832610279463 
2.5 1000.0 5.937433008658009 9.987095741903229 4.801022545655032 25.02961373228906 0.0 6.127653027066483 
3.0 1000.0 6.7098463924963925 10.13043804335134 4.464121575668695 23.344137861009877 0.0 5.339531846675491 
3.5 1000.0 7.214728124653125 10.60010850537308 4.6220139471535235 22.90211454942472 0.0 5.4146402737511625 
4.0 1000.0 7.721114252414252 7.75570976804882 2.0698657036080266 15.071861893061241 0.0 2.1429619443338344 
4.5 1000.0 8.04752301032301 8.388039740178227 2.603980591079244 20.42365355066199 0.0 2.870480960798301 
5.0 1000.0 8.315631898656898 9.375145969537678 3.2519647022537703 21.973023336546134 0.0 3.5390792399107665 
5.5 1000.0 8.652379093945271 8.95837584868666 3.1670690765533065 19.022359417141686 0.0 3.308056965946718 
6.0 1000.0 8.907883367260535 7.758364420014201 2.9598779623409777 20.003879453879453 0.0 2.8337661715178313 
6.5 1000.0 9.371641935829048 8.563952610887663 2.84683456074575 18.878712953712952 0.0 2.971286357094705 
7.0 1000.0 9.549013937797893 7.674820532316544 3.1956606393379765 19.571617271617267 0.0 3.554184928063613 
7.5 1000.0 9.70481081642367 7.542259865968822 3.5633140368328076 20.534810042898282 0.0 3.6547608085643235 
8.0 1000.0 10.049924461346038 7.4830968823472235 3.923999103102107 18.932220557220553 0.0 4.043646295686389 
8.5 1000.0 10.043811685239188 8.027898531796042 3.8672410927574927 18.653624969801438 0.0 4.161085884705734 
9.0 1000.0 10.069488023945377 7.372966824398214 4.361278363236193 26.520765487522457 0.0 4.59483893338957 
9.5 1000.0 10.241032639793938 7.465073393735382 4.344679447864818 26.79239595973342 0.0 4.545940985917008 
10.0 1000.0 10.446775842962118 6.918646361062979 4.746820840832342 22.806809379990494 0.0 5.076710716767829 
10.5 1000.0 10.567939148988192 6.8751305415600905 4.755184357598275 24.128137067237216 0.0 4.987405514255644 
11.0 1000.0 10.621439348110039 6.612164812746294 4.922009112135143 24.128137067237216 0.0 5.214040343143071 
11.5 1000.0 10.607575554106091 6.225346678321679 5.191611436361092 22.698387996816454 0.0 5.364610054393361 
12.0 1000.0 10.276184449906772 6.299676218407458 5.001712413670274 25.994935105762604 0.0 5.22186917018096 
12.5 1000.0 10.178015341552136 5.931562760356259 5.0132526522466305 23.786290014121814 0.0 5.444552721155367 
13.0 1000.0 9.954111902174066 5.858655661495368 4.9360787486059285 23.286290014121814 0.0 5.306599195268538 
13.5 1000.0 10.005357094744596 5.627961052346348 5.0376475724041905 21.81225560368648 0.0 5.425412006942383 
14.0 1000.0 9.83891597927702 5.945209071484072 4.732823321934364 22.04162068305156 0.0 5.285161344160778 
14.5 1000.0 9.731693992287868 6.117251169049389 4.61320415434803 26.101648861277095 0.0 5.212690327646432 
15.0 1000.0 9.593340539788352 6.650831636655399 4.190755636712263 23.430774422540814 0.0 4.8624374780886574 
15.5 1000.0 9.380927879923156 6.7927066796722375 4.122887559151289 25.563701565306765 0.0 4.6776110994802576 
16.0 1000.0 9.40407742474462 7.0976596718793985 4.2528647164587445 19.582981932506133 0.0 4.40021639787773 
16.5 1000.0 9.528731213217053 6.9418095552474774 4.507333571829334 20.572019494432993 0.0 4.813472630807775 
17.0 1000.0 9.837400165658275 6.960570476385954 4.46321777744887 19.831159956252506 0.0 4.631999719590203 
17.5 1000.0 10.051299516090491 7.074021847774036 4.481779734416291 24.457350432442983 0.0 4.798923119901111 
18.0 1000.0 10.25129465860164 7.104510468759689 4.3976667650334935 22.560519976396144 0.0 4.66858517124982 
18.5 1000.0 10.347019855953693 7.3366184381084345 4.615240715474015 20.863350101748615 0.0 4.7907732312015 
19.0 1000.0 10.558538462562666 6.951325929276002 4.640242078358113 24.455792297315032 0.0 5.067031882736165 
19.5 1000.0 10.626779689440253 6.749106940730136 4.9353519759842195 24.455792297315032 0.0 5.429564793638115 
20.0 1000.0 10.53028768504799 6.762793550429619 4.6308165421128376 24.5781542035526 0.0 5.142195040555524 
20.5 1000.0 10.509998682747963 6.6428337836700395 4.874411921716965 25.58862632231718 0.0 5.593282977067395 
21.0 1000.0 10.4754708509192 6.380905918770373 4.905164000361631 24.769821722204533 0.0 5.543989549550112 
21.5 1000.0 10.650081897496413 6.529880247679241 4.842494662074557 21.71489909922488 0.0 5.500930402970818 
22.0 1000.0 10.806170092554916 6.197418898354976 5.309727602367983 32.05416731553473 0.0 5.990613178325541 
22.5 1000.0 10.790468819345152 6.145313953968288 5.612721399230008 30.373520162583574 0.0 6.13379200413755 
23.0 1000.0 10.628011315543434 6.189331198534045 5.564418783898056 30.373520162583574 0.0 5.965809907907802 
23.5 1000.0 10.451072225286312 6.22268428608715 5.5444908570329625 26.476069520429924 0.0 5.784834635331459 
24.0 1000.0 10.468766115013961 6.265902840932717 5.460929406778956 26.234503792054273 0.0 5.596377880277963 
24.5 1000.0 10.527147292488447 6.233615785306884 5.373052680466857 24.39030843225547 0.0 5.624575341966671 
25.0 1000.0 10.497836214045131 6.656903866730105 4.992075101119778 28.776695990104162 0.0 5.423224126599026 
25.5 1000.0 10.387295208952043 6.331947668258813 5.011420593576194 27.128296356380886 0.0 5.631283589708395 
26.0 1000.0 10.319936428364842 6.66300143759749 4.717561257251127 27.166040049836518 0.0 5.424868668053226 
26.5 1000.0 10.31690471021138 6.185948484848485 4.881100552748865 24.513496022967544 0.0 6.061342910863131 
27.0 1000.0 9.99169499404407 6.471144443361935 4.396000507218545 23.816908628794103 0.0 5.472435752785704 
27.5 1000.0 9.840406859411194 6.025422908120431 4.544773650583557 24.9782053949376 0.0 5.4487475838188955 
28.0 1000.0 9.789426409996134 6.055215010368029 4.626734017799408 24.3565614602382 0.0 5.5232089773737885 
28.5 1000.0 9.734357578262658 5.7468589929592255 4.879573491374315 26.988509660067958 0.0 5.967597483565315 
29.0 1000.0 9.79962563327747 6.072541113942816 4.828128516969285 27.153327973001065 0.0 5.828050059154486 
29.5 1000.0 9.832107682419036 6.107611513074129 4.817307935760464 25.59102638569948 0.0 5.584385266307841 
30.0 1000.0 9.927087367954464 6.598471266530167 4.667097906925298 27.670160848899542 0.0 5.21152600869368 
30.5 1000.0 9.867259071070858 6.251337859176465 4.776125296466512 29.020160848899543 0.0 5.9268674875501866 
31.0 1000.0 9.962057215797847 6.475998927285305 4.773075622030418 27.16276058965293 0.0 5.851940614325794 
31.5 1000.0 10.332580916989487 6.4171018747850015 4.926535997658732 26.837859441853375 0.0 6.088776175200541 
32.0 1000.0 10.305314621428 6.380706624970878 4.780176979486999 25.174910749637164 0.0 5.932837763474336 
32.5 1000.0 10.251820887320413 6.2960063521624425 4.698486498451404 27.693688808625428 0.0 5.850981554245558 
33.0 1000.0 10.212584610429357 6.379816792970643 4.758356011700496 26.00977766183436 0.0 5.759128517050367 
33.5 1000.0 10.031126972831839 6.281248594670815 4.532257888028328 26.939281448659084 0.0 5.450141522535162 
34.0 1000.0 9.819649371370488 6.205654010766308 4.390226031988061 26.58842633286591 0.0 5.504761028358739 
34.5 1000.0 9.672242574473291 6.259522527479101 4.389291413312014 26.164096885919676 0.0 5.3310322393839025 
35.0 1000.0 9.662669418121276 6.836251710197616 4.172311932181379 33.43626288405391 0.0 5.099455179288687 
35.5 1000.0 9.939178236961926 6.86068303060138 4.374227783010525 30.581191804071093 0.0 5.2630337770194195 
36.0 1000.0 10.267144575480023 6.9820307834224575 4.359688446663668 30.581191804071093 0.0 5.380054447574672 
36.5 1000.0 10.57701851384765 7.055715585023676 4.6899005524706965 27.414506688602398 0.0 5.6166431354726765 
37.0 1000.0 10.892548934971114 6.8085890204633595 5.069703502549058 29.742601223558896 0.0 6.02665756125697 
37.5 1000.0 10.873597536902679 6.594374213771611 5.098595151715638 29.944839539201162 0.0 6.141437525326436 
38.0 1000.0 10.816115157748163 6.1154762063384185 5.451646133772482 28.761084047189147 0.0 6.936264761489777 
38.5 1000.0 10.732577963225868 5.919528451725433 5.5344865034214825 32.09441738052248 0.0 7.0317667950079406 
39.0 1000.0 10.571828575837728 5.620888333888334 5.709385818105264 32.18210219980637 0.0 7.353027005745765 
39.5 1000.0 10.426946474340717 6.040001514522405 5.111448112212873 26.951494621214795 0.0 6.579722999912208 
40.0 1000.0 10.263324378956234 5.964220091020091 5.267027088183711 30.701280885463962 0.0 6.828943155930323 
40.5 1000.0 10.241184100941116 6.404461866728043 5.2328007419798155 29.67850869361111 0.0 6.610679013454377 
41.0 1000.0 10.37285601812443 7.764440082492229 4.710532649580268 29.667821190146142 0.0 5.456934831695948 
41.5 1000.0 10.534464221667378 7.781016267002666 4.849706160639503 25.789254562820815 0.0 5.730153626389847 
42.0 1000.0 10.696411782279023 7.054981667206327 5.134795901583613 26.116377134125003 0.0 6.025739908064628 
42.5 1000.0 11.073626252422256 6.986655942625747 5.521778924162357 31.35946906149465 0.0 6.375355797274238 
43.0 1000.0 11.327966123156992 7.393709388021655 5.368877469545258 29.733084629763027 0.0 6.064628117460699 
43.5 1000.0 11.288570147780133 7.446536923574136 4.996719771518126 28.308569150459633 0.0 6.030704335203158 
44.0 1000.0 11.172016976019455 7.135945217590356 5.198858325332846 29.050853458040322 0.0 6.145190145605075 
44.5 1000.0 11.188696844238429 6.866093105978728 5.459863967467064 30.905750127506032 0.0 6.428777475660958 
45.0 1000.0 11.278919900074198 6.653776483326079 5.695406940058464 34.63581809999751 0.0 6.887897598112254 
45.5 1000.0 11.400515031161113 6.811190624911949 5.7068955907201575 28.522408081971108 0.0 6.813294205997349 
46.0 1000.0 11.283646211853812 7.0288916174025795 5.180519929477104 27.34813207557817 0.0 6.2134787640046065 
46.5 1000.0 11.064501263408195 6.808007478563748 5.3115604809622265 32.28712134777905 0.0 6.309440783106107 
47.0 1000.0 11.022262482337302 7.200116331922292 4.897819566467828 29.85995794942696 0.0 6.003796901537999 
47.5 1000.0 10.660080235732087 7.227914707021639 4.576593639731149 29.85995794942696 0.0 5.59694314088649 
48.0 1000.0 10.609734950503176 7.345721793565912 4.530809752025865 27.6069191370378 0.0 5.64162274785621 
48.5 1000.0 10.649613160268851 7.078573292952317 4.616730715692419 27.803830040149975 0.0 5.7819383227277275 
49.0 1000.0 10.453679417903837 7.036001434298416 4.629657180895246 27.803830040149975 0.0 5.908548526325242 
49.5 1000.0 10.391052243826119 6.905592677583853 4.672456275810123 31.53806064322044 0.0 5.979998102736338 
50.0 1000.0 10.083835537734796 7.104361782550096 4.276957330372842 31.53806064322044 0.0 5.706733808853896 
#####################################################################
# End of data export. Simulation finished at: 2020-02-19T19:59+0000 #
#####################################################################
