#####################################################################
# Alchemist log file - simulation started at: 2020-02-20T15:58+0000 #
#####################################################################
# seed = 9.0, speed = 10, meanNeighbors = 10, nodeCount = 1000
#
# The columns have the following meaning: 
# time nodes org:protelis:armonicCentralityHLL[Mean] harmonicCentrality[Mean] msqer@harmonicCentrality[Mean] msqer@harmonicCentrality[Max] msqer@harmonicCentrality[Min] msqer@harmonicCentrality[StandardDeviation] 
0.0 1000.0 NaN NaN 0.0 0.0 0.0 0.0 
0.5 1000.0 3.4073059360730578 110.16313518370848 108.42200185037515 138.8721913191727 4.083333333333334 19.381108491007794 
1.0 1000.0 8.34091948051948 110.51637612299257 102.17745664247309 137.58550433484646 1.0 15.855677695660924 
1.5 1000.0 20.31490543068043 111.42030463400076 91.10939920332032 131.4081773962192 1.0 15.134115673083755 
2.0 1000.0 33.098676438838936 110.90765532971403 77.81197889087508 116.34093704283333 0.5 13.087020960830491 
2.5 1000.0 46.29483546036867 110.26959898011981 63.97576351975115 111.10686152083213 0.0 12.802825730941478 
3.0 1000.0 58.971898907774374 111.17281909984352 52.20092019206915 90.61385388777032 1.4226218081659567 12.624068017422283 
3.5 1000.0 71.63482847429395 110.80560598287441 39.19673917516435 79.56140591434709 0.22807415632929917 13.730976866455183 
4.0 1000.0 83.23976601709455 108.59039526859806 26.277324296447134 67.9316545427749 0.004636366609716447 13.886969700319762 
4.5 1000.0 93.573890469551 108.06733245562691 18.016886332320734 60.119947425818715 0.0037180160665712947 12.440377747673667 
5.0 1000.0 101.62443586683325 109.43305084744325 12.820204672390977 59.63926725130961 0.0022837535103548134 10.679099417574001 
5.5 1000.0 107.81330687723784 108.08630951041981 10.782777410217566 100.72929786262705 0.0 8.434857329423 
6.0 1000.0 112.88959026482956 108.68828600606393 9.704020042334992 95.04805357555055 0.036473180242509784 8.022272650104014 
6.5 1000.0 116.86412826725861 111.17144118675334 8.414922381208559 29.97670974921043 0.012841281474848643 5.968435280634688 
7.0 1000.0 119.14830207609734 111.26009872077513 9.140933922076036 32.18424344102128 0.0084539731633555 5.897096123295716 
7.5 1000.0 120.41680168556911 110.47916469326165 10.503222233892387 32.61815417894503 0.0768734805370741 5.7526046821530255 
8.0 1000.0 121.21524110413074 108.5878933053 12.88642731806576 78.4712888971052 0.11504769642851898 6.593919664131205 
8.5 1000.0 121.81715253654123 109.8862592872619 12.04741625447223 41.8420777830725 0.0 5.984118706138634 
9.0 1000.0 122.01592968179162 108.59235220580693 13.554363140315258 94.13406584339617 0.0 7.520114907079469 
9.5 1000.0 122.37067636223865 107.812138585513 14.77853229515442 70.67560241709532 0.05264656226641762 6.895584840059157 
10.0 1000.0 122.68688505577175 107.67895662677248 15.22402313564904 58.09492621509955 0.42420483687848787 7.307155946034257 
10.5 1000.0 123.22057042537726 108.40204900951922 14.92795836823846 48.294113299846444 0.09610495359379456 7.077797367113122 
11.0 1000.0 123.25706133184298 108.0450724361801 15.317810952783615 43.46220780262895 0.15641751052672248 6.831336831144568 
11.5 1000.0 123.07682394913533 107.06673426164858 16.036872965106507 40.221177277846095 0.04095311178420502 6.300242606530536 
12.0 1000.0 122.8775429858104 108.93876546943484 14.0028760051058 39.41811036946183 0.1906339747284136 6.143941656549677 
12.5 1000.0 122.92272014373896 107.56984834622527 15.414890755231609 38.088459575340394 0.32172998527722996 6.180086820997023 
13.0 1000.0 122.90542925191853 107.59514004285651 15.358883547221625 81.78941581532341 0.0758592792933257 6.839116450142735 
13.5 1000.0 122.93463078157674 108.19520165216821 14.836088826068524 91.42477720840354 0.22488951518261047 8.50928423497675 
14.0 1000.0 123.01599696311128 108.52145247653075 14.739135063684076 65.21479843986278 0.548990741538887 6.379188370085455 
14.5 1000.0 123.01754796764092 106.67404292799006 16.521771231753412 64.36917575733743 0.06520127739976544 7.275578501470491 
15.0 1000.0 122.9866887286391 108.27852803907763 14.747277922597124 40.57536345533699 0.11087307496650567 5.6561676553557385 
15.5 1000.0 122.73325131658704 108.25277059307106 14.561085121765514 46.05877501174946 0.013241177852307828 6.300514192004033 
16.0 1000.0 122.63934499373413 108.05257623809516 14.663928275801277 36.94359568126875 0.003159357057583634 5.906200694550743 
16.5 1000.0 122.78388474141579 108.59434353792663 14.217617467604088 48.49459555197922 0.41506991888185496 5.830684236873189 
17.0 1000.0 122.64608642096552 106.96207715539435 15.714389203314802 101.53900582654958 0.3970007322403859 6.705291100260437 
17.5 1000.0 122.41770946704015 106.63594619482224 15.815414619792916 69.13963147253541 0.09994790756869065 6.519348560481064 
18.0 1000.0 122.14737630069587 106.66722236168772 15.513167576559564 66.63371126637553 0.33976533701333267 6.27614226691095 
18.5 1000.0 121.79395959771765 104.01371730782907 17.806988398125117 96.29967491793141 4.535489338337584E-4 10.079014428019633 
19.0 1000.0 121.58357145425524 106.05331754179328 15.553943786253303 118.87091586174404 0.4417839053329544 6.856535104549441 
19.5 1000.0 121.29059909100974 105.43462643670495 15.881141190742547 118.87091586174404 0.08816599390499391 7.247024923338362 
20.0 1000.0 120.95812942887756 105.29641619318122 15.769609150912576 48.26540510238273 0.11043196027884505 6.529982688685805 
20.5 1000.0 120.82835922038535 105.90113307948606 14.994436300008047 115.97129459377912 0.1343244941142956 7.7300368251738005 
21.0 1000.0 120.53898492950356 105.4349422024808 15.124640687493423 104.61106296076008 0.33200152026374496 7.267552188879893 
21.5 1000.0 120.58242844717915 106.60589389247593 14.061832568610297 37.3942876253404 0.031366751497756695 6.081013660132238 
22.0 1000.0 120.99270450386777 103.67784241153478 17.36666165129157 49.608608754506605 0.03605863912936513 7.135126754238416 
22.5 1000.0 120.98109913871227 104.21479788172203 16.82940202743168 125.16892235301678 0.30973462443401445 8.513781338140616 
23.0 1000.0 120.74995156062522 104.18665270346452 16.637428754655076 53.30532121400907 0.11936128475704777 6.614447187069627 
23.5 1000.0 120.40968535911469 106.16684619457243 14.433593006134714 44.39307967125381 0.03597904608497515 6.751946478177784 
24.0 1000.0 120.39722407222897 104.2835445381927 16.124430130662834 77.5984774059192 0.05626570263463293 8.073621365151341 
24.5 1000.0 120.49092273943748 104.03449772314484 16.463942714585336 83.76916689762427 0.33622891126755405 7.59304003368858 
25.0 1000.0 120.38524612667082 104.15992073079622 16.307492383431093 78.7829533061102 0.4957627856581439 6.509850025415541 
25.5 1000.0 120.40115853364189 105.03511253980214 15.387073643275997 78.7829533061102 0.1216979964691518 5.973024065006732 
26.0 1000.0 119.99069589879171 103.04383313966449 17.0973317930379 72.40790604065093 0.11440869377544516 7.776478335953114 
26.5 1000.0 119.54165348341472 105.1757044397245 14.575471673160296 90.76182840099284 0.1255268810996597 7.537990211027662 
27.0 1000.0 119.37018612596873 105.13768932911394 14.399992274913524 62.60345956668877 0.16569601279353208 5.821761746034491 
27.5 1000.0 119.51571632868226 104.36610515928545 15.316851033752489 56.31415432190525 0.26216674338357393 6.696826655352089 
28.0 1000.0 119.76524640089306 103.84956288001088 15.950967863797652 74.00116950948626 0.39847906610395967 7.4502599869885024 
28.5 1000.0 119.80530505943373 104.60423132780068 15.390263774446746 62.318673441476804 0.060092007855089946 7.568710501474267 
29.0 1000.0 119.69029223182768 103.16756020389458 16.767695064328944 71.90397225995018 0.01324257636228765 7.786651637975901 
29.5 1000.0 119.869299605439 104.08391943915193 15.942447374275423 70.27871546691844 0.08298047007404818 7.314644445271317 
30.0 1000.0 120.01704063112241 103.19799289667128 16.854674764865823 40.38495932601967 0.3106865106595933 6.955371749931641 
30.5 1000.0 119.76988440903425 100.58782503199315 19.22157058478113 46.547405046107514 0.844558191505655 6.516317175005098 
31.0 1000.0 119.29251371876059 103.74931226276017 15.661524401439284 40.71218623191409 0.2792253849848123 6.903814460224648 
31.5 1000.0 118.72619294164521 104.01686199335737 14.815925110764924 86.84142300375476 0.03837524383453683 7.074343282824324 
32.0 1000.0 118.18576079377806 103.39903944474632 14.848774562557681 35.194855159435534 0.16903660639910356 5.780782916874711 
32.5 1000.0 117.90191586189107 105.16318575480864 12.859292800403692 29.438164274298728 0.072643464206962 5.433307475987872 
33.0 1000.0 118.01762133842206 100.47171993030906 17.545901408112996 77.79119102394442 0.4517375896324012 5.886098463165411 
33.5 1000.0 117.98037292159441 102.48899292260364 15.523144322675012 75.8234953178916 0.217887929923549 5.803277469399873 
34.0 1000.0 117.94996018019187 101.44676055145044 16.51571715980469 34.7962904126355 0.06221313803830242 5.595547248067755 
34.5 1000.0 117.69847825021908 103.94850901581927 13.98818978763355 75.55133921957467 0.20902878798860058 6.389050703764759 
35.0 1000.0 117.6169349397547 102.2411117051411 15.555291490345484 75.26852360757312 0.017406258207572023 6.914590815314606 
35.5 1000.0 117.49731828301753 102.17613996098918 15.3704146772636 35.91047855219813 0.19965321193144803 6.047497258215864 
36.0 1000.0 117.10937729077585 102.4787761103701 14.680167330862377 40.868408877064 0.07153095644279972 5.698338532294933 
36.5 1000.0 116.90040389814381 100.56514234002591 16.354328242677337 36.07962139836165 0.6423943547839315 6.192094214127885 
37.0 1000.0 116.80609130329536 101.0804880885814 15.757466467189971 98.90347153635314 0.07676870391836133 7.1505439641396045 
37.5 1000.0 116.76453409434814 101.29640877046418 15.501327354321047 91.51625836753546 0.08074114792044895 6.386513589816804 
38.0 1000.0 116.48764686784217 101.54056635396988 15.138835270735601 84.01623347517626 0.432571711323007 6.539853616321044 
38.5 1000.0 116.52174045944209 101.12785149032486 15.605497695106033 79.75264859362495 0.10729797518256134 7.127826416942248 
39.0 1000.0 116.29156449625597 100.83723967254801 15.517902181686146 38.75781217145126 0.4102667855319879 7.008359121513726 
39.5 1000.0 116.03365778132587 101.07414416576732 15.018748256381471 39.007865247068025 0.7202516504549408 6.1850131434913 
40.0 1000.0 115.89786733838055 102.09702158218097 13.844097134439114 54.01013660701037 0.7307019820564875 6.207979563572611 
40.5 1000.0 116.2120691790464 100.77991744750209 15.46160290491985 41.204289073113614 0.4852777950974172 6.226278308862869 
41.0 1000.0 116.52821568886685 99.85796273704666 16.71244876695192 46.621526069498714 0.2005609532939161 7.34373156973727 
41.5 1000.0 116.59781328277046 98.00978042106408 18.593905802167445 41.614888221625634 0.10404638736075356 6.702727919070864 
42.0 1000.0 116.13512065553745 99.30098222608932 16.847254569606612 97.50906567572808 0.01635109457627948 6.896570053916818 
42.5 1000.0 115.46202110918831 97.94804616036723 17.70455045111024 121.09111533890945 1.0205627920411047 7.785020665278289 
43.0 1000.0 115.40260500050012 99.46614827105277 16.15475978540175 87.00956547453384 0.11093104304087831 7.022569416019837 
43.5 1000.0 115.18244770114826 100.05271635144862 15.166885011346222 43.1752192658965 0.08117454719678108 6.202772079708118 
44.0 1000.0 114.86942305373063 101.4624133094055 13.461469607898545 42.83548009628437 0.007327651750074438 5.928510715131343 
44.5 1000.0 115.00494409402717 100.04371581653858 14.992222418986628 113.41712805168689 0.22725104385153827 7.415580101433328 
45.0 1000.0 115.02257790804059 97.88252341621967 17.152639663105067 103.76260161407218 0.08375225950631204 9.13594511147649 
45.5 1000.0 114.90835383771034 101.1016278629031 14.09788057129421 117.67933350189543 0.04803919495498121 7.840391784724239 
46.0 1000.0 114.76074393825907 100.3991128321673 14.640615997950386 103.64401268385824 0.17779042226275976 7.019009328713787 
46.5 1000.0 114.66128748909335 100.65425856473725 14.283739338808935 97.79433981719572 0.07808585483522279 6.657188158362229 
47.0 1000.0 114.51077895749386 98.40336775830912 16.322966786999388 85.04428864603737 0.373227896899337 7.167515078949628 
47.5 1000.0 114.68849012421708 98.61442097906833 16.085929244135112 46.2864262923116 0.5106864906985749 6.203929257356158 
48.0 1000.0 114.48221990963418 98.3457710880763 16.144306824361284 51.366715306808175 0.30153980760425725 6.197284250572899 
48.5 1000.0 114.30009614008453 101.2861303378664 13.114190139469763 110.69653742800027 0.06559420809323058 7.574489702141594 
49.0 1000.0 114.42383530867355 99.51652450508588 14.985120331508 104.84400283239293 0.14329423156821974 7.615296871289151 
49.5 1000.0 114.42082962529228 99.3197428047465 15.234573570249758 101.1129893841968 0.03463910575300133 7.454740577220239 
50.0 1000.0 114.76513649551376 101.29042353416462 13.827599121573522 104.377795190556 0.004017144734362432 7.571596008819878 
#####################################################################
# End of data export. Simulation finished at: 2020-02-20T16:01+0000 #
#####################################################################
