#####################################################################
# Alchemist log file - simulation started at: 2020-02-21T11:19+0000 #
#####################################################################
# seed = 17.0, speed = 2, meanNeighbors = 7, nodeCount = 50
#
# The columns have the following meaning: 
# time nodes org:protelis:armonicCentralityHLL[Mean] harmonicCentrality[Mean] msqer@harmonicCentrality[Mean] msqer@harmonicCentrality[Max] msqer@harmonicCentrality[Min] msqer@harmonicCentrality[StandardDeviation] 
0.0 50.0 NaN NaN 0.0 0.0 0.0 0.0 
0.5 50.0 1.27 15.754939615939616 15.119939615939616 20.396428571428572 9.068154068154069 2.8914048470602753 
1.0 50.0 3.591666666666667 15.81227294927295 12.220606282606283 18.679761904761904 7.262842712842712 3.204959681151924 
1.5 50.0 7.833666666666667 15.685551337551338 7.851884670884671 14.097619047619048 3.112842712842708 2.660681702526653 
2.0 50.0 10.631714285714287 15.826710067710067 5.194995781995782 8.491269841269839 2.3503968253968246 1.5261179964141867 
2.5 50.0 12.209214285714285 15.875137196137196 3.6659229104229105 6.767965367965371 0.6107142857142875 1.3801973171010269 
3.0 50.0 13.309436507936509 16.261416694416695 2.951980186480186 5.667579642579644 0.04404761904761756 1.2673197472643856 
3.5 50.0 14.159095238095238 16.324750027750028 2.165654789654789 5.667579642579644 0.41666666666666785 1.1836270656097554 
4.0 50.0 15.051563492063492 16.62263003663004 1.5801141636141642 5.48424630924631 0.0833333333333357 1.2172081772747179 
4.5 50.0 15.691646464646464 16.642630036630038 1.0200311910311912 4.072258297258301 0.08333333333333215 1.0216097646450744 
5.0 50.0 16.120719336219338 16.20397224997225 0.6029109224109225 2.93730158730159 0.021825396825395416 0.6370320787213148 
5.5 50.0 16.249015151515152 16.20397224997225 0.4014563769563765 3.1039682539682545 0.008333333333336412 0.5234070196428764 
6.0 50.0 16.311007936507938 16.075799533799533 0.42202281052281004 3.1380591630591645 0.005555555555552871 0.5832117162258084 
6.5 50.0 16.310213286713285 16.620102786102787 0.44708341658341655 2.5150793650793695 0.0027777777777746593 0.620785297995235 
7.0 50.0 16.315196914196914 16.680102786102786 0.4670387390387393 3.015079365079364 0.0012876012876024134 0.6590742764230909 
7.5 50.0 16.50135991785992 16.7543885003885 0.2914937839937834 2.546428571428571 0.0012876012876024134 0.4696609883739537 
8.0 50.0 16.596551337551336 16.738769452769453 0.2406674436674436 1.1559523809523746 0.0012876012876024134 0.3148668595536204 
8.5 50.0 16.681384892884893 16.803055167055167 0.18835769785769804 1.648809523809522 0.0 0.3139473476988577 
9.0 50.0 16.742100344100344 16.7963885003885 0.1494781884781887 0.7738095238095184 0.0 0.23152820895709417 
9.5 50.0 16.77007314907315 16.767832944832943 0.17869341769341815 2.4289682539682573 0.011111111111111072 0.3824041128291639 
10.0 50.0 16.778910145410144 16.69049961149961 0.2509357864357866 2.4289682539682573 0.020202020202020776 0.4153876337245121 
10.5 50.0 16.71771561771562 16.69049961149961 0.16686047286047287 1.43333333333333 0.020202020202020776 0.2550202920027735 
11.0 50.0 16.711350538350537 16.663832944832944 0.10966855366855362 0.75 0.0 0.15303298266295715 
11.5 50.0 16.717160783660784 16.663832944832944 0.07411371961371988 0.75 0.0 0.12871784082215776 
12.0 50.0 16.688860639360637 16.42681218781219 0.2620484515484518 1.9880952380952372 0.013888888888889284 0.4312037629565227 
12.5 50.0 16.671003496503495 17.080349206349204 0.6388002553002551 3.807817182817182 0.0 0.899343628304755 
13.0 50.0 16.60810472860473 17.00106349206349 0.652556166056166 3.797993672993675 0.0 0.9084655726596498 
13.5 50.0 16.614831057831058 16.141732378732378 0.9951878121878123 4.797119547119548 0.022546897546897426 0.8496414673570782 
14.0 50.0 16.666606227106225 15.965018093018092 0.8957344322344326 4.798310023310023 0.021825396825395416 0.7787948243491881 
14.5 50.0 16.71355339105339 15.983303807303807 0.9314140859140866 4.780452880452881 0.021428571428568688 0.8615618725188212 
15.0 50.0 16.68565367965368 15.488943167943168 1.2531390831390832 3.6768093018093033 0.0 0.7779422849107352 
15.5 50.0 16.536137806637807 15.253410256410255 1.2994288489288495 4.210644910644911 0.0603174603174601 0.9931689746932283 
16.0 50.0 16.26151875901876 15.33923953823954 1.0103272838272839 3.002311577311577 0.01269841269841443 0.7876519829750305 
16.5 50.0 16.041415584415585 14.831013209013209 1.2452368513839103 3.08260767010767 0.2820346320346321 0.7327214608268245 
17.0 50.0 15.874874458874459 14.873013209013209 1.018028638028638 2.8355224024341688 0.017965367965368628 0.5968692942338716 
17.5 50.0 15.671223665223664 14.74487081872376 0.9873763785234375 2.8017343767343803 0.11082251082251027 0.6285420346196796 
18.0 50.0 15.41451948051948 14.794714530567472 0.7276821838292423 1.8142746142746127 0.004675879675879457 0.47923947100052267 
18.5 50.0 15.332243145743146 15.145706603853663 0.5237052620582037 1.352845765345764 0.025000000000000355 0.39098893276432656 
19.0 50.0 15.181455988455987 16.991253968253968 1.8651645021645025 6.069733044733047 0.0627344877344882 1.5437176366152163 
19.5 50.0 15.197385725385725 17.011253968253968 1.8277109557109563 5.772546897546896 0.0627344877344882 1.47000499523157 
20.0 50.0 15.688750527250527 16.954301587301586 1.292884393384394 4.128643578643578 0.08730158730159054 1.0399393631193388 
20.5 50.0 16.165977966477964 16.954301587301586 0.8346093351093359 2.7946608946608933 0.03333333333333144 0.6817554771633055 
21.0 50.0 16.601775224775224 15.935269841269841 1.002197358197358 4.486904761904762 0.0 0.9917311008616012 
21.5 50.0 16.739636807636806 15.935269841269841 0.911442557442557 4.053571428571431 0.0 0.9301810272572226 
22.0 50.0 16.74005339105339 15.885888888888887 0.8816291486291488 4.053571428571431 0.0 0.8804277574429216 
22.5 50.0 16.59162049062049 15.885888888888887 0.7057316017316021 2.0912698412698436 0.0 0.6645319162339125 
23.0 50.0 16.36519191919192 15.905888888888889 0.46231890331890374 2.0261904761904805 0.0 0.4666293340833574 
23.5 50.0 16.218150793650793 15.836952380952381 0.3892619047619056 1.5206349206349223 0.0 0.3845528502026197 
24.0 50.0 16.081642857142857 15.87695238095238 0.21897619047619113 0.7083333333333357 0.0 0.20149580134431988 
24.5 50.0 15.998079365079365 15.89695238095238 0.18836507936507965 1.0 0.0 0.20864585349023979 
25.0 50.0 15.957746031746032 14.357537749831867 1.6002082819141643 6.418678135589898 0.05000000000000071 1.4793768925041162 
25.5 50.0 15.841880952380953 14.495683365653953 1.3461975867269986 4.524790487290485 0.014285714285716011 1.2081767343615826 
26.0 50.0 15.677261904761904 14.3231326647209 1.4694382643500294 4.721785730609259 0.04722222222222072 1.1828720062560696 
26.5 50.0 15.454484126984127 14.38805855582326 1.1743979321332265 3.8478448022565637 0.03611111111111143 0.8920871833376857 
27.0 50.0 15.301403318903319 14.851248196248196 1.042551948051949 2.776190476190475 0.05916305916305831 0.6531457262539557 
27.5 50.0 15.260305916305915 14.686416472416472 0.946521478521479 2.6750000000000007 0.010317460317457616 0.6452750872958141 
28.0 50.0 15.125939393939394 14.686416472416472 0.8198100788100794 2.6750000000000007 0.003968253968256619 0.5756457934425901 
28.5 50.0 15.062000721500722 14.666416472416472 0.5957097902097909 1.6248112998113022 0.003968253968256619 0.39173636216860114 
29.0 50.0 14.968643467643467 14.858080253080253 0.38833311133311205 1.8822150072150095 0.015476190476189089 0.3640187433597594 
29.5 50.0 14.915315961815962 12.53560606060606 2.3921702186702185 11.25515873015873 0.31150793650793496 2.0539406773188205 
30.0 50.0 14.825873903873903 12.50560606060606 2.332728160728161 11.876587301587302 0.31150793650793496 1.991918599022413 
30.5 50.0 14.666755966255966 12.47360606060606 2.193149905649906 11.876587301587302 0.0 1.8635024098996034 
31.0 50.0 14.118955877455878 12.43865367965368 1.6803021978021981 4.441264291264291 0.0 1.121211842021721 
31.5 50.0 13.776388555888555 12.49360606060606 1.3027824952824951 4.059965034965036 0.0 0.8682559613312736 
32.0 50.0 13.644643079143078 12.217406926406927 1.4472361527361521 3.9283244533244543 0.0 0.9344284118950364 
32.5 50.0 13.369765179265178 12.127867243867243 1.2418979353979347 2.8011904761904773 0.0 0.8026146540774857 
33.0 50.0 13.243594516594516 12.050010101010102 1.237529581529581 3.714357864357865 0.0 0.8838122733135862 
33.5 50.0 13.022806637806639 12.050010101010102 0.996741702741703 2.8981240981241 0.0 0.6976926409217511 
34.0 50.0 12.868579753579754 12.006106782106782 0.8834061494061497 2.9314574314574333 0.0 0.7239201801033641 
34.5 50.0 12.694426073926074 12.06477344877345 0.7031814296814295 2.7261766011766007 0.0 0.6143862054142153 
35.0 50.0 12.525882395382395 11.990821067821068 0.6931648906648898 2.7618908868908854 0.0 0.611951811726499 
35.5 50.0 12.338553946053946 14.501621045621045 2.287606560106559 8.975577200577199 0.0 2.2984320976258417 
36.0 50.0 12.207168942168941 14.405107337107337 2.4270481740481733 9.027428127428127 0.0 2.2490297145995997 
36.5 50.0 12.87315429015429 14.405107337107337 1.7444963924963919 7.170798645798646 0.0 1.7749801392465623 
37.0 50.0 13.436779387279387 11.886791208791209 1.587640415140415 8.685833610833612 0.0 2.4390448327044436 
37.5 50.0 13.745141236214765 11.723433344433344 2.0259936060671353 6.700382950382952 0.0 2.1081729670517912 
38.0 50.0 13.330938305158893 11.818100011100011 1.6094443546649426 5.528338328338329 0.0 1.7416204990705044 
38.5 50.0 12.61342927007633 12.107951825951826 1.0878011204481786 7.246295371295371 0.0 1.3081246324046478 
39.0 50.0 12.793374733110028 11.78922533022533 1.1028169575522513 3.4994227994227973 0.0 1.0202814527094435 
39.5 50.0 12.84220734494264 11.690073815073815 1.1826255933608882 3.782864357864357 0.0 1.0692898670302655 
40.0 50.0 12.699984071484073 11.57899444999445 1.1331483516483527 3.108549783549785 0.0 0.946121323066178 
40.5 50.0 12.532518148518148 11.519327783327784 1.0221124431124429 3.9329365079365086 0.0 0.94051968217129 
41.0 50.0 12.352952713952714 11.44599444999445 0.914246864246864 3.9329365079365086 0.0 0.7255221390938154 
41.5 50.0 12.190174159174159 11.392661116661117 0.8125649905649905 2.1454906204906194 0.0 0.5022932688787938 
42.0 50.0 12.153517926517926 11.42599444999445 0.7583200133200134 1.170634920634921 0.0 0.4318813720814208 
42.5 50.0 12.088437673437674 13.464449475361238 1.4460483829895594 7.445091020091019 0.020695970695969734 2.0018670703346984 
43.0 50.0 12.025631673881675 13.347287963670317 1.4264840437340438 7.245091020091018 0.0032967032967015086 1.858429454558719 
43.5 50.0 12.163850011100012 11.026642246642247 2.5025090187590187 6.103968253968252 0.2765151515151505 1.675749410326452 
44.0 50.0 12.215604558839853 10.985689865689865 2.403998498233792 6.187301587301586 0.2765151515151505 1.6796029106900578 
44.5 50.0 12.613599348364055 10.985689865689865 2.1907447585094646 5.027554390054393 0.5511904761904773 1.4749429826353184 
45.0 50.0 12.805333633686574 11.041150738150739 1.899359829712771 4.975970271558506 0.3822191697191677 1.3190132970503077 
45.5 50.0 12.774201607216312 11.041150738150739 1.7330508690655748 3.885750360750362 0.3822191697191677 1.1005150030659114 
46.0 50.0 12.710341429812019 8.803063492063492 3.9072779377485256 9.638095238095236 1.8733786638198406 1.6139387032919332 
46.5 50.0 12.635006087050204 8.78173015873016 3.8532759283200457 9.688095238095237 0.0 1.7899021089671914 
47.0 50.0 12.406908026613909 8.78173015873016 3.6251778678837505 7.325793650793651 0.0 1.691992972816178 
47.5 50.0 12.281562760768644 8.659920634920635 3.621642125848008 7.117532467532467 0.38333333333333286 1.637155197568406 
48.0 50.0 11.773655842523489 8.659920634920635 3.113735207602854 6.028391053391055 0.0 1.690347561576453 
48.5 50.0 11.285309816000991 8.659920634920635 2.6253891810803567 5.0534632034632025 0.0 1.6061003913236778 
49.0 50.0 10.784732413011824 10.59268931068931 0.9875699088493203 6.005158730158732 0.0 1.2473108908808224 
49.5 50.0 10.266485643441525 10.604328893328894 1.0558090977649794 5.921825396825397 0.0 1.3175721774013402 
50.0 50.0 10.059447681403563 10.729434232434233 1.0025139484698304 4.577380952380954 0.0 1.1702634609080167 
#####################################################################
# End of data export. Simulation finished at: 2020-02-21T11:19+0000 #
#####################################################################
