#####################################################################
# Alchemist log file - simulation started at: 2020-02-21T17:21+0000 #
#####################################################################
# seed = 19.0, speed = 10, meanNeighbors = 2, nodeCount = 500
#
# The columns have the following meaning: 
# time nodes org:protelis:armonicCentralityHLL[Mean] harmonicCentrality[Mean] msqer@harmonicCentrality[Mean] msqer@harmonicCentrality[Max] msqer@harmonicCentrality[Min] msqer@harmonicCentrality[StandardDeviation] 
0.0 500.0 NaN NaN 0.0 0.0 0.0 0.0 
0.5 500.0 0.5472689075630255 3.3848718614718614 3.1417051948051946 9.0 0.0 2.2842422970722707 
1.0 500.0 1.1888333333333325 3.217144444444444 2.2538063492063496 8.333333333333334 0.0 1.8822580970169838 
1.5 500.0 2.2820880952380955 3.1826634920634924 1.78140873015873 10.71904761904762 0.0 1.7295873910106732 
2.0 500.0 2.9136214285714286 3.3555815628815626 1.8606155455655458 9.59563492063492 0.0 1.7016245146290563 
2.5 500.0 3.279442063492063 3.231171428571428 1.7998468253968252 7.5 0.0 1.5213150786014942 
3.0 500.0 3.528943650793651 3.230436951936951 2.0139282217782224 10.083333333333334 0.0 1.9023884175171388 
3.5 500.0 3.8704611111111107 3.439512698412698 2.062327777777778 10.700000000000001 0.0 1.9497904956548417 
4.0 500.0 4.120428571428571 3.376946497946498 2.2229728604728605 9.719047619047618 0.0 1.98627457055719 
4.5 500.0 4.282026984126984 3.267336507936508 2.1477015873015874 11.64404761904762 0.0 2.1377687709345246 
5.0 500.0 4.57655735930736 3.355030158730158 2.3406097402597403 12.417063492063491 0.0 2.2657857265915062 
5.5 500.0 4.8845025252525245 3.555455555555555 2.5667041125541123 12.11190476190476 0.0 2.422045767713483 
6.0 500.0 5.0671491286491275 3.287814059951057 2.8414544413962366 19.273809523809522 0.0 2.7629812991680422 
6.5 500.0 5.0902738705738715 3.245485714285714 2.830254534354534 13.849206349206348 0.0 2.7651964914708396 
7.0 500.0 5.169234210234211 3.203494194041253 2.8725356532356527 15.262554112554113 0.0 2.892304504871355 
7.5 500.0 5.303956021756022 3.184681962481963 2.852490653790653 15.262554112554113 0.0 2.668616829224491 
8.0 500.0 5.1939755522255515 3.00354126984127 2.940626634476635 12.764213564213566 0.0 2.7970919189632024 
8.5 500.0 4.9273599242261 3.0741113997113994 2.882986619752796 10.737709512709511 0.0 2.6215575118559067 
9.0 500.0 4.848993807826161 2.8734747474747477 2.913792364824718 16.359990009990007 0.0 2.9704932679652414 
9.5 500.0 4.831759955567309 2.550063492063492 3.037553473160826 15.000958763458765 0.0 3.200089715940482 
10.0 500.0 4.914160439843954 2.8065238095238096 3.0339772785607924 15.000958763458765 0.0 3.215804617372385 
10.5 500.0 4.5996358807772895 2.9250780663780667 2.985416455757864 16.342638733815203 0.0 3.1223935167871986 
11.0 500.0 4.709234427715388 2.995009523809524 2.88311185029281 18.43122318857613 0.0 3.2968302850626525 
11.5 500.0 4.987684249831696 2.8890761904761906 3.060017583165029 17.12581691184632 0.0 3.416929017501691 
12.0 500.0 5.3552888769727005 3.198687445887446 3.336163768747592 21.028035281711755 0.0 3.722773331167766 
12.5 500.0 5.668879207221713 3.2480883560883553 3.4476709377134434 18.471131216564654 0.0 3.6889464883977157 
13.0 500.0 5.708340291286913 2.957937173937174 3.5279511692977907 19.160568898765494 0.0 4.133165295584501 
13.5 500.0 5.711031803974357 2.7585333333333333 3.839687315129868 19.452959308493373 0.0 4.553885946782011 
14.0 500.0 5.566747466545211 2.9997839271839273 3.679057523155267 19.619625975160037 0.0 4.503555011755587 
14.5 500.0 5.481373365186136 2.883439971139971 3.7729036682164394 22.00258148844769 0.0 4.809152788769614 
15.0 500.0 5.401833222895395 2.8585380952380954 3.739204651466823 21.95889169590374 0.0 4.842490225966627 
15.5 500.0 5.487514982737309 2.7359888888888886 3.7407610144833403 21.87350180764032 0.0 4.924391335654658 
16.0 500.0 5.6602645663438285 2.6057190476190484 3.878461391740653 19.39104256084772 0.0 4.926622142111276 
16.5 500.0 5.576837512332448 2.487290476190476 3.988966083761019 24.404091922271355 0.0 5.00591844467041 
17.0 500.0 5.604359325970704 2.647790476190476 4.002406656418034 21.199002860756792 0.0 5.037602049230161 
17.5 500.0 5.362448330554178 2.517842857142857 3.843443568649417 21.943950606198218 0.0 5.060919711051512 
18.0 500.0 5.001700760672088 2.9627142857142856 3.434365840037167 18.16848680595315 0.0 4.5019846700873325 
18.5 500.0 4.779992163718666 2.753273015873016 3.1785270843535867 18.849768681275464 0.0 4.167884191484743 
19.0 500.0 4.784632890412523 2.8848666666666665 3.2547947951744276 18.427823852735003 0.0 4.2033268344736125 
19.5 500.0 4.963466151418629 3.0643396825396825 3.1677629768154545 19.74896311807773 0.0 3.8906848830477854 
20.0 500.0 5.01476533771845 3.0601753690753695 3.002038686591799 22.23254264061885 0.0 3.7634912795773414 
20.5 500.0 5.130271068109069 2.7481619047619046 3.379713925251927 22.23254264061885 0.0 4.227965986404978 
21.0 500.0 5.194580623339569 2.8453793650793653 3.4237027012616466 17.61825692612102 0.0 4.061708354758364 
21.5 500.0 5.344507763717562 2.720215873015873 3.600777460687259 20.978971211835308 0.0 4.525980498294422 
22.0 500.0 5.063620398887095 2.934073015873016 3.1606407452074414 19.895826409839174 0.0 4.140542851369219 
22.5 500.0 4.72343126275991 2.8443047619047617 2.8778536292822783 19.352444780495055 0.0 3.8496940704296945 
23.0 500.0 4.734190326636345 2.931626984126984 2.840263631109649 15.573310333071397 0.0 3.513729893528201 
23.5 500.0 4.60163772884044 2.9675045510045512 2.930965034867747 18.70109746557262 0.0 3.536908472633957 
24.0 500.0 4.428579297253205 2.519490476190476 2.8156322554061637 17.24050652094848 0.0 3.1485212708082497 
24.5 500.0 4.323453995214282 2.615404761904762 2.734739709499997 16.65034675415156 0.0 3.2314748794874273 
25.0 500.0 4.132797863701166 3.0804511044511047 2.4898783498816512 16.738749201377537 0.0 2.759735877210062 
25.5 500.0 4.059062208296994 3.180852380952381 2.414846290881077 14.225986629754203 0.0 2.4927173510496057 
26.0 500.0 4.025397563197806 2.9400761904761903 2.4056434506436934 20.44344694721452 0.0 2.6567209558972684 
26.5 500.0 4.173531437341286 2.973230158730159 2.4661517226115715 16.900548689197308 0.0 2.8070937251298953 
27.0 500.0 4.372918487413177 2.666917460317461 2.5428776321899687 17.604120117768733 0.0 2.985786835592775 
27.5 500.0 4.447131324219735 2.7638428571428575 2.6281612093672675 17.905786031606898 0.0 3.1684459299736836 
28.0 500.0 4.316332179138137 2.683931746031746 2.5461099569159154 21.685877248879542 0.0 3.2021739624561483 
28.5 500.0 4.212575964638885 2.798763492063492 2.5154841009470212 19.49117542676735 0.0 3.1186095843962547 
29.0 500.0 4.211432854897359 2.7888619047619048 2.5425259273735583 17.990624701457904 0.0 3.079108078772627 
29.5 500.0 4.202083479361174 2.617304761904762 2.6772453841230788 16.98840919187169 0.0 3.120380095275066 
30.0 500.0 4.327301217392686 2.798576479076479 2.6025313761228452 19.126509556873142 0.0 3.101935878429956 
30.5 500.0 4.378852195388662 2.7676190476190476 2.566937909674376 20.524128604492187 0.0 3.0712101617840157 
31.0 500.0 4.40295013486667 3.0568761904761907 2.492564420580956 23.181905637584507 0.0 2.990220433341822 
31.5 500.0 4.51001077966271 3.2708206349206352 2.6078853828373125 16.54240131820234 0.0 2.989619603711884 
32.0 500.0 4.77730009795842 3.0491809523809525 2.8150064471647696 17.54240131820234 0.0 3.180253384020331 
32.5 500.0 4.838832541795266 3.15955772005772 2.707220564883289 17.543451470117 0.0 3.074611199639353 
33.0 500.0 4.930079435331253 3.067414285714286 2.6536564472082644 17.223442179869792 0.0 3.202454455967282 
33.5 500.0 4.784070014338627 2.9182317904317903 2.7067715128401253 14.742163843611188 0.0 2.8600956632387566 
34.0 500.0 4.636906455316389 2.707584415584416 2.984001982011915 15.397794095627487 0.0 2.876853977648761 
34.5 500.0 4.487027795114228 3.1025384504384506 2.663744989031422 11.802649552030358 0.0 2.4314025581248795 
35.0 500.0 4.468787315326348 2.871008547008547 2.472337036193716 13.729111918353405 0.0 2.407486722945483 
35.5 500.0 4.560942772380698 2.7997666666666667 2.770657289562862 13.775650222483577 0.0 2.5293939895632693 
36.0 500.0 4.397008101178222 2.881995238095238 2.5256001646702857 12.587607198256343 0.0 2.32247929144688 
36.5 500.0 4.4667257531264895 2.9304428571428573 2.5785400388407753 12.754273864923011 0.0 2.5936808065106343 
37.0 500.0 4.40971769507373 2.677561904761905 2.6391015334575685 14.228390300154672 0.0 2.6994896017003227 
37.5 500.0 4.390779682765024 2.9046584415584418 2.7144547188400607 12.590851042027175 0.0 2.6267793122288112 
38.0 500.0 4.256741529807444 2.538442857142857 2.766873725802024 16.51956567814859 0.0 2.949852945711799 
38.5 500.0 4.230412989873032 2.955092207792208 2.504758877318919 14.039357478419934 0.0 2.5790936419726007 
39.0 500.0 4.156973388009148 2.723785714285714 2.4156702134059733 14.018570824002579 0.0 2.670250694060241 
39.5 500.0 4.154164303452906 2.898233766233766 2.527611345299948 14.018570824002579 0.0 2.6084777687868805 
40.0 500.0 4.213660502132331 3.1582968253968255 2.435630343402171 13.92340563333102 0.0 2.5621793985408523 
40.5 500.0 4.406118732473296 2.962338095238095 2.578790161044726 16.28834226918592 0.0 2.7635418308748956 
41.0 500.0 4.458859788804384 2.8576380952380953 2.5885074078520036 13.734593240436897 0.0 2.8808438876207485 
41.5 500.0 4.608663183700225 2.838485714285714 2.7057549585919993 13.41095764351042 0.0 2.905920209484529 
42.0 500.0 4.603651834590838 2.82718253968254 2.7169375488765524 13.965993796589439 0.0 2.9583081165537273 
42.5 500.0 4.540541034611591 3.1313523254523252 2.451643820714377 15.333200640089185 0.0 2.8475080396859034 
43.0 500.0 4.5244720467937425 3.059785714285714 2.6430159140376097 14.267984577741021 0.0 3.0094872840868545 
43.5 500.0 4.386844752632276 3.026788167388167 2.5467995866871096 13.915263968730446 0.0 2.665214578496768 
44.0 500.0 4.635833060824024 2.7284587301587306 2.7635962198871837 16.51918523291448 0.0 3.0042647394584026 
44.5 500.0 4.666815700443994 2.652128571428572 2.8504028133311072 14.708542875051021 0.0 3.125838580619926 
45.0 500.0 4.692276688155762 2.780957142857143 2.845466470595545 13.551297309314874 0.0 2.920183760317949 
45.5 500.0 4.593938290373417 2.9221142857142857 2.8095303538654806 15.704528391372946 0.0 2.891597709674735 
46.0 500.0 4.556689890234867 2.9140761904761905 2.94635107349605 14.871195058039612 0.0 2.8942738357867523 
46.5 500.0 4.735858087229026 3.0086492063492063 2.684484349855289 14.627869939527958 0.0 2.733010533226247 
47.0 500.0 4.696944848895167 2.8596111111111115 2.758382944133262 13.092102052151276 0.0 2.8031210029115785 
47.5 500.0 4.6620041827297305 2.7574095238095238 2.7727959576215047 13.50876871881794 0.0 2.830486100935551 
48.0 500.0 4.593812482420879 2.6674831168831172 2.7853121938205896 15.376129546007018 0.0 3.155275797593316 
48.5 500.0 4.576887060340766 2.9798666666666667 2.7551299174836243 15.122059031126692 0.0 2.924500444678126 
49.0 500.0 4.565217434771614 2.8693190476190478 2.608094202448381 14.457403536212919 0.0 2.798283149492908 
49.5 500.0 4.432476409749432 2.971919047619048 2.5470627012357236 15.02464976659748 0.0 2.7098222420514575 
50.0 500.0 4.458038103725937 3.089222943722944 2.492733153120987 12.915725150647434 0.0 2.4741966083973876 
#####################################################################
# End of data export. Simulation finished at: 2020-02-21T17:21+0000 #
#####################################################################
