#####################################################################
# Alchemist log file - simulation started at: 2020-02-21T15:51+0000 #
#####################################################################
# seed = 19.0, speed = 1, meanNeighbors = 3, nodeCount = 100
#
# The columns have the following meaning: 
# time nodes org:protelis:armonicCentralityHLL[Mean] harmonicCentrality[Mean] msqer@harmonicCentrality[Mean] msqer@harmonicCentrality[Max] msqer@harmonicCentrality[Min] msqer@harmonicCentrality[StandardDeviation] 
0.0 100.0 NaN NaN 0.0 0.0 0.0 0.0 
0.5 100.0 1.0515151515151515 6.7839095316448255 6.205576198311492 17.019480519480517 0.0 5.083731127916667 
1.0 100.0 1.790833333333333 6.837671214406509 5.046837881073175 14.976226551226553 0.0 4.67092989877623 
1.5 100.0 3.7038333333333333 6.804782325517619 3.100948992184286 11.142893217893219 0.0 3.11714003701893 
2.0 100.0 4.521690476190476 6.837448992184286 2.31575851599381 8.259126984126983 0.0 2.621286807085565 
2.5 100.0 5.2829523809523815 6.906139468374762 1.6231870874223815 5.870670995670995 0.0 1.848817995591664 
3.0 100.0 5.5946428571428575 6.906139468374762 1.3114966112319053 5.832153957153955 0.0 1.6391079690112282 
3.5 100.0 6.042376984126984 6.906139468374762 0.863762484247778 3.8873376623376625 0.0 1.0975602314059245 
4.0 100.0 6.21477417027417 7.106631753867048 0.8918575835928774 8.484534909534908 0.0 1.3125696744771072 
4.5 100.0 6.460927128427128 7.387298420533715 0.9263712921065861 8.484534909534908 0.0 1.1235782509717032 
5.0 100.0 6.718514652014652 7.3240217866069255 0.6156051754403141 3.666666666666667 0.0 0.7558425088219077 
5.5 100.0 6.970416749916749 7.3240217866069255 0.37705536414050306 2.5833333333333335 0.0 0.5515046996809658 
6.0 100.0 7.145073371073371 7.424021786606925 0.32338409096922993 2.5 0.0 0.49171787076876977 
6.5 100.0 7.22664010989011 7.410869771954911 0.32399073432587355 3.0 0.0 0.6425389368724387 
7.0 100.0 7.264239191364191 7.361869771954911 0.38799287679125133 3.0 0.0 0.6606970548181578 
7.5 100.0 7.351230144855145 7.333068906154045 0.2598182540283933 3.0 0.0 0.5306078922490323 
8.0 100.0 7.360941584559232 7.323068906154045 0.15010875682624863 2.4774059274059326 0.0 0.33517418893415757 
8.5 100.0 7.314579076152605 7.181402239487379 0.2697666642782736 2.6166666666666667 0.0 0.5605831946854936 
9.0 100.0 7.3357437586922885 8.4820857479294 1.490492061387185 8.713478188478188 0.0 1.7984175303131136 
9.5 100.0 7.319455004146181 8.447546065389718 1.3777959674484441 8.546811521811524 0.0 1.7887073005831249 
10.0 100.0 7.474914127324344 8.273976877096072 1.0059502707474846 6.613806046894282 0.0 1.498246700997067 
10.5 100.0 7.579829017989234 8.387968864812517 0.9882178521512885 5.651804159892393 0.0 1.2809415123482968 
11.0 100.0 7.705882000953982 8.588990454334107 0.9901020904619977 4.936043531631765 0.0 1.1229916900805337 
11.5 100.0 7.817486238219984 8.588990454334107 0.8022668064649491 4.392955960448219 0.0 0.9602199662431257 
12.0 100.0 8.035975275326669 9.29399008052491 1.2693443143543766 9.361209623709625 0.0 1.6149833135850316 
12.5 100.0 8.260365940217334 9.412564311849142 1.1613294680895305 9.367619880119879 0.0 1.597752186270027 
13.0 100.0 8.441776860566334 9.412564311849142 0.9707874512828081 7.3629618747265795 0.0 1.3368798132306463 
13.5 100.0 8.744612866064104 9.754103908045858 1.0139116769023893 8.446295208059912 0.0 1.5816796204370727 
14.0 100.0 8.918819565195726 9.574372183114443 0.845434972148595 8.561581779074036 0.0 1.5891648662921183 
14.5 100.0 9.09192601266982 9.611145664534984 0.6954483181936748 8.561581779074036 0.0 1.4003027251876177 
15.0 100.0 9.205365771010895 9.90866942491633 1.1698195269213076 12.53932178932179 0.0 1.4983825482503028 
15.5 100.0 9.3699872132941 9.623786715692288 0.7443166943565549 3.5833333333333344 0.0 0.6968181289021821 
16.0 100.0 9.500542783154238 10.733840916393548 1.447080928875047 8.807525807525806 0.0 1.653792531365216 
16.5 100.0 9.691888506058785 10.743840916393548 1.265305029937383 8.807525807525806 0.0 1.621763791239952 
17.0 100.0 10.04118046921259 10.675921724474355 0.9606838616749604 7.128288378288376 0.0 1.2713359964133635 
17.5 100.0 10.30863861400897 10.85280495605186 0.843457129686619 6.2010767010767 0.0 1.112534099158538 
18.0 100.0 10.504631847684479 10.856138289385195 0.6912204172676311 5.493821456321457 0.0 0.9370524425337634 
18.5 100.0 10.649172176636572 10.860653163400068 0.7058145535235318 5.484730547230549 0.0 0.9731082522553758 
19.0 100.0 10.906133334759495 9.479248157071687 1.6245004484679406 9.427078477078474 0.0 2.2104102191484265 
19.5 100.0 11.288621711578754 11.124575724928667 0.6582307532938335 9.13657731157731 0.0 1.2151059673599998 
20.0 100.0 11.367707298377578 11.074685115538058 0.7080640531638978 9.13657731157731 0.0 1.2312485690337016 
20.5 100.0 11.582235246736408 11.066390731817203 0.5886855109544741 8.106077926201763 0.0 0.8904298300399257 
21.0 100.0 11.363771781924646 9.619845448668977 1.9674592447885797 10.593312243312242 0.0 2.43987461039508 
21.5 100.0 11.355591853193246 9.660456559780089 1.937001538279402 10.593312243312242 0.0 2.3954922110717063 
22.0 100.0 11.27172808460889 9.016058061219827 2.4305378304186354 9.333814796314796 0.0 2.4269458095280103 
22.5 100.0 11.257395946159104 8.739462823124589 2.6751616526748103 14.844455544455544 0.0 2.5956424493494032 
23.0 100.0 11.237564839744019 8.77043035559212 2.513801150818565 14.844455544455544 0.0 2.5226001444766513 
23.5 100.0 10.809188364782791 8.704333840995606 2.1515211904538525 9.237443520531755 0.0 2.053928192044265 
24.0 100.0 10.517627335212087 9.69867550706947 1.7752182002294232 8.293796481296486 0.0 2.0865969941923352 
24.5 100.0 10.111186928826248 9.446668034150232 1.7111806491582036 10.431069339157576 0.0 2.0607022157769035 
25.0 100.0 9.99804561180993 9.474602952173386 1.5269339983631782 10.431069339157576 0.0 2.0289971812869987 
25.5 100.0 9.779845017469631 9.219351057009725 1.530035743410357 10.087886275231478 0.0 1.9957081468885092 
26.0 100.0 9.744521830981197 9.219351057009725 1.2935978105571764 10.003677591758088 0.0 1.7133823879917502 
26.5 100.0 10.118855095411984 9.2715720304807 0.9606255618736274 10.003677591758088 0.0 1.2453996912055558 
27.0 100.0 10.00803561346634 9.301000601909271 0.8383730684949727 4.90023618022844 0.0 0.8215631514531913 
27.5 100.0 10.064954130750571 9.564461684943883 0.8651982563360275 8.806973990062227 0.0 1.2144845476383763 
28.0 100.0 10.03842372884702 9.249523536920595 1.1329752835015148 10.000506846095082 0.0 1.7121081828569031 
28.5 100.0 10.048476410341651 9.311714734611794 1.2581999041680862 9.800500316676786 0.0 1.6731893810018812 
29.0 100.0 10.242751950762703 9.418682595182595 0.9670693555801071 9.800500316676786 0.0 1.3548156238066247 
29.5 100.0 10.164156583711453 8.655040903540904 1.5704490135038822 9.775310228986697 0.0 1.9135693165383785 
30.0 100.0 10.187444524129122 7.9157015762015766 2.3220762812608786 9.775310228986697 0.0 2.5553399774263728 
30.5 100.0 10.018302309017091 7.877915861915862 2.1700531137678967 9.743918010094484 0.0 2.351428838480412 
31.0 100.0 9.934821119583889 7.816699356199356 2.138788430051201 10.507395219159926 0.0 2.3880818774248933 
31.5 100.0 9.733198489848643 7.8650298035298025 1.8691686863188408 10.507395219159926 0.0 2.2522227802794315 
32.0 100.0 9.477757443193202 7.9063382173382175 1.571419225854984 8.633199969964677 0.0 2.0009930763795123 
32.5 100.0 8.975631841756455 8.43798738679621 1.0959667244520181 7.591505716505718 0.0 1.6126236254643134 
33.0 100.0 8.879200810068843 8.460654053462877 0.9947584168067913 7.591505716505718 0.0 1.5812209778246793 
33.5 100.0 8.756610835728786 8.427058815367639 0.7303710754890254 6.078299478299478 0.0 1.0649765702444807 
34.0 100.0 8.70976571069558 8.810442906766436 0.8133075247466822 6.828085803085803 0.0 1.4154328146037354 
34.5 100.0 8.66025268574996 8.88578201210554 0.7378639747877197 6.842071817071818 0.0 1.4140535108198575 
35.0 100.0 8.783987936996821 7.537300088800088 1.3258997474086314 9.095754245754243 0.0 1.6456799192094163 
35.5 100.0 9.041599546652177 7.4864080364080365 1.5817402392928708 8.975296925296924 0.0 2.036758273934843 
36.0 100.0 8.999987385292725 7.523074703074703 1.496794744600085 8.975296925296924 0.0 2.141413412705647 
36.5 100.0 8.923213186624176 7.999886926798691 1.3665735762345663 8.836613386613383 0.0 2.157903226720495 
37.0 100.0 8.873655747546227 7.845361813023578 1.4591619635524427 11.332410644910643 0.0 2.642583230885926 
37.5 100.0 8.839407828025088 8.108734107395872 1.2097986316658913 6.759228679816917 0.0 2.0458836177610706 
38.0 100.0 8.886874248257762 8.342043131704896 1.1899599762552548 11.332117882117883 0.0 2.1541324882638975 
38.5 100.0 8.868681358373308 8.629787467434527 1.0807147919160303 7.625481462981465 0.0 2.0981207892528184 
39.0 100.0 8.771524567838423 8.655480108127167 0.9016188833096724 7.634572372072373 0.0 1.7485092038582917 
39.5 100.0 8.652374493454602 8.673813441460501 0.6183371729319865 6.08370975429799 0.0 1.200334746329037 
40.0 100.0 8.80611281314145 8.697146774793834 0.35794689082846964 1.5 0.0 0.38835279112876736 
40.5 100.0 8.815941545296809 8.702146774793833 0.28011334082154504 1.5 0.0 0.33152146203014826 
41.0 100.0 8.79669937097646 8.702146774793833 0.24788942601945685 1.5 0.0 0.32492863327786353 
41.5 100.0 8.834085569916839 8.732875490522549 0.2167994344836451 2.078174603174599 0.0 0.3267924275337915 
42.0 100.0 8.90028258489017 8.771462739874504 0.2564323892481789 1.8333333333333335 0.0 0.3752553486953 
42.5 100.0 8.919049830114846 8.74386966628143 0.29048521000843025 1.8589688089688092 0.0 0.40305590731883645 
43.0 100.0 8.957162843477471 8.745536332948097 0.2896813364224359 1.8589688089688092 0.0 0.38375773497006604 
43.5 100.0 8.949429888266188 8.355644047129342 0.6271191744701807 8.568500943500945 0.0 1.1576720726319785 
44.0 100.0 8.906289003308354 8.17495709519239 0.7546652414492975 8.568500943500945 0.0 1.3805971793690122 
44.5 100.0 8.773102049610177 6.281341991341992 2.4950933916015186 11.147763755851992 0.0 2.6819450525036816 
45.0 100.0 8.625770056509053 6.310675324675325 2.3350947318337276 11.147763755851992 0.0 2.5705925126038394 
45.5 100.0 8.411378280225854 6.310675324675325 2.120702955550529 11.09768744327568 0.0 2.3626115470029205 
46.0 100.0 8.331982551052244 6.744734487734488 2.112973893043586 11.09768744327568 0.0 2.363774131145883 
46.5 100.0 7.931803873419771 6.766567821067821 1.680961882077779 8.139285714285714 0.0 1.999734453097138 
47.0 100.0 7.870016310049487 6.855567821067821 1.6368409853741626 8.139285714285714 0.0 1.8640299721264386 
47.5 100.0 7.823738363011108 6.835567821067821 1.313078189850935 6.2349567099567125 0.0 1.4548123462117786 
48.0 100.0 7.763775633680045 6.871678932178932 1.102242000646412 6.252813852813855 0.0 1.319078012978041 
48.5 100.0 7.797226857293034 7.791585858585859 1.0367608233269996 10.239682539682539 0.0 1.9534464622499368 
49.0 100.0 7.846271530756824 7.701055777555778 0.9326135775988714 10.239682539682539 0.0 1.723569719698158 
49.5 100.0 8.09421831191684 7.912531968031968 0.7573749885735178 6.367207792207795 0.0 0.9973470089474163 
50.0 100.0 8.110918668749552 7.782340714840715 0.7788494601803423 5.7326229326229345 0.0 0.9463767875504883 
#####################################################################
# End of data export. Simulation finished at: 2020-02-21T15:51+0000 #
#####################################################################
