#####################################################################
# Alchemist log file - simulation started at: 2020-02-22T02:21+0000 #
#####################################################################
# seed = 6.0, speed = 0, meanNeighbors = 10, nodeCount = 5000
#
# The columns have the following meaning: 
# time nodes org:protelis:armonicCentralityHLL[Mean] harmonicCentrality[Mean] msqer@harmonicCentrality[Mean] msqer@harmonicCentrality[Max] msqer@harmonicCentrality[Min] msqer@harmonicCentrality[StandardDeviation] 
0.0 5000.0 NaN NaN 0.0 0.0 0.0 0.0 
0.5 5000.0 3.4024873293241065 272.81441334303554 271.10092072398794 354.13119767926264 0.0 40.42623083532691 
1.0 5000.0 8.994585694860692 272.81441334303554 263.81982764817485 354.13119767926264 0.0 39.653794727319074 
1.5 5000.0 22.072818974848683 272.81441334303554 250.74159436818687 335.160466029591 0.0 37.647232831297536 
2.0 5000.0 37.202669273158904 272.81441334303554 235.61174406987664 318.1047087751946 0.0 34.094278452872956 
2.5 5000.0 52.97605588777469 272.81441334303554 219.83835745526085 302.7843298405526 0.0 30.429317390001984 
3.0 5000.0 69.32225949619452 272.81441334303554 203.49215384684103 287.6481415537698 0.0 26.055830392279933 
3.5 5000.0 85.88728649815953 272.81441334303554 186.927126844876 263.05594142253074 0.0 21.835223833927365 
4.0 5000.0 102.32422145215597 272.81441334303554 170.49019189087957 250.68549556608164 0.0 18.025625801339814 
4.5 5000.0 118.56124678858232 272.81441334303554 154.25316655445323 222.91670141417308 0.0 15.374993697683786 
5.0 5000.0 134.25537025607673 272.81441334303554 138.5590430869588 203.75547522092972 0.0 14.710609520487393 
5.5 5000.0 149.420745046152 272.81441334303554 123.39366829688353 169.92344676496205 0.0 15.578605982336928 
6.0 5000.0 163.82613029283596 272.81441334303554 108.98828305019958 162.6411708028809 0.0 17.859267049774687 
6.5 5000.0 177.4822593411062 272.81441334303554 95.33215400192934 145.53896805291325 0.0 19.972055084684104 
7.0 5000.0 190.16507061108214 272.81441334303554 82.64934273195341 137.57936111048707 0.0 22.12581608379008 
7.5 5000.0 202.00420787806115 272.81441334303554 70.8102054649744 127.88454268445537 0.0 23.292412247227077 
8.0 5000.0 212.70227600004358 272.81441334303554 60.112137342991964 120.11289858214147 0.0 24.03796201256569 
8.5 5000.0 222.48309937114342 272.81441334303554 50.33131397189213 116.56110123874099 0.0 23.724042171337906 
9.0 5000.0 231.11122394337016 272.81441334303554 41.70573457911298 108.05371050690944 0.0 23.03220794069404 
9.5 5000.0 238.83845552153326 272.81441334303554 33.98592100007204 105.04437861204408 0.0 21.47378561102095 
10.0 5000.0 245.4054525348789 272.81441334303554 27.454783540958847 94.7002366128945 0.0 19.733756778888374 
10.5 5000.0 251.24134809153426 272.81441334303554 21.684720230623782 92.19535147863567 0.0 17.414282164969975 
11.0 5000.0 256.08157717543673 272.81441334303554 16.963357643699837 79.77472168499536 0.0 15.147440097574108 
11.5 5000.0 260.3054259513269 272.81441334303554 12.899595729977436 77.76781667656445 0.0 12.56571208162619 
12.0 5000.0 263.6390659146028 272.81441334303554 9.749922677004692 64.38265699589286 0.0 10.322597439751153 
12.5 5000.0 266.4062984341448 272.81441334303554 7.182105820253895 62.82476096921437 0.0 8.02364299288158 
13.0 5000.0 268.45229443961904 272.81441334303554 5.353938166106508 48.93197654029085 0.0 6.2266275639256135 
13.5 5000.0 270.0679882222 272.81441334303554 3.9617969856526347 47.770646186115926 0.0 4.533200836453025 
14.0 5000.0 271.1602813234821 272.81441334303554 3.0837051699398694 33.229693696220295 0.0 3.3656173511606102 
14.5 5000.0 271.97824742280943 272.81441334303554 2.468407227923333 32.425620767284414 0.0 2.407698513822654 
15.0 5000.0 272.5457793454894 272.81441334303554 2.0804105935665267 19.353491050336316 0.0 1.801751626768221 
15.5 5000.0 272.98330689551995 272.81441334303554 1.8026858947090374 18.84435981693281 0.0 1.336990525428515 
16.0 5000.0 273.2798371346408 272.81441334303554 1.6475295393895177 9.607477995947221 0.0 1.134018008826835 
16.5 5000.0 273.50606222153124 272.81441334303554 1.5470994735615426 9.380680368321691 0.0 1.032388639290365 
17.0 5000.0 273.6602392051365 272.81441334303554 1.5039564745907448 5.866349862186098 0.0 1.0160579088624726 
17.5 5000.0 273.7829081892534 272.81441334303554 1.471057704562635 5.65941746016253 0.0 1.026975368481316 
18.0 5000.0 273.87391027393693 272.81441334303554 1.4574809807997668 4.066727373733386 0.0 1.0483156544485372 
18.5 5000.0 273.9435721541249 272.81441334303554 1.4523352249748138 4.066727373733386 0.0 1.0683160943359744 
19.0 5000.0 273.99003221000794 272.81441334303554 1.454706182176226 4.066727373733386 0.0 1.0842915666695463 
19.5 5000.0 274.0341468078912 272.81441334303554 1.452862098263085 4.066727373733386 0.0 1.0998107140855997 
20.0 5000.0 274.0703100284267 272.81441334303554 1.451714132611916 4.066727373733386 0.0 1.1138149242241224 
20.5 5000.0 274.0997135955378 272.81441334303554 1.4557954608352282 4.066727373733386 0.0 1.1199562198221413 
21.0 5000.0 274.1234712872303 272.81441334303554 1.4600247319257054 4.066727373733386 0.0 1.12585288503531 
21.5 5000.0 274.14213679026 272.81441334303554 1.463051490211101 4.066727373733386 0.0 1.1316443806194074 
22.0 5000.0 274.1552974807763 272.81441334303554 1.4693335818047577 4.066727373733386 0.0 1.1314779840569926 
22.5 5000.0 274.16703608098794 272.81441334303554 1.4750831786622611 4.066727373733386 0.0 1.1293709818499864 
23.0 5000.0 274.1764221916602 272.81441334303554 1.4779731506701712 4.066727373733386 0.0 1.1289106117054675 
23.5 5000.0 274.18489771731805 272.81441334303554 1.479077063945364 4.066727373733386 0.0 1.1296592787636575 
24.0 5000.0 274.19339609399844 272.81441334303554 1.4803987961444747 4.066727373733386 0.0 1.129904107708831 
24.5 5000.0 274.19910868244284 272.81441334303554 1.4812668738624164 4.066727373733386 0.0 1.1298792118349534 
25.0 5000.0 274.2027177840877 272.81441334303554 1.4828412625869167 4.066727373733386 0.0 1.1287961890438554 
25.5 5000.0 274.20599597736805 272.81441334303554 1.484555470676287 4.066727373733386 0.0 1.127279846321624 
26.0 5000.0 274.20799527317115 272.81441334303554 1.485887944132945 4.066727373733386 0.0 1.1262709616246425 
26.5 5000.0 274.20977638117336 272.81441334303554 1.4871455430421658 4.066727373733386 0.0 1.1253323405936047 
27.0 5000.0 274.21105652770035 272.81441334303554 1.4876691764419485 4.066727373733386 0.0 1.1251540601899799 
27.5 5000.0 274.21179566506527 272.81441334303554 1.4877586269102663 4.066727373733386 0.0 1.1253085188741072 
28.0 5000.0 274.21246205141506 272.81441334303554 1.4878864534574725 4.066727373733386 0.0 1.1253393710669715 
28.5 5000.0 274.2130921028803 272.81441334303554 1.4878834777208185 4.066727373733386 0.0 1.1254429098745236 
29.0 5000.0 274.21343519866844 272.81441334303554 1.488043918679483 4.066727373733386 0.0 1.1253312598040062 
29.5 5000.0 274.21365698416434 272.81441334303554 1.488254128683336 4.066727373733386 0.0 1.1250976606694367 
30.0 5000.0 274.2137318330023 272.81441334303554 1.4883289775213309 4.066727373733386 0.0 1.1250078057240687 
30.5 5000.0 274.21373383313033 272.81441334303554 1.4883309776493392 4.066727373733386 0.0 1.1250057241324565 
31.0 5000.0 274.2137343291621 272.81441334303554 1.4883314736810849 4.066727373733386 0.0 1.125005201516791 
31.5 5000.0 274.2137343291621 272.81441334303554 1.4883314736810849 4.066727373733386 0.0 1.125005201516791 
32.0 5000.0 274.2137343291621 272.81441334303554 1.4883314736810849 4.066727373733386 0.0 1.125005201516791 
32.5 5000.0 274.2137343291621 272.81441334303554 1.4883314736810849 4.066727373733386 0.0 1.125005201516791 
33.0 5000.0 274.2137343291621 272.81441334303554 1.4883314736810849 4.066727373733386 0.0 1.125005201516791 
33.5 5000.0 274.2137343291621 272.81441334303554 1.4883314736810849 4.066727373733386 0.0 1.125005201516791 
34.0 5000.0 274.2137343291621 272.81441334303554 1.4883314736810849 4.066727373733386 0.0 1.125005201516791 
34.5 5000.0 274.2137343291621 272.81441334303554 1.4883314736810849 4.066727373733386 0.0 1.125005201516791 
#####################################################################
# End of data export. Simulation finished at: 2020-02-22T03:23+0000 #
#####################################################################
