#####################################################################
# Alchemist log file - simulation started at: 2020-02-20T18:42+0000 #
#####################################################################
# seed = 11.0, speed = 0, meanNeighbors = 3, nodeCount = 200
#
# The columns have the following meaning: 
# time nodes org:protelis:armonicCentralityHLL[Mean] harmonicCentrality[Mean] msqer@harmonicCentrality[Mean] msqer@harmonicCentrality[Max] msqer@harmonicCentrality[Min] msqer@harmonicCentrality[StandardDeviation] 
0.0 200.0 NaN NaN 0.0 0.0 0.0 0.0 
0.5 200.0 0.7952380952380952 11.348473145946876 10.930973145946876 22.249100327776798 0.0 7.005472286733456 
1.0 200.0 1.8557499999999998 11.348473145946876 9.492723145946876 22.249100327776798 0.0 6.582995871127671 
1.5 200.0 3.779 11.348473145946876 7.569473145946875 19.305681611989662 0.0 5.9053805179142875 
2.0 200.0 5.181238095238095 11.348473145946876 6.16723505070878 16.803478874067103 0.0 5.060941814341517 
2.5 200.0 5.952702380952381 11.348473145946876 5.395770764994494 13.889563150128172 0.0 4.556880660167946 
3.0 200.0 6.588746031746032 11.348473145946876 4.759727114200844 13.053478874067103 0.0 4.058646756107657 
3.5 200.0 7.061478174603175 11.348473145946876 4.2869949713437006 9.928358582422048 0.0 3.6373441973014353 
4.0 200.0 7.527575757575757 11.348473145946876 3.8208973883711184 8.803478874067103 0.0 3.2646982585959035 
4.5 200.0 7.946613206238206 11.348473145946876 3.4018599397086695 7.822367003731007 0.0 2.9056144654076848 
5.0 200.0 8.347729575979576 11.348473145946876 3.0007435699673 7.312254468098123 0.0 2.587271852304157 
5.5 200.0 8.741211219336218 11.348473145946876 2.6072619266106565 6.59554903754693 0.0 2.287646129128478 
6.0 200.0 9.083864815739815 11.348473145946876 2.2646083302070603 5.9195911342886065 0.0 2.0284914577594235 
6.5 200.0 9.388729858785005 11.348473145946876 1.9597432871618699 5.512772952470424 0.0 1.8282377720246215 
7.0 200.0 9.663728733276526 11.348473145946876 1.6847444126703486 5.512772952470424 0.0 1.6163537153236227 
7.5 200.0 9.900705164911628 11.348473145946876 1.447767981035248 4.453359071444895 0.0 1.4741264871274158 
8.0 200.0 10.141099974049858 11.348473145946876 1.207373171897018 4.380405320102792 0.0 1.2937738121614917 
8.5 200.0 10.32669350549691 11.348473145946876 1.0217796404499646 3.9044595714574646 0.0 1.171175790358012 
9.0 200.0 10.519932582854022 11.348473145946876 0.8285405630928533 3.670715639959731 0.0 1.0328839868993154 
9.5 200.0 10.665254323386339 11.348473145946876 0.683218822560536 3.490956407954301 0.0 0.934057233382514 
10.0 200.0 10.8035836154367 11.348473145946876 0.5448895305101747 3.246173515417608 0.0 0.8182225346597092 
10.5 200.0 10.908174971074265 11.348473145946876 0.44029817487261014 3.09452783652573 0.0 0.7424148401662141 
11.0 200.0 11.003389522612451 11.348473145946876 0.34508362333442505 2.787840182084274 0.0 0.6217627281477575 
11.5 200.0 11.064592211025664 11.348473145946876 0.2838809349212119 2.664380777702201 0.0 0.5672234891797289 
12.0 200.0 11.150994946152775 11.348473145946876 0.19747819979410117 2.15636873385586 0.0 0.44947481068005113 
12.5 200.0 11.190370851202072 11.348473145946876 0.15810229474480372 2.0672531547231827 0.0 0.3960436194164304 
13.0 200.0 11.234925505919872 11.348473145946876 0.11354764002700403 1.5517587239826902 0.0 0.3222833026797056 
13.5 200.0 11.256874334260921 11.348473145946876 0.091598811685955 1.4917343181059497 0.0 0.28317221538762233 
14.0 200.0 11.281750317471724 11.348473145946876 0.0667228284751518 1.363447035671003 0.0 0.22482512861481352 
14.5 200.0 11.293861528764456 11.348473145946876 0.05461161718241874 1.3118924208727485 0.0 0.1988217761996046 
15.0 200.0 11.315538082505292 11.348473145946876 0.03293506344158467 1.0587698288198837 0.0 0.12895886482609484 
15.5 200.0 11.32281793247652 11.348473145946876 0.02565521347035536 1.0199358991336176 0.0 0.10482300804488053 
16.0 200.0 11.335090591522455 11.348473145946876 0.013382554424420405 0.4546815097315662 0.0 0.05535775106551605 
16.5 200.0 11.33887045833508 11.348473145946876 0.009602687611794962 0.43926434846206774 0.0 0.043441566473520016 
17.0 200.0 11.342703160116058 11.348473145946876 0.005769985830817337 0.16459028550240973 0.0 0.02631892648233984 
17.5 200.0 11.343910877685845 11.348473145946876 0.004562268261030807 0.1593413978494631 0.0 0.023453536389972968 
18.0 200.0 11.346380404011391 11.348473145946876 0.0020927419354838865 0.13010752688172111 0.0 0.013674249961066608 
18.5 200.0 11.347036317989886 11.348473145946876 0.001436827956989262 0.1260080645161299 0.0 0.010192755136583537 
19.0 200.0 11.348155605624294 11.348473145946876 3.1754032258065E-4 0.03225806451612989 0.0 0.003167817801466145 
19.5 200.0 11.348316895946876 11.348473145946876 1.562499999999999E-4 0.03125 0.0 0.002209708691207969 
20.0 200.0 11.348473145946876 11.348473145946876 0.0 0.0 0.0 0.0 
20.5 200.0 11.348473145946876 11.348473145946876 0.0 0.0 0.0 0.0 
21.0 200.0 11.348473145946876 11.348473145946876 0.0 0.0 0.0 0.0 
21.5 200.0 11.348473145946876 11.348473145946876 0.0 0.0 0.0 0.0 
22.0 200.0 11.348473145946876 11.348473145946876 0.0 0.0 0.0 0.0 
22.5 200.0 11.348473145946876 11.348473145946876 0.0 0.0 0.0 0.0 
#####################################################################
# End of data export. Simulation finished at: 2020-02-20T18:42+0000 #
#####################################################################
