#####################################################################
# Alchemist log file - simulation started at: 2020-02-20T03:42+0000 #
#####################################################################
# seed = 5.0, speed = 2, meanNeighbors = 5, nodeCount = 200
#
# The columns have the following meaning: 
# time nodes org:protelis:armonicCentralityHLL[Mean] harmonicCentrality[Mean] msqer@harmonicCentrality[Mean] msqer@harmonicCentrality[Max] msqer@harmonicCentrality[Min] msqer@harmonicCentrality[StandardDeviation] 
0.0 200.0 NaN NaN 0.0 0.0 0.0 0.0 
0.5 200.0 1.335 27.686397039903287 27.018897039903287 38.81177310391707 0.0 6.158198024153522 
1.0 200.0 3.321666666666667 26.371042289792975 23.049375623126306 37.57989138484494 0.0 7.005172154015677 
1.5 200.0 7.398071428571429 25.626864687088425 18.265459925183663 33.613336762137074 0.0 5.946245752455724 
2.0 200.0 11.09619715007215 24.656780499309868 13.634750015904384 23.519273609946985 0.0 4.3135793251028245 
2.5 200.0 13.789117784992785 25.10135102014025 11.369399901814132 20.283957537130913 0.0 3.941769163542064 
3.0 200.0 16.01166002053502 21.233843177824703 5.545261949386445 14.534768679892522 0.0 3.4785484320378943 
3.5 200.0 17.62028262015762 20.242239489851276 3.161175955767399 11.254906204906206 0.0 2.426626530657554 
4.0 200.0 18.81265757853258 19.97712196051062 2.18333489132317 12.211507936507935 0.0 2.1774553659639166 
4.5 200.0 19.78004488485371 21.21464148818009 2.3407003167783897 12.350396825396825 0.0 2.0995227137012824 
5.0 200.0 20.507184926184927 19.826277129977186 3.665355935883961 13.504037629037631 0.0 3.039697193500167 
5.5 200.0 21.000463533628395 19.370936163041783 3.949679944643307 14.380230880230883 0.0 3.148761093713935 
6.0 200.0 21.51484468391086 20.952974651810177 4.701238042659095 14.089702944114707 0.0 3.6518285939819357 
6.5 200.0 22.160568624250708 20.889675218572275 4.131618582806082 12.829085212173444 0.0 3.3762139084758274 
7.0 200.0 22.375118689489046 20.72406237256895 3.7543271567613656 12.89892648201472 0.0 3.129649134506144 
7.5 200.0 22.676442494417607 20.44185121669285 3.625911590680822 10.76988607797431 0.0 2.8523230719426156 
8.0 200.0 23.1884696420122 20.07995075023016 3.787912852869115 15.315740279672166 0.0 3.0578643500362914 
8.5 200.0 23.537459487153452 20.544204018118105 3.607359336787822 15.315740279672166 0.0 2.9425945999987646 
9.0 200.0 23.64911868275275 20.661126715733527 3.4349976007473804 15.098634183154306 0.0 2.7005338045723315 
9.5 200.0 23.904468957931126 21.208789815008803 4.75260715641434 17.463120049884754 0.0 3.674825440912825 
10.0 200.0 24.39986031028132 17.34077247099306 8.0516464331282 18.840001909854852 0.0 4.1725099151858736 
10.5 200.0 25.03509988294038 19.29371931843526 6.702405621764155 15.481576962768916 0.0 3.803324092107894 
11.0 200.0 25.373775320673815 19.289066679622408 6.5144082622973345 13.146469015160967 0.0 3.6376088379930116 
11.5 200.0 25.221302283870926 19.269586721841822 6.686541491024506 16.904162081879473 0.0 3.5365304455685664 
12.0 200.0 25.078596695218977 19.081253117838326 6.790166306656283 13.637565894269356 0.0 3.463739008243105 
12.5 200.0 25.068105404958583 18.385555514543114 7.461272224968338 13.937504844208304 0.0 3.527838608651655 
13.0 200.0 24.87543140878474 18.652280956816327 7.383656325220138 15.686454579991729 0.0 3.5050854332573382 
13.5 200.0 24.87463873836924 18.43525026398199 7.5116487587212255 14.63812519180167 0.0 3.2538857816025586 
14.0 200.0 24.880738274115767 15.986672504482101 9.407162877290371 22.92128585619971 0.0 4.5378033597313445 
14.5 200.0 24.714936904431884 15.925568818436465 8.873262941140275 21.045423998945665 0.0 5.366913165662731 
15.0 200.0 24.495113492337296 18.510832149451183 6.2840819258664204 20.58143798495965 0.0 4.40625220532012 
15.5 200.0 24.22804983013203 16.011759004067827 8.511481940505314 23.492314916130365 0.0 4.794801828555519 
16.0 200.0 24.22245091812997 15.97226635782518 8.461348993094221 23.492314916130365 0.0 4.719693519904952 
16.5 200.0 24.101689883906307 15.675375370544488 8.551357786265386 19.05476893617592 0.0 4.4571799098481275 
17.0 200.0 24.049636510514905 18.621233899657273 5.533172513084523 14.06839865781009 0.0 3.721238139201933 
17.5 200.0 24.12767348179129 15.137452758971333 9.028750816092698 22.128442562993307 0.0 4.212987717944489 
18.0 200.0 24.055614696737205 16.424577063777917 7.6641769832891535 18.64553522825868 0.0 4.4629486098267925 
18.5 200.0 23.826706333497818 17.67397981318647 6.249715630924127 15.23322448641132 0.0 4.097665045051577 
19.0 200.0 23.885349320309274 22.428016589635096 3.193630503006102 15.23322448641132 0.0 3.2322944416363155 
19.5 200.0 23.653137652325064 24.073732691557158 2.6203048367367585 21.005150009002477 0.0 2.902771625648638 
20.0 200.0 23.733250584506127 23.003825768037736 2.5898888499092725 19.567895862681606 0.0 2.791281184418745 
20.5 200.0 23.9297510682058 23.472289421638262 2.270449871071875 19.567895862681606 0.0 2.791550514082992 
21.0 200.0 24.23571937611168 24.67743071118225 1.675516686177739 8.403136017014404 0.0 1.6397477556565632 
21.5 200.0 24.494128343795303 24.75415887488762 1.39181681847719 18.051133438285138 0.0 1.9533981745342255 
22.0 200.0 24.3463860790823 25.072830174185917 1.3952216496020358 18.096899046086353 0.0 2.373616273141667 
22.5 200.0 24.551709468638176 22.69352893202242 2.790243648407943 18.717936376489007 0.0 3.443766239125631 
23.0 200.0 24.8248374686782 21.031633879330414 4.271630003593876 18.24412685267948 0.0 3.612756222177618 
23.5 200.0 24.979051265001104 20.54508082493864 4.704134858831245 24.543839326308365 0.0 3.984584538544749 
24.0 200.0 25.016003938357294 20.664899686723516 4.7395505447965665 24.543839326308365 0.0 4.198599053816014 
24.5 200.0 24.69913141012797 20.79518837136301 4.123620984292345 25.497898547325455 0.0 3.849305724081317 
25.0 200.0 24.231702664242135 22.365045820313913 2.4721201056868107 10.965535110092766 0.0 2.3468381315502675 
25.5 200.0 23.895420100755196 22.5246669647084 2.3457582774015093 10.759675195020804 0.0 2.2425778760288306 
26.0 200.0 23.679321078940585 22.601112482815566 2.160414362013876 11.843577399589991 0.0 2.270272200555686 
26.5 200.0 23.41067266054386 23.109246853371125 1.8434873837579073 12.243658080638498 0.0 2.2801823030023405 
27.0 200.0 23.408419225983916 23.275548480409377 1.7748502883109845 10.113607484855976 0.0 2.2116277581261556 
27.5 200.0 23.562790890977748 23.714628685044957 1.6655968777933148 14.008019155642323 0.0 2.3398674214088073 
28.0 200.0 23.968906380046846 23.777227366136454 1.472222238541871 14.106975183274823 0.0 1.890091042965717 
28.5 200.0 24.31825888340996 18.214478647339785 6.2141497029447414 22.5398637310402 0.0 4.453376996743502 
29.0 200.0 24.556957601420258 23.627156163993305 1.6226155865322893 15.470788863133322 0.0 1.7698816580894123 
29.5 200.0 24.71476774241309 24.568976672978 1.892333048272941 21.216411503872806 0.0 2.8488560829554346 
30.0 200.0 24.75144755834834 22.03502872728128 3.2928451902069464 18.73519167880623 0.0 3.7070349690117976 
30.5 200.0 25.04014030036369 22.62440429532871 3.150635857041968 20.532647598359674 0.0 3.8629399204252546 
31.0 200.0 25.15019164713459 21.999346305191363 3.664001586672937 20.44783597465486 0.0 4.031914990640837 
31.5 200.0 25.207022167180973 22.17612384819913 3.5282371965906774 23.359271056600782 0.0 4.146957670434158 
32.0 200.0 25.231754486465388 21.837066228825194 3.637805147893748 23.39905549816541 0.0 3.992432230703194 
32.5 200.0 25.12883703783498 23.73079399154176 1.5804673548790344 16.232240630512607 0.0 1.9076756834781852 
33.0 200.0 24.790226874437863 24.161463471258635 1.351423977678751 24.229208897397754 0.0 2.306622533128788 
33.5 200.0 24.648688458736626 24.96452955013898 1.683969189633672 24.229208897397754 0.0 2.9561691568596307 
34.0 200.0 24.6198514741067 24.82082914779423 1.4798359700175805 15.461325067709847 0.0 2.15726491676085 
34.5 200.0 24.60335780603587 24.95815807669094 1.4923333896383206 16.41022563834315 0.0 2.4910116712734744 
35.0 200.0 24.577076713532293 23.991712453514126 1.853837720347289 15.66829535027316 0.0 2.314567000375664 
35.5 200.0 24.68535351562303 21.716787479768364 3.437720222469624 20.111976016012648 0.0 3.6697745279003615 
36.0 200.0 24.794562558344044 23.363665482086677 2.1456875601703373 25.08602703625924 0.0 2.942926034178956 
36.5 200.0 24.70912877435964 23.93201783236862 1.8094826906528125 25.26537597679238 0.0 2.2042465460052654 
37.0 200.0 24.702637127553505 23.142837155426903 2.554694180385102 19.658387449709966 0.0 3.6212410547334453 
37.5 200.0 24.54173408455221 23.509731685729236 2.1731789259550656 18.343241167157572 0.0 3.491754425065216 
38.0 200.0 24.614221283623774 23.427894039613218 2.0541585980353245 16.83618591521001 0.0 3.3508360645733712 
38.5 200.0 24.769069550795997 20.509901748622298 4.5045521485147635 26.145881526454282 0.0 4.132188661125446 
39.0 200.0 24.364111805025246 19.889224516053936 4.6855092444412705 23.312840443234847 0.0 4.1893104031623265 
39.5 200.0 24.30912781923259 19.80395670826459 5.051187936160574 24.842926517926518 0.0 4.615751722471056 
40.0 200.0 24.410090705961913 19.205008425741784 5.333597280949047 20.088120499249182 0.0 4.350608174173738 
40.5 200.0 24.159725388427155 21.781705530563723 3.530862782592735 28.110951630069277 0.0 4.3992340466457875 
41.0 200.0 23.81551081224506 20.469084375658966 4.283991373691533 19.46253637237114 0.0 4.014815859424636 
41.5 200.0 23.705268225404563 20.798303007169913 3.7786029787172866 19.46253637237114 0.0 3.7591507185626063 
42.0 200.0 23.803599016587007 21.747748583975362 3.416017521290026 16.613414277314195 0.0 3.263938911959369 
42.5 200.0 23.849558983717912 21.03132676129639 3.6697059193922996 23.01461381628497 0.0 3.619423733885574 
43.0 200.0 24.196677680161052 21.475925268960484 3.3767833801416036 20.938953940870753 0.0 3.3243591500501846 
43.5 200.0 24.187759796263652 19.886951144443792 4.693686147368135 21.77808060962086 0.0 4.538050510774184 
44.0 200.0 24.398739293159554 19.451143694626666 5.225818051738576 19.6606155411496 0.0 4.3406705413999696 
44.5 200.0 24.351865342786976 18.408323536671446 6.157774352903607 23.266786888310985 0.0 4.292178845902072 
45.0 200.0 24.225168981569972 18.609333246346015 6.035598799773784 24.56197177006 0.0 4.190117745473774 
45.5 200.0 23.84889725283929 18.676427839918937 6.0371901773210705 23.909021536673638 0.0 4.280838396031735 
46.0 200.0 23.342645289943544 18.750269081666527 5.260753545894677 18.11852138229847 0.0 3.729062165118483 
46.5 200.0 23.099502732970226 19.0304352216355 5.505093764015205 18.744644850333707 0.0 3.861054654122922 
47.0 200.0 22.826334356389726 19.012863020577118 6.492770941824533 19.941784468243032 0.0 4.074237448533959 
47.5 200.0 23.109045698845897 15.118106582272217 9.347191378759378 17.903496666180946 0.0 3.594659254603823 
48.0 200.0 23.313510016457805 16.10931830523278 8.797640410221184 20.351395750605263 0.0 4.742517374094624 
48.5 200.0 23.461577244595098 15.37874116049742 9.056619755816259 18.064632513842025 0.0 4.3913447166965645 
49.0 200.0 23.199188771318596 16.081258095026755 8.449761242917601 18.064632513842025 0.0 4.340632473294101 
49.5 200.0 22.997064165692166 16.268200797409573 8.285536999120971 17.022793190330212 0.0 4.097621141311966 
50.0 200.0 23.152869118063222 17.89999743133895 7.169614665367536 16.171456566309505 0.0 3.200854053662683 
#####################################################################
# End of data export. Simulation finished at: 2020-02-20T03:43+0000 #
#####################################################################
